0.12378,0.13644,0.3098,0.16163,0.17479,0.061904,0.0066994,0.024952,0.32267,0.15274,0.24373,0.1104,0.10936,0.029824,0.023206,0.0080614
0.08661,0.18693,0.31245,0.24388,0.11338,0.030412,0.0032082,0.023137,0.26082,0.24274,0.24016,0.12358,0.083147,0.016451,0.016169,0.01693
0.072648,0.15721,0.33878,0.26113,0.11125,0.040396,0.0022346,0.016356,0.20416,0.26197,0.26098,0.17573,0.068844,0.0087122,0.016084,0.0035242
0.065758,0.13137,0.33726,0.30124,0.12026,0.028987,1.0858e-007,0.01513,0.2571,0.2718,0.26626,0.13789,0.038318,0.017958,0.0061555,0.0045245
0.085553,0.1427,0.34171,0.26595,0.10808,0.041226,6.5669e-005,0.01471,0.26314,0.21967,0.25126,0.15987,0.064354,0.010995,0.0077032,0.023002
0.080242,0.14415,0.30109,0.28308,0.11611,0.040518,0.00011235,0.034706,0.21433,0.31461,0.23867,0.14883,0.06312,0.0031316,0.0040427,0.013262
0.083392,0.19498,0.30701,0.23761,0.12911,0.034049,0.0010067,0.012852,0.1855,0.3085,0.20685,0.15488,0.089294,0.031472,0.0057167,0.017786
0.070506,0.15979,0.33322,0.28528,0.080533,0.048058,0.002216,0.020388,0.19005,0.32369,0.25402,0.12342,0.062639,0.030607,0.0060656,0.0095148
0.080278,0.17815,0.33567,0.23636,0.096935,0.062733,2.8337e-006,0.0098776,0.24773,0.26632,0.2643,0.12108,0.053223,0.025557,0.0089981,0.012805
0.086128,0.15286,0.30341,0.2713,0.12436,0.048519,0.0020759,0.011351,0.24536,0.28383,0.25911,0.10378,0.062486,0.042653,0.0023235,0.00045737
0.047663,0.19829,0.31435,0.2764,0.10216,0.053225,0.0012189,0.0066896,0.22603,0.28264,0.22606,0.15206,0.070219,0.038561,0.0015783,0.0028539
0.057983,0.17452,0.32249,0.29428,0.082561,0.045716,2.1365e-005,0.022424,0.20602,0.35009,0.21713,0.094685,0.064618,0.06098,0.0041247,0.0023461
0.04258,0.15927,0.32249,0.33116,0.10608,0.025314,0.00042173,0.012688,0.17682,0.34988,0.26546,0.08067,0.073788,0.050677,0.0011304,0.0015751
0.047578,0.16554,0.3613,0.2557,0.097078,0.052114,0.0048404,0.01584,0.19655,0.32389,0.25529,0.13612,0.045585,0.034018,0.0010935,0.0074489
0.066949,0.17794,0.33286,0.26236,0.09973,0.043503,0.00078229,0.015879,0.23021,0.30825,0.26443,0.12322,0.021109,0.039151,0.0053946,0.0082318
0.086873,0.1453,0.28016,0.3245,0.092697,0.038794,1.5464e-005,0.03165,0.24745,0.25837,0.26853,0.11779,0.05392,0.041821,0.0024015,0.0097086
0.055278,0.16214,0.29305,0.31045,0.12085,0.047812,0.00093328,0.0094971,0.22578,0.27871,0.29137,0.13402,0.046976,0.019216,0.00015133,0.0037872
0.0857,0.15926,0.29789,0.25693,0.14248,0.042672,0.0015947,0.013464,0.24477,0.29712,0.23038,0.11071,0.093037,0.017652,0.004222,0.0021128
0.073599,0.18201,0.27971,0.28774,0.10325,0.053433,0.0021236,0.018135,0.25043,0.26595,0.24169,0.13466,0.06673,0.030501,0.0028594,0.0071886
0.080069,0.16379,0.258,0.27398,0.15515,0.04404,0.0074291,0.017541,0.2594,0.285,0.25509,0.11445,0.052097,0.019143,0.0076682,0.0071421
0.093361,0.12138,0.31501,0.3101,0.078481,0.065024,0.0037443,0.012899,0.21029,0.29652,0.24597,0.15263,0.054342,0.036747,0.0013038,0.0022012
0.10712,0.15358,0.28976,0.26532,0.12545,0.050286,0.0015908,0.0068962,0.22148,0.31348,0.24319,0.13156,0.041123,0.041663,0.0042603,0.0032433
0.091464,0.16496,0.29639,0.27993,0.112,0.045063,0.00039435,0.0098078,0.2587,0.27672,0.17545,0.16561,0.075384,0.039527,0.0043558,0.0042642
0.085283,0.15938,0.29087,0.31837,0.10719,0.031,0.0022907,0.0056083,0.19328,0.30388,0.24821,0.10673,0.1009,0.018252,0.013612,0.015129
0.075766,0.16574,0.22562,0.31491,0.154,0.037467,1.5419e-005,0.026491,0.21476,0.31568,0.21312,0.12684,0.092125,0.025905,0.0047609,0.0068126
0.060579,0.15602,0.26428,0.31312,0.15503,0.031421,0.00089337,0.018651,0.21236,0.29665,0.22824,0.14627,0.080188,0.026546,0.0039822,0.0057614
0.071995,0.16185,0.27724,0.3022,0.1209,0.049385,0.00016089,0.01627,0.20247,0.2628,0.22779,0.14009,0.13325,0.02517,0.005866,0.0025664
0.05388,0.15554,0.28332,0.27521,0.15438,0.060694,0.0027232,0.014253,0.23468,0.27162,0.23071,0.13093,0.086978,0.02928,0.0034007,0.012403
0.068766,0.14583,0.29804,0.26594,0.1397,0.054718,0.0031087,0.023892,0.18441,0.30849,0.22104,0.13187,0.11139,0.025404,0.0077478,0.0096477
0.072833,0.12329,0.2733,0.32119,0.12154,0.076233,0.0015092,0.010108,0.12921,0.34061,0.29677,0.099449,0.080991,0.034751,0.015346,0.0028718
0.0416,0.17779,0.31372,0.25381,0.12197,0.06503,0.0001644,0.025915,0.15284,0.34988,0.24417,0.11365,0.097936,0.03041,0.0075695,0.0035425
0.071916,0.15986,0.3101,0.27126,0.10679,0.053755,0.00074482,0.025578,0.24198,0.28255,0.27782,0.088675,0.062316,0.041623,0.00050689,0.0045337
0.057536,0.15766,0.29222,0.29397,0.11314,0.061229,0.0028614,0.02139,0.22429,0.30622,0.24286,0.12757,0.059658,0.032874,0.00013534,0.006395
0.063502,0.18303,0.326,0.25721,0.10308,0.041486,0.0063648,0.019333,0.22061,0.27997,0.27484,0.13847,0.05953,0.026041,1.6271e-006,0.00053874
0.078287,0.18892,0.30237,0.22938,0.09942,0.075618,0.0046073,0.021392,0.22845,0.28721,0.25141,0.12506,0.061706,0.036033,0.0013629,0.0087597
0.041912,0.18088,0.29073,0.27575,0.083474,0.10561,0.00099275,0.020658,0.26001,0.27236,0.22924,0.11275,0.056156,0.057569,0.00032369,0.011584
0.075297,0.16058,0.28779,0.28328,0.094154,0.077037,0.0051762,0.016681,0.26601,0.29297,0.2064,0.13212,0.051837,0.039475,0.0015687,0.0096154
0.10788,0.16149,0.27105,0.27922,0.10079,0.064688,0.00093914,0.013947,0.25097,0.33123,0.20383,0.1254,0.058332,0.023839,8.0784e-007,0.0064019
0.090625,0.1395,0.25568,0.30359,0.11178,0.088773,0.0043881,0.0056637,0.30022,0.30176,0.24352,0.094034,0.038138,0.019401,0.0011469,0.0017884
0.089049,0.17266,0.23922,0.30137,0.10073,0.081634,0.0022877,0.013048,0.26202,0.26806,0.24566,0.12523,0.064538,0.023618,0.007519,0.0033533
0.055069,0.16877,0.31112,0.24229,0.13172,0.059983,0.0021704,0.028877,0.23172,0.29608,0.27301,0.12272,0.058726,0.010523,1.1712e-006,0.0072205
0.050552,0.14244,0.33493,0.24234,0.13471,0.075603,0.00039265,0.019026,0.2474,0.27685,0.25146,0.12899,0.072676,0.018089,4.7916e-005,0.0044963
0.10018,0.13596,0.3105,0.22125,0.13216,0.06881,0.0046198,0.026518,0.19932,0.27044,0.30439,0.10295,0.095361,0.020832,3.5131e-006,0.0067017
0.07377,0.15115,0.31356,0.28264,0.10926,0.05816,0.00090903,0.010548,0.22774,0.3206,0.28249,0.076263,0.066282,0.026193,0.00014765,0.00028408
0.075831,0.14525,0.32878,0.28922,0.093538,0.053922,0.00022778,0.013229,0.31811,0.25921,0.24981,0.073873,0.078474,0.018423,0.00031703,0.0017862
0.070617,0.1469,0.33642,0.24916,0.11603,0.056663,0.0062697,0.017939,0.25757,0.27015,0.28629,0.073195,0.084713,0.018689,3.9066e-006,0.0093931
0.051517,0.14559,0.29939,0.28249,0.11904,0.066381,0.0022102,0.03338,0.20774,0.30121,0.2741,0.09042,0.084559,0.034138,3.8318e-005,0.0077995
0.072552,0.16385,0.27631,0.25941,0.11265,0.081397,0.0091568,0.024676,0.23118,0.32251,0.21717,0.12013,0.093011,0.014003,0.0010917,0.00090433
0.069864,0.1845,0.27406,0.26691,0.094807,0.072358,0.00448,0.033016,0.24135,0.27975,0.28063,0.11682,0.072268,0.0069066,5.324e-007,0.002285
0.073126,0.173,0.28793,0.30054,0.064637,0.060593,0.0036968,0.036476,0.21591,0.33725,0.23729,0.0864,0.090719,0.021177,0.0046658,0.0065923
0.056413,0.1753,0.30883,0.30312,0.069073,0.053649,0.005088,0.028515,0.21749,0.35329,0.24261,0.071888,0.091801,0.017979,1.4333e-005,0.0049241
0.072263,0.12502,0.36966,0.3057,0.056887,0.046276,0.0013991,0.022799,0.20617,0.3128,0.20952,0.16468,0.078771,0.021711,0.0009701,0.0053882
0.051149,0.17668,0.31984,0.2787,0.09809,0.051641,0.0049269,0.018973,0.27078,0.29632,0.21888,0.12,0.07391,0.013273,0.0010111,0.0058264
0.068456,0.14205,0.31407,0.28557,0.10957,0.053787,0.0074309,0.019071,0.22312,0.26494,0.19209,0.16248,0.13133,0.018615,0.0052056,0.0022076
0.081526,0.14247,0.32782,0.26359,0.10114,0.067196,0.0020274,0.014229,0.19438,0.31177,0.22165,0.14465,0.10178,0.013243,0.0069806,0.005551
0.064225,0.14212,0.30774,0.29861,0.11235,0.052685,0.00060964,0.021667,0.19531,0.28991,0.25282,0.13059,0.10045,0.011441,0.00014186,0.019346
0.095221,0.16099,0.25469,0.30146,0.13,0.038166,0.0017435,0.017731,0.18305,0.32535,0.27635,0.11296,0.081813,0.011315,0.0010087,0.0081468
0.07717,0.14214,0.29394,0.28042,0.15696,0.036479,0.00047443,0.012418,0.20844,0.36082,0.24858,0.10086,0.051421,0.020226,0.00076063,0.0088983
0.074793,0.1303,0.30523,0.24118,0.19289,0.042844,0.00011824,0.01265,0.23085,0.34794,0.2726,0.0628,0.043631,0.033761,3.7157e-005,0.0083752
0.053033,0.13433,0.35925,0.24158,0.15125,0.046138,0.0036525,0.010764,0.2124,0.33436,0.22451,0.088179,0.082818,0.0434,4.8718e-005,0.014287
0.072327,0.11101,0.32333,0.28473,0.14303,0.050326,5.8349e-005,0.015191,0.26545,0.31988,0.20431,0.11674,0.067036,0.02277,0.0001076,0.0037008
0.067165,0.14706,0.33035,0.28985,0.09925,0.050205,0.0013251,0.014801,0.24866,0.2572,0.25705,0.14684,0.056104,0.020788,0.0034928,0.0098618
0.04662,0.14548,0.32597,0.30749,0.11844,0.038894,0.0016889,0.015422,0.21481,0.33298,0.20708,0.13905,0.073693,0.014179,0.0022846,0.015921
0.058973,0.15326,0.30146,0.29638,0.10254,0.063827,0.005045,0.018513,0.26356,0.33235,0.18245,0.125,0.074932,0.011011,0.0021081,0.0085873
0.05183,0.13568,0.35234,0.32081,0.079667,0.045617,0.0051617,0.0088849,0.23793,0.2888,0.22038,0.16156,0.069926,0.0074184,0.0022253,0.011763
0.067118,0.12399,0.36788,0.26247,0.11627,0.04665,0.00022345,0.015394,0.22642,0.29858,0.22321,0.13929,0.064915,0.029746,0.0024349,0.015405
0.094946,0.13604,0.32854,0.27902,0.10762,0.028817,0.00020284,0.024816,0.23176,0.3156,0.21927,0.11356,0.085456,0.015607,0.0083572,0.010383
0.081994,0.13959,0.30815,0.30501,0.1046,0.040335,0.0029553,0.017367,0.18534,0.31501,0.26163,0.12734,0.071899,0.020503,0.011013,0.0072692
0.074691,0.14922,0.30634,0.32624,0.079149,0.049076,5.4459e-005,0.015224,0.19843,0.29424,0.28533,0.124,0.068117,0.013907,0.0066662,0.0093035
0.052634,0.15018,0.30066,0.30062,0.12003,0.063146,4.0214e-006,0.012732,0.22331,0.30452,0.21168,0.11724,0.097819,0.037206,0.0013461,0.0068665
0.082402,0.14948,0.33471,0.25575,0.11812,0.042349,5.4935e-005,0.017138,0.22625,0.31599,0.2455,0.12083,0.068871,0.016308,0.0042681,0.0019848
0.064135,0.10692,0.35888,0.27916,0.090221,0.07749,0.00484,0.018353,0.19682,0.30758,0.26628,0.11835,0.07499,0.034755,5.9355e-005,0.0011637
0.053954,0.13805,0.33243,0.24876,0.12347,0.05965,0.0026794,0.041,0.2313,0.30326,0.24557,0.09802,0.091181,0.024124,0.00031619,0.0062264
0.059455,0.13665,0.36513,0.25274,0.10545,0.054051,0.0056107,0.020912,0.2824,0.22108,0.22286,0.12569,0.11437,0.016535,0.010027,0.0070354
0.075169,0.17286,0.33023,0.25291,0.099478,0.051058,0.0033642,0.014925,0.2583,0.24261,0.20448,0.17495,0.079874,0.019879,0.0078194,0.012085
0.065771,0.12938,0.33692,0.29646,0.10963,0.03925,2.4585e-007,0.02259,0.27553,0.29409,0.18501,0.12699,0.080761,0.02308,0.012371,0.0021634
0.065971,0.16456,0.3248,0.30298,0.1048,0.018378,0.0011595,0.017346,0.25765,0.24683,0.20854,0.14491,0.10229,0.025397,0.0058081,0.0085878
0.072678,0.12423,0.29789,0.33077,0.11492,0.041734,0.0095766,0.0082078,0.16886,0.24092,0.31863,0.13745,0.089509,0.027122,0.0068548,0.010661
0.08331,0.1158,0.34179,0.24382,0.11309,0.075326,0.00067341,0.026193,0.18446,0.3272,0.25167,0.14617,0.078695,0.0095002,0.00031547,0.0019994
0.076932,0.12678,0.35112,0.30079,0.089232,0.036245,0.0054256,0.013464,0.21513,0.33077,0.22449,0.13342,0.07037,0.0096617,0.0094846,0.0066712
0.094878,0.12604,0.31791,0.28864,0.097303,0.050802,0.0043194,0.020117,0.18793,0.32449,0.2224,0.1441,0.070809,0.037837,0.0057351,0.0067004
0.098409,0.16662,0.2969,0.2861,0.086015,0.044704,0.0040184,0.017236,0.2456,0.29945,0.22181,0.11288,0.092669,0.025365,0.00083471,0.001396
0.076348,0.15247,0.30194,0.34915,0.067422,0.046845,0.00069614,0.0051376,0.15697,0.29529,0.25273,0.15267,0.095939,0.02787,0.012134,0.0064017
0.096448,0.16449,0.26355,0.32801,0.077601,0.052629,0.0059987,0.011279,0.19502,0.26835,0.23737,0.14363,0.1045,0.039746,0.0018356,0.0095507
0.070052,0.13976,0.2992,0.33696,0.096766,0.042232,0.0037833,0.011248,0.1674,0.26419,0.27577,0.13274,0.13116,0.01976,0.0033936,0.0055812
0.070717,0.16067,0.29527,0.33353,0.081448,0.045712,0.0021333,0.010513,0.1912,0.31585,0.26072,0.14847,0.059791,0.014223,0.0020591,0.0076869
0.066911,0.1469,0.2561,0.34716,0.11159,0.046264,0.0011827,0.02389,0.18748,0.3036,0.24464,0.16175,0.059511,0.024757,0.011353,0.0069138
0.090728,0.14083,0.28688,0.3204,0.099074,0.044359,0.00061291,0.017116,0.22288,0.31292,0.22108,0.13162,0.064438,0.030055,0.00016366,0.016839
0.06034,0.18782,0.31796,0.26786,0.11631,0.030139,0.0020529,0.017522,0.20693,0.30961,0.20159,0.16156,0.086872,0.026869,0.00036072,0.0062113
0.063334,0.18821,0.32569,0.24485,0.10701,0.060286,0.00096271,0.0096612,0.17717,0.32808,0.23427,0.14,0.089944,0.018062,0.00029636,0.012174
0.09321,0.19832,0.30809,0.25153,0.060918,0.066784,0.0080625,0.013082,0.2014,0.28522,0.23157,0.14711,0.11331,0.0083907,0.0045794,0.0084229
0.080285,0.14812,0.30116,0.29308,0.086826,0.075674,0.0007013,0.014156,0.27347,0.25804,0.26092,0.13009,0.066283,0.0082164,0.00083009,0.0021439
0.065685,0.12003,0.29139,0.33106,0.11652,0.046747,0.0039977,0.024566,0.22272,0.25387,0.26798,0.14993,0.064508,0.0292,0.0080838,0.0037035
0.062994,0.14568,0.27493,0.30053,0.12813,0.059088,0.0020319,0.026617,0.17752,0.31522,0.25277,0.15427,0.044733,0.0512,0.0031355,0.0011602
0.082406,0.12336,0.35902,0.26398,0.1027,0.056898,0.0022607,0.0093648,0.20671,0.31953,0.26288,0.11219,0.069838,0.021916,0.0063663,0.00057759
0.085086,0.11697,0.31002,0.31513,0.08209,0.057834,0.00041801,0.032451,0.24445,0.27694,0.23626,0.1284,0.087607,0.011458,0.0045577,0.010326
0.081539,0.12965,0.34076,0.2823,0.096877,0.052981,0.0022926,0.013599,0.24552,0.24263,0.23836,0.14245,0.076038,0.0323,0.0080594,0.014642
0.082947,0.1504,0.32832,0.20291,0.14298,0.07615,0.00033316,0.015966,0.23087,0.25623,0.26983,0.16208,0.06352,0.015414,0.0010462,0.00099733
0.082312,0.16228,0.31635,0.22946,0.11301,0.081643,0.002391,0.012548,0.277,0.28472,0.22372,0.13379,0.063278,0.0079818,0.0008243,0.0086819
0.075615,0.17898,0.3383,0.21694,0.12639,0.04759,0.0062777,0.009912,0.25777,0.31548,0.19796,0.16353,0.047322,0.010328,0.00023167,0.0073636
0.081394,0.1337,0.32639,0.26833,0.1273,0.044241,4.375e-005,0.018599,0.21107,0.31957,0.24287,0.12782,0.076604,0.011487,0.0011614,0.0094174
0.061621,0.1775,0.27143,0.29885,0.086503,0.08984,0.0025183,0.011729,0.27777,0.25642,0.24591,0.13385,0.043635,0.02388,1.0706e-005,0.01853
0.081075,0.16929,0.26969,0.31232,0.077863,0.072891,0.0020003,0.014869,0.29444,0.28168,0.20273,0.1499,0.047998,0.017078,0.0026593,0.0035175
0.079047,0.14954,0.27228,0.3225,0.097853,0.067634,0.0015248,0.0096218,0.21625,0.27409,0.24289,0.20136,0.047422,0.012353,0.0003539,0.0052818
0.08014,0.15587,0.27948,0.34013,0.080308,0.055584,0.00082809,0.0076627,0.19048,0.32892,0.26547,0.11587,0.074145,0.017688,0.00072307,0.0067048
0.052637,0.13247,0.33897,0.31483,0.084601,0.055893,0.0020108,0.018592,0.22273,0.34367,0.22392,0.10478,0.07776,0.017724,3.5512e-005,0.0093882
0.060823,0.14871,0.32037,0.26252,0.1071,0.079114,0.00035962,0.020997,0.25297,0.28274,0.24514,0.1256,0.082912,0.0040574,1.5455e-005,0.0065656
0.071844,0.17257,0.3096,0.24382,0.10835,0.076799,0.0016798,0.015339,0.24192,0.28869,0.23229,0.11011,0.094263,0.016043,0.0012278,0.015454
0.096439,0.17087,0.27327,0.25688,0.11243,0.063378,0.0037091,0.023024,0.26904,0.32873,0.20837,0.11405,0.053364,0.018542,5.8732e-006,0.0078976
0.10232,0.17689,0.25185,0.29202,0.083564,0.069836,0.0044317,0.01909,0.24288,0.30009,0.23746,0.13579,0.062976,0.014857,0.0034566,0.0024938
0.070719,0.16583,0.35348,0.25387,0.089138,0.05389,0.0014576,0.011624,0.21828,0.3718,0.1864,0.14018,0.072137,0.0043719,0.00080951,0.006032
0.07188,0.15739,0.28242,0.30162,0.10265,0.051832,0.0040002,0.028203,0.27387,0.34484,0.20312,0.09686,0.032903,0.035073,0.0028424,0.010491
0.079201,0.15741,0.29073,0.27906,0.11414,0.061195,0.0051047,0.013154,0.23137,0.36221,0.17496,0.094958,0.088871,0.027523,0.00019641,0.019917
0.09949,0.13446,0.29234,0.28838,0.11197,0.053817,0.0016671,0.017881,0.27582,0.29572,0.23576,0.066401,0.10867,0.0082921,6.5148e-006,0.0093285
0.082475,0.11946,0.30369,0.32396,0.095173,0.06402,0.00031777,0.010899,0.29299,0.31395,0.2134,0.071781,0.078855,0.019431,0.0033302,0.0062656
0.07179,0.10788,0.34656,0.28028,0.096803,0.079287,0.0014343,0.01597,0.28199,0.29954,0.21996,0.097056,0.080362,0.012745,0.0037843,0.0045688
0.067894,0.12389,0.36244,0.24148,0.11473,0.079677,0.0012964,0.0085904,0.2397,0.31326,0.2618,0.078676,0.077697,0.022767,0.0024914,0.003606
0.0999,0.11941,0.30103,0.28048,0.1118,0.062529,0.0015869,0.02326,0.24324,0.33806,0.2607,0.065144,0.053124,0.030134,0.00068667,0.0089061
0.087423,0.13925,0.31728,0.2673,0.11423,0.065839,0.0011376,0.0075387,0.28557,0.34103,0.21845,0.061886,0.040523,0.033309,0.00065017,0.01858
0.096187,0.15265,0.28801,0.29615,0.081873,0.062588,0.00073697,0.021807,0.22599,0.28453,0.28519,0.11215,0.068331,0.012108,0.0025353,0.0091653
0.10349,0.13012,0.32384,0.28665,0.070662,0.067988,2.0551e-005,0.017224,0.18913,0.24929,0.32728,0.118,0.093578,0.01993,0.0020039,0.000801
0.086932,0.13244,0.28839,0.31935,0.081982,0.074251,0.001022,0.015634,0.23777,0.24563,0.30335,0.10811,0.084055,0.013514,0.0038404,0.0037378
0.081127,0.13585,0.36772,0.23838,0.10519,0.051981,0.0057723,0.013978,0.24622,0.25689,0.26257,0.10815,0.097312,0.010506,0.010545,0.0078093
0.065952,0.14805,0.34723,0.2711,0.10946,0.031964,0.0059223,0.020319,0.29863,0.29497,0.2114,0.11882,0.050534,0.019541,0.0048926,0.0012133
0.097263,0.15691,0.3068,0.2951,0.090249,0.03905,0.0010394,0.01359,0.26536,0.24507,0.2192,0.17479,0.065602,0.020624,0.001253,0.0081068
0.089277,0.1648,0.31235,0.28339,0.096839,0.04022,0.00018174,0.012948,0.29595,0.30132,0.18929,0.098819,0.072357,0.032966,0.0002695,0.0090418
0.092225,0.19854,0.29874,0.25372,0.096219,0.047536,0.0012207,0.011804,0.24242,0.31158,0.2267,0.11824,0.053631,0.036848,0.00088908,0.009694
0.11966,0.15334,0.28544,0.27655,0.096893,0.052958,0.00045018,0.014706,0.18598,0.36022,0.23236,0.10869,0.08068,0.021711,0.00025041,0.01012
0.093122,0.11604,0.33495,0.30569,0.095949,0.042872,0.0006992,0.010677,0.24498,0.32203,0.29174,0.071404,0.060335,0.006113,0.00015962,0.0032293
0.096309,0.10947,0.31104,0.31825,0.089924,0.052446,0.0056173,0.016942,0.23519,0.39388,0.25489,0.062116,0.041727,0.010487,0.00061482,0.0010899
0.10698,0.12406,0.34045,0.23718,0.11817,0.047078,0.00047645,0.025611,0.20793,0.33835,0.25297,0.089653,0.084454,0.013462,2.78e-005,0.01316
0.1108,0.12489,0.32507,0.27686,0.099366,0.037322,0.00033873,0.02535,0.24037,0.28465,0.25196,0.12842,0.06437,0.023199,0.00039827,0.0066204
0.11104,0.13712,0.34478,0.2719,0.081992,0.021621,0.00028122,0.03127,0.21497,0.31878,0.24919,0.13562,0.058295,0.020937,0.00066428,0.0015415
0.051757,0.16343,0.36361,0.29037,0.079658,0.024216,0.0016217,0.025331,0.19967,0.31312,0.26693,0.1336,0.072603,0.0081645,0.0016362,0.0042756
0.078824,0.11461,0.29796,0.35019,0.11818,0.024928,0.00012252,0.015193,0.18076,0.23117,0.27831,0.1581,0.106,0.035963,0.0023458,0.0073524
0.081369,0.11844,0.3204,0.33237,0.088387,0.033836,2.9135e-005,0.025174,0.24182,0.20968,0.25755,0.13757,0.086828,0.062264,0.0025742,0.001721
0.073746,0.12576,0.34319,0.3049,0.064416,0.063989,0.0017874,0.022208,0.26002,0.20756,0.2948,0.11127,0.081179,0.03319,0.0010389,0.010949
0.087319,0.12216,0.34647,0.26373,0.10817,0.059914,0.00067416,0.011561,0.2249,0.24834,0.26262,0.12799,0.098137,0.032936,0.00048737,0.0045954
0.096369,0.12033,0.32921,0.2935,0.081227,0.06221,6.3061e-006,0.017155,0.18136,0.30133,0.24348,0.11955,0.071291,0.054976,0.008865,0.019153
0.07469,0.12828,0.34328,0.24358,0.1421,0.05339,4.1512e-005,0.014642,0.20078,0.31654,0.23197,0.10441,0.11124,0.022666,0.0039557,0.0084419
0.053426,0.14805,0.31731,0.26011,0.123,0.071167,0.00014133,0.026792,0.2076,0.30627,0.25154,0.12276,0.068901,0.034872,0.00096569,0.0070803
0.065712,0.17092,0.32017,0.28337,0.076736,0.073477,0.00012264,0.0094891,0.1939,0.3087,0.29253,0.094896,0.071361,0.022699,0.00081475,0.0151
0.083147,0.14462,0.32132,0.26571,0.076507,0.098625,0.0019622,0.0081189,0.17191,0.30668,0.28915,0.091965,0.11127,0.02029,0.0011099,0.007615
0.088098,0.15495,0.28428,0.32716,0.065417,0.066826,1.0007e-007,0.013265,0.21338,0.34589,0.26946,0.076403,0.053033,0.029362,0.0033501,0.0091196
0.088176,0.15692,0.31051,0.28968,0.068627,0.071055,0.0021014,0.012935,0.21318,0.2814,0.25681,0.14364,0.070787,0.02784,0.00087357,0.0054671
0.06661,0.18165,0.33606,0.27301,0.079407,0.050826,0.0029168,0.0095142,0.21887,0.28427,0.26601,0.14374,0.039386,0.044989,0.0026697,5.4607e-005
0.067533,0.12712,0.33805,0.3208,0.08449,0.042399,0.0025196,0.017086,0.25335,0.2553,0.25668,0.13514,0.054396,0.037816,0.00085805,0.0064663
0.068519,0.12564,0.35632,0.2811,0.1155,0.026646,0.0023611,0.023914,0.19922,0.28606,0.30543,0.12394,0.052166,0.031734,0.00014822,0.001306
0.059902,0.15607,0.31672,0.25913,0.15617,0.029728,1.3727e-007,0.022274,0.22976,0.30228,0.27907,0.10089,0.055368,0.029884,0.00079467,0.0019656
0.047242,0.14681,0.32679,0.31527,0.11511,0.031552,6.6189e-009,0.017229,0.21401,0.25521,0.25632,0.13757,0.076907,0.054055,0.0018762,0.004051
0.055273,0.12547,0.28427,0.3411,0.10893,0.056655,0.0062638,0.022037,0.28333,0.2965,0.23303,0.11984,0.049328,0.0072297,0.0058061,0.0049421
0.080858,0.17157,0.23864,0.36479,0.085932,0.046725,3.9968e-005,0.011441,0.25056,0.29169,0.27354,0.095937,0.03706,0.028968,0.0049415,0.017305
0.052777,0.12165,0.2969,0.3444,0.098729,0.076344,0.0017704,0.0074268,0.24807,0.22912,0.28374,0.13766,0.059916,0.022987,0.0044267,0.01409
0.051059,0.15134,0.29988,0.28863,0.12057,0.056931,0.010969,0.020618,0.29534,0.22167,0.24235,0.12704,0.080386,0.017535,0.00403,0.011642
0.05403,0.1813,0.25005,0.3325,0.088072,0.078796,0.0044722,0.010773,0.27462,0.24119,0.24357,0.12869,0.087075,0.021371,2.6688e-005,0.0034626
0.073211,0.19006,0.2768,0.31855,0.078895,0.041062,0.0038376,0.017581,0.28668,0.23113,0.23461,0.15491,0.060456,0.009858,0.0021567,0.020198
0.068073,0.17562,0.32588,0.29388,0.06379,0.051035,0.0014766,0.020243,0.17924,0.24353,0.32077,0.14721,0.049712,0.023336,0.0014918,0.034706
0.093906,0.13824,0.29959,0.31649,0.085533,0.046989,0.0020992,0.017155,0.23028,0.28614,0.25588,0.12111,0.054534,0.021782,0.00042516,0.029847
0.068651,0.16844,0.28276,0.26669,0.13667,0.053877,0.0092125,0.013698,0.23076,0.23267,0.29575,0.1414,0.056868,0.021331,8.4241e-005,0.021141
0.052531,0.16198,0.31596,0.2948,0.098569,0.058773,0.0048578,0.012531,0.21803,0.24526,0.28734,0.11221,0.06826,0.032267,0.00033367,0.036301
0.070303,0.16666,0.2836,0.32117,0.07621,0.068488,0.0014549,0.012108,0.27384,0.25028,0.23846,0.10183,0.091163,0.037624,0.0014462,0.0053549
0.076726,0.1545,0.27508,0.32071,0.082749,0.059115,0.0028931,0.028225,0.2623,0.24943,0.24347,0.12895,0.074251,0.037736,7.9202e-005,0.0037906
0.064346,0.1384,0.33191,0.28251,0.11897,0.053013,9.7984e-005,0.010757,0.26239,0.26902,0.21505,0.14711,0.088312,0.010299,5.1224e-005,0.007774
0.091616,0.137,0.30961,0.29151,0.11183,0.05113,0.0005207,0.0067867,0.22553,0.26972,0.24936,0.12426,0.10445,0.011878,0.0066651,0.0081323
0.10114,0.15794,0.2532,0.30857,0.098623,0.06552,6.8182e-007,0.015009,0.26262,0.24653,0.25238,0.1493,0.06819,0.013431,0.00015897,0.0073964
0.098822,0.17059,0.25391,0.28208,0.097359,0.066229,0.0027218,0.028281,0.24585,0.30005,0.26202,0.10606,0.057492,0.021967,0.0047533,0.0018112
0.11982,0.14809,0.27722,0.26422,0.097228,0.057285,0.0016867,0.034458,0.23456,0.29392,0.23289,0.14964,0.045361,0.031409,0.0041874,0.0080261
0.084014,0.1615,0.30731,0.26131,0.10604,0.054795,0.00031412,0.024719,0.21085,0.28526,0.26353,0.11785,0.06792,0.032035,0.00022044,0.022336
0.078272,0.13702,0.29908,0.25423,0.13482,0.078594,0.0022928,0.015696,0.27249,0.29292,0.22979,0.12595,0.049034,0.026562,0.00028379,0.0029661
0.072691,0.14054,0.30586,0.24871,0.13716,0.067342,0.0073141,0.020376,0.28093,0.30889,0.20656,0.1157,0.065858,0.021034,0.00040821,0.00061614
0.084749,0.15843,0.26173,0.26165,0.15339,0.065205,0.0049814,0.0098636,0.26358,0.30175,0.2303,0.10678,0.065882,0.013218,0.0026493,0.015842
0.088996,0.1471,0.28423,0.2644,0.11504,0.074358,0.011203,0.014679,0.22818,0.25922,0.27054,0.14681,0.068841,0.012895,0.0014761,0.012047
0.054235,0.13788,0.28025,0.34459,0.092107,0.074204,0.0032445,0.013491,0.1792,0.31568,0.27225,0.1058,0.085432,0.022488,2.54e-005,0.019129
0.052162,0.17487,0.26015,0.33276,0.097469,0.061652,0.00035671,0.020585,0.22011,0.32036,0.23631,0.13015,0.054468,0.031145,0.00089091,0.0065664
0.079243,0.17591,0.28184,0.26875,0.11495,0.064949,0.00046213,0.013892,0.22763,0.32446,0.21798,0.12513,0.066792,0.031819,0.0037512,0.002442
0.068026,0.1756,0.3038,0.22632,0.11281,0.093601,5.6564e-005,0.019779,0.19591,0.28948,0.22743,0.17814,0.06314,0.031723,0.0099864,0.0041976
0.071453,0.1842,0.30667,0.27556,0.10911,0.038012,0.00027115,0.01472,0.24398,0.34632,0.1708,0.14203,0.068862,0.013981,0.0017887,0.012245
0.065455,0.1901,0.27412,0.25967,0.1471,0.047412,0.00018416,0.015957,0.21003,0.36611,0.15928,0.16539,0.064838,0.022504,0.0035926,0.0082575
0.069801,0.2216,0.28774,0.26009,0.076565,0.07175,0.00065612,0.011795,0.20057,0.29578,0.19315,0.14658,0.09472,0.045723,0.00033906,0.023148
0.079364,0.16318,0.30569,0.28251,0.11048,0.03238,0.0013639,0.025032,0.21446,0.27206,0.24315,0.15759,0.065288,0.024077,0.0061638,0.017211
0.060137,0.14885,0.33205,0.28082,0.10708,0.053618,0.0035179,0.01392,0.17771,0.27005,0.28817,0.13302,0.089556,0.026712,0.0083538,0.0064218
0.091792,0.1675,0.26734,0.29733,0.099094,0.052993,0.00092816,0.023028,0.23171,0.29836,0.23526,0.13289,0.082417,0.011789,0.0062382,0.0013297
0.065678,0.1538,0.30195,0.29943,0.098703,0.066287,0.0019742,0.012184,0.21935,0.2834,0.23995,0.15717,0.067497,0.012839,0.008707,0.01109
0.069422,0.15948,0.30394,0.26508,0.10169,0.074225,0.0078275,0.018331,0.20099,0.24949,0.33021,0.12045,0.071109,0.018019,0.0027449,0.0069827
0.060185,0.15766,0.25085,0.30561,0.11069,0.099948,0.0008082,0.014249,0.19489,0.24519,0.33861,0.1213,0.072654,0.01885,0.0026032,0.0059062
0.066963,0.17502,0.2643,0.28127,0.10358,0.097495,0.0032094,0.0081733,0.27967,0.28409,0.23844,0.12281,0.048232,0.016003,0.00016026,0.010594
0.058842,0.17968,0.29482,0.26523,0.10317,0.076245,0.0034691,0.018549,0.25242,0.28879,0.22895,0.14312,0.059534,0.0053035,0.00052912,0.021358
0.078448,0.17078,0.31425,0.26641,0.097343,0.057325,0.00075588,0.014682,0.20699,0.29667,0.26309,0.15189,0.058166,0.0040613,0.0017079,0.017431
0.058976,0.15545,0.30285,0.27324,0.12046,0.075635,0.0011887,0.012198,0.26718,0.27183,0.19416,0.15339,0.083448,0.010585,0.007767,0.011639
0.059153,0.1783,0.29496,0.26154,0.12544,0.067482,7.8943e-005,0.013045,0.19296,0.30719,0.25232,0.15308,0.07403,0.014218,0.00025815,0.0059546
0.05785,0.16085,0.31273,0.27623,0.099857,0.071557,7.7427e-005,0.02085,0.20584,0.28797,0.27462,0.11799,0.094851,0.015238,0.0010624,0.0024247
0.056689,0.14954,0.27554,0.3183,0.11196,0.067263,3.8137e-005,0.02067,0.17162,0.28577,0.31012,0.13099,0.073386,0.021878,0.0003998,0.005841
0.079771,0.16276,0.24128,0.31283,0.12431,0.067903,0.00077734,0.010374,0.19468,0.27393,0.29989,0.12252,0.081989,0.021684,0.0043483,0.00095751
0.057442,0.16803,0.30748,0.30235,0.088723,0.053328,9.1774e-006,0.022638,0.22918,0.24958,0.25412,0.14792,0.07489,0.021031,0.018118,0.005169
0.062476,0.17033,0.28721,0.30346,0.081048,0.072952,0.0015841,0.020937,0.23266,0.28925,0.25622,0.11638,0.078112,0.017438,0.0082617,0.0016778
0.078468,0.14103,0.28596,0.3357,0.077081,0.056212,0.00099905,0.024547,0.19018,0.34025,0.24524,0.13994,0.057745,0.020044,0.00017806,0.0064251
0.04546,0.14811,0.29065,0.34735,0.07178,0.066161,4.2507e-005,0.030451,0.18329,0.27766,0.29905,0.15352,0.06025,0.018943,3.4175e-005,0.0072568
0.091868,0.15908,0.32884,0.26497,0.10655,0.029712,0.0014157,0.017552,0.21831,0.23555,0.31625,0.12845,0.055062,0.010531,0.0026757,0.033172
0.087658,0.14065,0.29341,0.30173,0.13491,0.022279,0.00027259,0.01909,0.21314,0.28755,0.25299,0.16337,0.051753,0.024837,0.00092878,0.0054431
0.08741,0.20791,0.28018,0.28114,0.10971,0.020105,0.0052532,0.0082842,0.24566,0.32344,0.24009,0.091762,0.056399,0.029692,0.0033973,0.0095617
0.082962,0.21097,0.27101,0.28113,0.10902,0.034109,0.0020134,0.0087907,0.22817,0.27759,0.2892,0.10546,0.066793,0.023992,0.0083829,0.000417
0.11641,0.13503,0.32007,0.24604,0.11854,0.032848,0.0030198,0.028047,0.23461,0.29541,0.26545,0.11178,0.0487,0.035945,0.0013298,0.0067729
0.11779,0.17522,0.32325,0.22695,0.095379,0.022512,0.002163,0.036737,0.2485,0.2602,0.20155,0.14837,0.081741,0.042322,0.0080939,0.0092259
0.08607,0.1662,0.34615,0.23454,0.12333,0.025521,0.0028802,0.015313,0.21909,0.28526,0.26253,0.10748,0.094641,0.023572,0.0012283,0.0061953
0.061886,0.16611,0.33081,0.28054,0.11039,0.035845,0.0024274,0.011991,0.25687,0.25489,0.28092,0.12129,0.057654,0.021718,9.5138e-005,0.0065588
0.074015,0.18253,0.32981,0.28255,0.088565,0.028768,0.00023651,0.013526,0.24349,0.28861,0.25534,0.11023,0.081923,0.018701,5.1416e-008,0.0017139
0.082565,0.14464,0.33883,0.27595,0.11439,0.025737,0.0019442,0.015952,0.30282,0.30033,0.18163,0.11378,0.076115,0.0082047,0.0029495,0.014163
0.056822,0.13321,0.33348,0.27786,0.11731,0.065323,0.0019371,0.014059,0.30392,0.29142,0.19645,0.10616,0.076924,0.020071,7.1452e-011,0.0050552
0.056018,0.11678,0.3439,0.30341,0.1024,0.066895,0.0036374,0.0069546,0.21733,0.31676,0.18528,0.15394,0.11235,0.0067263,3.45e-007,0.0076159
0.073965,0.14885,0.26595,0.31202,0.11509,0.076876,0.0037008,0.0035453,0.23951,0.3296,0.20299,0.13123,0.078599,0.016264,4.3893e-006,0.0018026
0.092375,0.14079,0.26516,0.29531,0.13055,0.057533,0.00027019,0.018019,0.22415,0.29853,0.25291,0.097535,0.097583,0.01797,0.0013145,0.010014
0.078487,0.1552,0.25144,0.31473,0.12014,0.068732,0.0015235,0.0097341,0.21137,0.29599,0.24418,0.13081,0.095113,0.015583,0.0032708,0.0036875
0.08183,0.16437,0.28777,0.26816,0.13066,0.052868,0.00017462,0.014161,0.24,0.27915,0.24465,0.12305,0.078732,0.025235,0.0037891,0.0053921
0.050463,0.16601,0.30324,0.27712,0.12568,0.049841,2.2047e-006,0.027639,0.23822,0.31352,0.23705,0.10454,0.062851,0.033774,0.0028957,0.0071508
0.078328,0.2058,0.28833,0.26652,0.10865,0.035771,0.00038148,0.016227,0.20686,0.32389,0.21715,0.12382,0.077916,0.046052,0.00042971,0.0038691
0.075264,0.19464,0.28492,0.28381,0.082351,0.061715,0.00078277,0.016523,0.21646,0.31767,0.22697,0.13683,0.045536,0.05253,0.0014794,0.0025241
0.06694,0.16571,0.29827,0.28324,0.098003,0.066527,0.00056914,0.020742,0.1839,0.30624,0.26535,0.13872,0.068002,0.030923,0.00057243,0.0063014
0.080639,0.17179,0.31907,0.25032,0.10234,0.044536,0.0066633,0.024634,0.18505,0.2806,0.24321,0.13429,0.10454,0.038921,0.0027731,0.010626
0.067016,0.16181,0.33304,0.25164,0.13876,0.038097,0.00072147,0.0089199,0.23082,0.33251,0.22141,0.11535,0.082513,0.0091153,3.4174e-005,0.0082406
0.081172,0.18474,0.25933,0.29321,0.1171,0.055356,0.0021998,0.0068928,0.18648,0.32485,0.24351,0.12467,0.09967,0.012542,0.00042105,0.0078561
0.099375,0.12046,0.26066,0.31203,0.1237,0.066243,0.0015965,0.015939,0.22181,0.2923,0.24209,0.17682,0.047385,0.019245,6.2727e-005,0.00028576
0.082279,0.16778,0.28409,0.26106,0.12557,0.056026,0.00055702,0.022636,0.18203,0.3265,0.23672,0.14289,0.075808,0.034015,0.00031469,0.0017213
0.085607,0.13777,0.28065,0.31408,0.11543,0.044799,0.004186,0.017488,0.14947,0.36106,0.23084,0.12497,0.10523,0.016813,0.0034747,0.0081444
0.1035,0.15484,0.27278,0.3146,0.10035,0.044289,0.00090068,0.0087417,0.16895,0.30775,0.21303,0.14611,0.098053,0.038336,0.010128,0.017647
0.086956,0.16492,0.29879,0.2745,0.12061,0.046384,0.0011614,0.0066854,0.20377,0.30644,0.23477,0.1211,0.0586,0.063256,0.0023319,0.0097286
0.067279,0.14679,0.32659,0.28539,0.099331,0.069951,0.00034846,0.0043194,0.26823,0.31676,0.22593,0.10163,0.045114,0.034805,3.9713e-005,0.0074837
0.076624,0.16131,0.27844,0.28897,0.094145,0.088164,0.00039682,0.011957,0.23977,0.26073,0.25772,0.11829,0.071181,0.046156,0.0017676,0.0043965
0.080847,0.16438,0.27898,0.27717,0.065796,0.11082,0.0011094,0.020904,0.21737,0.28968,0.24399,0.14963,0.056265,0.036493,0.00039231,0.0061847
0.099073,0.15261,0.24855,0.31823,0.064849,0.087159,0.013036,0.016489,0.20827,0.289,0.24388,0.14984,0.069524,0.033289,5.8937e-006,0.0061881
0.084174,0.18109,0.24844,0.32396,0.079027,0.068548,0.0039988,0.010768,0.20602,0.30251,0.24613,0.13216,0.084981,0.025267,0.00045825,0.0024788
0.053943,0.22181,0.30635,0.24264,0.087193,0.065097,0.0029935,0.019973,0.21561,0.36886,0.25812,0.096982,0.037805,0.018251,2.7908e-006,0.0043771
0.09431,0.14656,0.29701,0.3005,0.10024,0.046449,4.5874e-006,0.014943,0.2128,0.33851,0.26103,0.12024,0.036091,0.024848,0.0037113,0.0027775
0.11194,0.1458,0.30767,0.25833,0.089332,0.071497,0.0002465,0.015188,0.23357,0.27236,0.2834,0.12344,0.053253,0.023343,1.9491e-008,0.010635
0.075342,0.19912,0.2664,0.30141,0.093948,0.055836,0.0033118,0.0046315,0.27435,0.29233,0.25915,0.075956,0.056671,0.028789,6.9477e-005,0.012697
0.086312,0.16052,0.30819,0.291,0.094239,0.044703,5.2323e-005,0.014976,0.25349,0.3441,0.26658,0.07087,0.034534,0.02121,2.6716e-005,0.0091877
0.063648,0.16503,0.33909,0.2413,0.10546,0.064964,0.0044361,0.016063,0.25355,0.30675,0.29992,0.080492,0.043686,0.01372,4.6346e-006,0.0018802
0.056943,0.14778,0.29349,0.24682,0.16442,0.072926,0.00062482,0.017004,0.20626,0.39473,0.21763,0.088533,0.053799,0.038917,4.3251e-006,0.00012144
0.07347,0.16228,0.29106,0.27319,0.1127,0.071867,0.0053087,0.010135,0.25023,0.32947,0.25981,0.088954,0.05516,0.014833,0.00083085,0.00070874
0.064592,0.1004,0.33703,0.29349,0.10575,0.072275,0.00058028,0.02588,0.20442,0.33441,0.23017,0.11641,0.085626,0.025392,0.00011392,0.0034609
0.070028,0.1071,0.31489,0.27563,0.12645,0.075732,0.0024895,0.027675,0.21105,0.33841,0.23975,0.086973,0.085849,0.028778,0.0022734,0.0069182
0.1319,0.13037,0.26204,0.25018,0.1249,0.074029,0.00080934,0.025764,0.17101,0.33255,0.28203,0.075277,0.081921,0.051268,0.00023926,0.0057102
0.10178,0.17261,0.28175,0.27305,0.09019,0.048603,0.0013513,0.030672,0.21291,0.29752,0.27667,0.072667,0.089074,0.036476,0.0075109,0.0071735
0.086129,0.15414,0.30543,0.2168,0.14455,0.064513,0.0026943,0.025737,0.25111,0.26514,0.24507,0.10193,0.072233,0.045183,0.0065809,0.012741
0.068921,0.18388,0.29852,0.25152,0.12398,0.051689,0.0050152,0.016472,0.22943,0.32619,0.20177,0.082039,0.10445,0.04747,0.0016238,0.0070174
0.088838,0.16935,0.26578,0.27482,0.11874,0.062837,0.0044048,0.015225,0.2531,0.31211,0.22217,0.08349,0.066575,0.04069,0.0087063,0.013159
0.083285,0.12012,0.32106,0.2919,0.10803,0.051392,0.0029373,0.021286,0.25498,0.29423,0.24933,0.10512,0.059561,0.022164,0.0047726,0.0098317
0.06993,0.11148,0.32547,0.29826,0.087307,0.091182,0.0010891,0.015276,0.27339,0.23774,0.23088,0.13266,0.070114,0.038773,0.010253,0.0062034
0.080273,0.16939,0.28995,0.27046,0.078702,0.083246,0.0014145,0.026564,0.26484,0.30928,0.21797,0.12111,0.042401,0.032776,0.004811,0.0068187
0.075386,0.15478,0.27261,0.30975,0.088286,0.071407,0.0040946,0.023682,0.2153,0.29983,0.2945,0.11327,0.052119,0.020896,0.00034311,0.0037435
0.085402,0.16411,0.26143,0.25942,0.11819,0.092604,0.0014621,0.017379,0.26282,0.30017,0.28037,0.066049,0.062694,0.020634,0.0032753,0.003985
0.058573,0.16335,0.2659,0.27059,0.13815,0.084136,0.0028541,0.016443,0.22527,0.31553,0.2955,0.078582,0.056682,0.020353,0.001316,0.0067696
0.06651,0.2129,0.25888,0.27146,0.10901,0.061047,0.011741,0.008445,0.18745,0.2539,0.33169,0.13118,0.066114,0.023974,0.0017802,0.0039194
0.09944,0.17147,0.26063,0.2785,0.11218,0.071741,0.0002939,0.0057466,0.23652,0.25649,0.27853,0.1113,0.082435,0.023562,0.0078787,0.003281
0.092163,0.1889,0.30264,0.248,0.093743,0.053591,0.00053637,0.020427,0.21801,0.27099,0.30727,0.092498,0.078168,0.022697,0.0015381,0.0088335
0.067935,0.12201,0.35313,0.29457,0.082468,0.053859,0.0048102,0.021218,0.235,0.27786,0.2847,0.080897,0.07315,0.026343,0.00063653,0.021421
0.10388,0.13102,0.31053,0.28234,0.089422,0.051872,0.00059718,0.03034,0.26824,0.27825,0.22513,0.13592,0.050639,0.035844,0.0006101,0.0053584
0.055019,0.15374,0.34761,0.26666,0.076784,0.079768,0.0018217,0.018592,0.26948,0.29406,0.22111,0.15129,0.042314,0.016319,0.00037194,0.0050517
0.07819,0.19174,0.29532,0.2367,0.088404,0.072061,0.00021708,0.037368,0.27265,0.33684,0.21974,0.079807,0.058113,0.01631,0.00081164,0.015733
0.079507,0.12791,0.29017,0.29598,0.13264,0.060909,7.1358e-005,0.012809,0.30495,0.28194,0.22117,0.091408,0.068069,0.030353,0.00063785,0.0014642
0.073547,0.14874,0.30228,0.24423,0.14692,0.071101,0.00023428,0.01294,0.26761,0.31303,0.22757,0.10386,0.05508,0.03115,9.2895e-005,0.0016058
0.089051,0.16299,0.29834,0.25397,0.1233,0.065515,0.0005068,0.006339,0.23732,0.24068,0.28971,0.080239,0.11423,0.025281,0.0045028,0.0080293
0.088701,0.13941,0.27136,0.29756,0.10615,0.077844,0.0017718,0.017203,0.22572,0.27399,0.29536,0.079658,0.098106,0.016219,5.8277e-005,0.01089
0.0665,0.17046,0.26577,0.3289,0.092366,0.062543,0.0025544,0.010904,0.2133,0.28108,0.28532,0.11507,0.069733,0.029316,0.0030545,0.003127
0.059151,0.17223,0.24248,0.30826,0.13488,0.064705,0.0007196,0.017567,0.14922,0.29481,0.33274,0.12714,0.057335,0.032935,0.0014918,0.0043282
0.066687,0.15229,0.27762,0.28046,0.13458,0.069839,0.0037688,0.014764,0.13792,0.30974,0.37983,0.090543,0.040381,0.033494,0.0037031,0.004391
0.082126,0.17605,0.27607,0.27605,0.091622,0.0705,0.010733,0.016849,0.16763,0.30031,0.35086,0.067984,0.065619,0.041784,0.0040111,0.0018074
0.094198,0.17146,0.34466,0.21611,0.093194,0.061292,0.0017434,0.017338,0.17736,0.297,0.27599,0.10312,0.087584,0.0342,0.0086162,0.016125
0.083183,0.12931,0.34554,0.26122,0.090682,0.071769,0.0011899,0.017106,0.22755,0.26968,0.2547,0.12219,0.091656,0.029231,0.0020413,0.0029546
0.057183,0.14897,0.27575,0.31159,0.11583,0.067949,0.00017453,0.022551,0.19942,0.26688,0.30974,0.12302,0.083088,0.014188,0.00081287,0.002848
0.068218,0.1438,0.29424,0.29337,0.12084,0.069594,0.0022667,0.0076703,0.22858,0.2951,0.27112,0.11423,0.051493,0.018135,0.012962,0.0083764
0.061184,0.16723,0.32093,0.25479,0.12985,0.050212,0.0035621,0.012241,0.22602,0.30184,0.26214,0.12598,0.047692,0.027004,0.004136,0.0051899
0.054135,0.14715,0.29993,0.29805,0.11804,0.063263,0.0024129,0.017018,0.23107,0.368,0.24483,0.095252,0.036089,0.015669,0.0041083,0.0049742
0.050577,0.18535,0.30149,0.28228,0.095617,0.073651,0.00049092,0.01054,0.23593,0.34823,0.22717,0.086379,0.077327,0.016854,0.0040801,0.0040382
0.068083,0.19994,0.25334,0.27606,0.090408,0.097219,0.00015609,0.014791,0.24559,0.37985,0.20238,0.052144,0.082397,0.01963,0.0079029,0.010099
0.10222,0.14206,0.29906,0.2698,0.10258,0.062953,0.00019246,0.021136,0.277,0.35063,0.2193,0.054347,0.075045,0.018469,3.4756e-005,0.0051806
0.059161,0.14558,0.33306,0.22538,0.12215,0.09075,0.010054,0.01386,0.27185,0.31024,0.24141,0.090876,0.051855,0.022453,0.0094147,0.0019004
0.062439,0.14863,0.30568,0.25951,0.11644,0.082734,0.0069314,0.017628,0.22688,0.37064,0.21325,0.090807,0.050675,0.039691,0.0019783,0.0060683
0.066866,0.16189,0.31267,0.29484,0.095884,0.058784,0.0018538,0.0072164,0.25888,0.25326,0.2989,0.11157,0.048104,0.024202,4.6807e-006,0.0050681
0.076473,0.15043,0.29289,0.30067,0.11802,0.045642,0.0022544,0.013619,0.24842,0.37692,0.22257,0.081739,0.044598,0.010595,0.0020505,0.013109
0.079069,0.16364,0.31792,0.29158,0.084253,0.053792,5.6643e-005,0.0096955,0.18788,0.33257,0.31264,0.074255,0.058954,0.027958,0.0029957,0.0027502
0.0583,0.17117,0.31035,0.32366,0.091355,0.035099,3.2046e-005,0.010021,0.23782,0.25885,0.29182,0.095536,0.069004,0.029082,0.0066762,0.011216
0.1024,0.14685,0.31974,0.28553,0.092625,0.023179,0.00045779,0.029215,0.24019,0.32314,0.27626,0.073063,0.044415,0.034202,0.0025657,0.0061663
0.10645,0.13277,0.32136,0.25893,0.11645,0.028441,0.0059996,0.029602,0.21585,0.27648,0.22734,0.15463,0.081827,0.021161,0.004804,0.017908
0.081924,0.12497,0.33776,0.29086,0.088725,0.044727,0.0019344,0.029103,0.21131,0.27371,0.274,0.11971,0.064963,0.041542,0.0014768,0.013288
0.071734,0.14013,0.29718,0.31013,0.10296,0.064961,1.8494e-006,0.0129,0.23018,0.33184,0.20067,0.14164,0.029656,0.039706,0.0033023,0.023011
0.055514,0.12968,0.36205,0.25197,0.09847,0.081354,0.00030843,0.020653,0.26986,0.30505,0.25869,0.099701,0.035309,0.023948,0.0018607,0.005579
0.064993,0.14649,0.30729,0.30142,0.093296,0.067359,6.5319e-005,0.019092,0.2101,0.32742,0.24108,0.10459,0.068737,0.033498,0.010189,0.0043819
0.087329,0.14321,0.29141,0.30466,0.090951,0.065582,0.00016072,0.0167,0.24968,0.29283,0.24228,0.10361,0.063268,0.02117,0.0094777,0.017689
0.085522,0.16629,0.29541,0.26153,0.090013,0.081673,0.00033042,0.019232,0.25249,0.25924,0.28359,0.094869,0.061245,0.020304,0.014034,0.014226
0.05617,0.14617,0.35376,0.27556,0.097688,0.060784,8.5571e-005,0.0097866,0.21964,0.25208,0.28931,0.10923,0.087332,0.024984,0.011048,0.0063806
0.042821,0.16747,0.29692,0.33249,0.096236,0.04907,0.0010223,0.013971,0.2169,0.2671,0.29775,0.094742,0.087645,0.016352,0.0056886,0.01382
0.049838,0.18509,0.26104,0.34981,0.091516,0.04764,0.0008867,0.014176,0.25197,0.31113,0.22955,0.074761,0.089857,0.029141,0.0011877,0.012409
0.068642,0.13461,0.28857,0.3417,0.091829,0.066973,0.0026183,0.005051,0.23248,0.3601,0.25562,0.062726,0.053947,0.023571,0.0028174,0.0087392
0.0433,0.13363,0.3308,0.29448,0.098512,0.084702,0.0015022,0.013068,0.25776,0.26421,0.26423,0.058241,0.099799,0.036559,0.000627,0.018569
0.074168,0.16638,0.31887,0.26408,0.098522,0.062412,0.0071256,0.0084344,0.2249,0.31305,0.2274,0.10178,0.079494,0.029641,0.0013379,0.022386
0.07604,0.17941,0.33185,0.22688,0.10993,0.064423,0.0047153,0.0067589,0.23977,0.3296,0.23277,0.078528,0.086041,0.023326,3.58e-005,0.0099229
0.083997,0.18506,0.30435,0.27619,0.077596,0.062393,0.0023793,0.0080352,0.24554,0.33233,0.22133,0.092709,0.088676,0.010306,0.00027191,0.008842
0.079377,0.18259,0.32105,0.20759,0.12738,0.064708,0.0068148,0.010485,0.24434,0.24968,0.24542,0.12238,0.086934,0.045699,2.9214e-008,0.0055501
0.11175,0.14964,0.28767,0.26202,0.11049,0.046174,0.013673,0.018593,0.19329,0.2688,0.33236,0.078737,0.073805,0.048115,1.6606e-005,0.0048687
0.089366,0.15227,0.29806,0.28643,0.096425,0.064224,0.0048485,0.0083817,0.20508,0.30666,0.29811,0.092325,0.056059,0.023171,1.4999e-010,0.0186
0.075118,0.15134,0.30551,0.29236,0.098695,0.069118,0.0013506,0.0065143,0.23765,0.35305,0.22421,0.086696,0.060364,0.036951,2.7106e-028,0.0010808
0.064844,0.15051,0.28941,0.24246,0.1427,0.10219,0.00075451,0.0071353,0.18395,0.36535,0.27848,0.089207,0.068304,0.013743,1.5195e-006,0.00096945
0.076145,0.1455,0.31934,0.26641,0.11292,0.059888,3.3659e-009,0.019797,0.21944,0.31021,0.22242,0.12709,0.10258,0.0155,1.5409e-005,0.0027484
0.094861,0.12974,0.28445,0.29736,0.12259,0.055426,0.00011701,0.015464,0.19174,0.29696,0.23612,0.18826,0.071095,0.013792,8.8717e-006,0.0020319
0.058025,0.14712,0.30387,0.24583,0.15084,0.078952,0.0011926,0.014176,0.21862,0.292,0.24964,0.16482,0.052659,0.017312,2.4065e-005,0.0049216
0.047203,0.19906,0.3066,0.23613,0.14266,0.063811,3.2892e-007,0.0045329,0.19463,0.26306,0.21884,0.19124,0.068132,0.033948,0.0027369,0.027418
0.072408,0.143,0.29784,0.29031,0.13732,0.038031,0.0011066,0.019983,0.22275,0.23478,0.28957,0.15318,0.075995,0.017691,0.00095918,0.0050759
0.064172,0.14227,0.31182,0.27488,0.090622,0.089532,0.0067399,0.019958,0.18713,0.30816,0.24463,0.12702,0.096902,0.024084,0.00019082,0.011891
0.066053,0.15586,0.31548,0.27156,0.097786,0.074723,0.0051682,0.013369,0.19233,0.28179,0.24269,0.12623,0.12671,0.018375,0.00015354,0.011723
0.085958,0.14742,0.26895,0.27581,0.12232,0.070902,0.005231,0.023416,0.25772,0.28745,0.23428,0.11281,0.079652,0.024427,0.0025115,0.001155
0.075809,0.15247,0.28766,0.27918,0.12323,0.064271,0.00083418,0.016558,0.2351,0.27078,0.22671,0.13745,0.068553,0.053303,0.0029879,0.0051127
0.060054,0.13268,0.32849,0.2742,0.11851,0.066848,0.0015986,0.017623,0.22419,0.3052,0.23315,0.12821,0.074212,0.027282,0.0036564,0.0041089
0.070142,0.17421,0.31294,0.26152,0.11382,0.051427,0.0031481,0.012796,0.21408,0.29856,0.24155,0.11729,0.082224,0.036104,0.0057775,0.00442
0.071532,0.14909,0.31592,0.31392,0.081415,0.040887,0.0041772,0.023055,0.22012,0.28583,0.2773,0.097977,0.086883,0.013751,0.012959,0.0051811
0.070561,0.13074,0.30192,0.30496,0.084572,0.087423,0.0050535,0.014774,0.19814,0.32284,0.22001,0.097357,0.088968,0.040163,0.0055377,0.026989
0.086701,0.15319,0.25898,0.31994,0.074798,0.084033,0.00065025,0.0217,0.24259,0.31288,0.25293,0.082141,0.060085,0.032408,0.0020753,0.014894
0.066726,0.13721,0.34798,0.25893,0.072419,0.074264,0.00048025,0.041996,0.21623,0.39153,0.20751,0.07882,0.044251,0.039245,0.0026417,0.019773
0.082929,0.1583,0.31796,0.27923,0.079503,0.050481,0.0048851,0.026715,0.22531,0.32784,0.24364,0.088113,0.061082,0.045241,0.0012587,0.0075132
0.051738,0.20955,0.30564,0.29232,0.09088,0.039053,0.001884,0.0089407,0.30824,0.27251,0.25054,0.066395,0.066562,0.024415,0.0029445,0.0083934
0.098577,0.13542,0.2891,0.30615,0.10398,0.050212,0.00075378,0.01581,0.21991,0.27432,0.28044,0.11918,0.087088,0.016381,0.00090603,0.0017649
0.084414,0.11705,0.30627,0.30871,0.10945,0.063732,0.00021437,0.010175,0.21151,0.2946,0.19632,0.12819,0.13318,0.024384,0.0037012,0.0081179
0.098659,0.15232,0.3126,0.29043,0.073594,0.057362,0.0016678,0.013372,0.2136,0.27276,0.28046,0.13095,0.076577,0.019393,0.0042745,0.0019862
0.096338,0.14755,0.32874,0.25957,0.10507,0.057715,8.8358e-010,0.0050182,0.25516,0.25652,0.22531,0.13391,0.087832,0.031722,0.0036999,0.0058493
0.1048,0.17118,0.32844,0.23326,0.096687,0.054831,0.00040262,0.010404,0.20881,0.26543,0.25773,0.13342,0.10632,0.018499,0.0036461,0.0061505
0.082564,0.136,0.31292,0.25608,0.13932,0.04324,0.0029735,0.026915,0.23629,0.30513,0.20371,0.1291,0.086785,0.033272,0.00099033,0.0047222
0.069251,0.13285,0.33999,0.28311,0.11544,0.049425,5.1432e-005,0.0098753,0.20059,0.34058,0.19847,0.14319,0.071855,0.038759,0.0048748,0.0016842
0.06813,0.13284,0.36589,0.24993,0.12297,0.037127,1.8133e-006,0.023113,0.22894,0.329,0.19267,0.11186,0.092653,0.038094,0.0055919,0.0011913
0.070853,0.14106,0.33649,0.26472,0.13122,0.040329,0.0004295,0.014883,0.2193,0.33259,0.20052,0.12243,0.08995,0.028293,0.00090236,0.0060118
0.068434,0.1546,0.33207,0.28956,0.091322,0.050945,0.00065998,0.01241,0.21164,0.33451,0.21398,0.13064,0.069857,0.025936,0.006324,0.0071095
0.050949,0.14181,0.29221,0.30698,0.12177,0.063687,0.0073994,0.015188,0.21622,0.35958,0.17446,0.086153,0.11569,0.037156,0.0037753,0.0069542
0.085425,0.14274,0.28282,0.28879,0.11375,0.057052,0.0047854,0.02464,0.21219,0.30099,0.24326,0.13664,0.075118,0.020982,7.3671e-005,0.010758
0.073575,0.16208,0.2858,0.28514,0.099518,0.069355,0.00087431,0.023663,0.20502,0.32148,0.2486,0.13581,0.0577,0.011702,0.003123,0.016563
0.061703,0.12222,0.3262,0.2357,0.12549,0.10249,0.00086307,0.025331,0.19388,0.29782,0.24386,0.13914,0.092287,0.021814,0.0053177,0.0058892
0.076471,0.11997,0.35474,0.25905,0.10253,0.062268,4.1444e-005,0.024937,0.20209,0.295,0.21565,0.14053,0.11555,0.0074505,0.0033637,0.020366
0.078566,0.11341,0.29121,0.29116,0.10087,0.095779,0.00074317,0.02826,0.27602,0.27293,0.21658,0.11042,0.074059,0.029705,0.0048294,0.015452
0.092006,0.15926,0.29745,0.24657,0.12817,0.064446,0.00046952,0.011639,0.25013,0.28487,0.1996,0.16216,0.05986,0.030878,0.0010802,0.011425
0.070286,0.15499,0.33961,0.26491,0.077874,0.067575,0.002609,0.022148,0.19376,0.26966,0.23043,0.19504,0.077371,0.023987,0.00054378,0.0092129
0.06129,0.14462,0.34477,0.25531,0.096734,0.076475,0.0010789,0.019717,0.21239,0.24859,0.24437,0.14479,0.094941,0.040387,0.010984,0.0035505
0.073819,0.19171,0.26334,0.27727,0.12777,0.054896,0.0043621,0.0068412,0.21998,0.28301,0.21707,0.12437,0.070464,0.05485,0.0027644,0.027483
0.08496,0.13348,0.27689,0.30204,0.11831,0.052244,0.0027224,0.029346,0.30835,0.27026,0.20491,0.12076,0.06394,0.026797,0.00020829,0.0047744
0.095413,0.17117,0.25985,0.29677,0.073944,0.075429,0.0040869,0.023342,0.29251,0.26769,0.21445,0.12857,0.051996,0.024251,0.0051794,0.015354
0.081279,0.16104,0.28254,0.30344,0.09843,0.052083,0.0028837,0.018304,0.27042,0.21967,0.25046,0.13006,0.089404,0.031647,0.0023249,0.0060113
0.074852,0.14635,0.29188,0.30452,0.10417,0.056874,0.0044105,0.016948,0.22893,0.27789,0.22895,0.13669,0.09462,0.026321,0.0008315,0.0057637
0.077584,0.1372,0.27294,0.31764,0.10718,0.065969,0.0042495,0.017242,0.23832,0.31184,0.21526,0.11229,0.078241,0.040512,0.00053002,0.0030137
0.077494,0.16957,0.28825,0.27453,0.10481,0.068714,0.0035891,0.01304,0.21094,0.27785,0.22096,0.14425,0.087794,0.042665,0.0037849,0.011763
0.048515,0.14353,0.3275,0.32285,0.068572,0.064984,0.0018347,0.022225,0.21173,0.28074,0.18795,0.14931,0.12563,0.035779,0.0067149,0.0021498
0.078202,0.13147,0.33323,0.28298,0.09396,0.05332,0.00033016,0.026519,0.24593,0.29577,0.22276,0.11178,0.068867,0.049239,0.00019509,0.0054579
0.079519,0.12652,0.33793,0.29425,0.11369,0.039452,6.6288e-006,0.0086347,0.23125,0.29795,0.22731,0.11846,0.09211,0.022143,0.0074175,0.0033632
0.053642,0.17041,0.31494,0.28113,0.12429,0.043066,0.0012606,0.011259,0.2358,0.31358,0.23516,0.10236,0.094427,0.017924,2.9022e-005,0.00071159
0.10048,0.1763,0.26098,0.29149,0.10072,0.052342,0.0052516,0.012437,0.19254,0.32451,0.24492,0.16018,0.069227,0.0063972,1.6406e-005,0.0022228
0.098371,0.13856,0.29123,0.25651,0.12577,0.058293,0.0074672,0.023792,0.26153,0.30643,0.22243,0.11748,0.065638,0.021904,0.00046943,0.0041188
0.076827,0.16416,0.31964,0.24849,0.12778,0.04443,0.0050323,0.013637,0.27255,0.30674,0.21177,0.10117,0.078154,0.025436,0.00018747,0.003994
0.07115,0.10992,0.2976,0.28631,0.12609,0.085991,0.0065347,0.016402,0.20164,0.38205,0.19487,0.12017,0.073024,0.012079,0.0047814,0.011395
0.10979,0.10155,0.31841,0.27067,0.12338,0.059809,0.0054355,0.010956,0.21649,0.30224,0.23546,0.10349,0.095754,0.029393,0.012604,0.0045714
0.10534,0.15022,0.30774,0.19514,0.13732,0.053877,0.014195,0.036172,0.24547,0.26266,0.23443,0.14232,0.077858,0.031026,0.0008071,0.0054345
0.081948,0.13918,0.30733,0.25618,0.11812,0.059393,0.0079663,0.029879,0.21051,0.28165,0.24575,0.16206,0.060089,0.027937,0.00012734,0.011872
0.071905,0.12527,0.28234,0.27781,0.13747,0.07145,0.0085703,0.025185,0.19614,0.27628,0.28159,0.1475,0.059506,0.028618,0.00056354,0.0098061
0.095994,0.12666,0.27342,0.32209,0.09985,0.062569,0.009087,0.010332,0.20706,0.27046,0.24321,0.18598,0.064689,0.015367,0.00015203,0.01308
0.097659,0.12993,0.2876,0.26588,0.12897,0.079317,0.0057123,0.0049285,0.24832,0.24119,0.24,0.16167,0.074827,0.02382,0.0030972,0.0070765
0.066505,0.13508,0.3023,0.31745,0.1108,0.046917,0.002993,0.017952,0.2138,0.28382,0.27517,0.11904,0.054439,0.038769,0.00077414,0.014193
0.075003,0.15271,0.34993,0.25904,0.082754,0.060207,0.0029436,0.017414,0.20249,0.30285,0.23239,0.14125,0.06536,0.044043,0.0019188,0.0096938
0.081338,0.14669,0.31534,0.25793,0.11602,0.053182,0.0048752,0.024634,0.21418,0.29796,0.20341,0.18305,0.053521,0.045265,0.00029334,0.0023143
0.091413,0.13774,0.33227,0.23429,0.12305,0.045015,0.0049215,0.031299,0.21187,0.36222,0.20817,0.14087,0.040519,0.029255,0.00072199,0.0063751
0.095094,0.12026,0.33911,0.25687,0.10721,0.043907,0.0035904,0.033948,0.21827,0.30351,0.26244,0.12537,0.048944,0.039196,0.00026477,0.0020083
0.081879,0.16823,0.30772,0.26221,0.091622,0.065176,0.00028946,0.022873,0.17391,0.37914,0.22067,0.11635,0.043821,0.05247,0.0051551,0.0084883
0.085251,0.1238,0.33708,0.29706,0.097681,0.039246,0.0075392,0.012337,0.20344,0.31474,0.2262,0.1667,0.038958,0.037444,8.2378e-005,0.012443
0.071504,0.13695,0.29495,0.3261,0.11272,0.028239,0.0041367,0.025408,0.16823,0.41289,0.23161,0.099895,0.047132,0.033518,6.9761e-005,0.0066628
0.098635,0.15563,0.26098,0.30651,0.10428,0.046507,0.0058683,0.021584,0.25355,0.34672,0.19327,0.1366,0.041925,0.021854,0.00073679,0.0053418
0.081826,0.15699,0.24823,0.2911,0.13633,0.059376,0.0069378,0.019214,0.22635,0.33878,0.21694,0.11873,0.060496,0.0083875,0.010056,0.020269
0.089106,0.17387,0.26036,0.2669,0.14424,0.039778,0.009225,0.016521,0.24742,0.27029,0.24089,0.1344,0.087202,0.0098724,0.0075873,0.0023435
0.068158,0.18631,0.24255,0.25782,0.13093,0.080286,0.0090863,0.024861,0.18411,0.34153,0.24145,0.10519,0.090056,0.034165,3.0734e-005,0.0034753
0.053447,0.12395,0.31103,0.32492,0.087392,0.067989,0.0028575,0.028415,0.18484,0.28498,0.28577,0.12443,0.070817,0.041271,0.00071868,0.0071678
0.088107,0.16641,0.26292,0.28955,0.10563,0.066607,0.0084337,0.012341,0.19118,0.32887,0.28665,0.10706,0.056123,0.018967,0.0051349,0.0060182
0.069847,0.18197,0.25495,0.28431,0.095133,0.081829,0.0035412,0.028426,0.18656,0.30505,0.26914,0.10556,0.10394,0.028195,3.9181e-005,0.0015224
0.072543,0.15288,0.27195,0.28947,0.12763,0.062259,0.0028758,0.020395,0.22372,0.24419,0.30719,0.11474,0.07925,0.026896,0.0010523,0.0029594
0.080761,0.16144,0.26372,0.27945,0.10336,0.073353,0.014224,0.023697,0.15756,0.25062,0.31533,0.20416,0.055357,0.0072453,0.0013559,0.008371
0.08084,0.18107,0.2929,0.25212,0.11642,0.061853,0.0036752,0.011128,0.20477,0.24854,0.28716,0.17461,0.065167,0.011319,0.0056328,0.0027912
0.073549,0.16763,0.2549,0.31339,0.10865,0.070764,0.0041052,0.0070033,0.18389,0.21783,0.31846,0.13969,0.097029,0.033998,0.00783,0.0012771
0.071276,0.12576,0.27016,0.30294,0.13921,0.073807,0.0072378,0.0096208,0.25588,0.24352,0.26734,0.13815,0.073824,0.017613,0.000131,0.0035353
0.06258,0.16227,0.29307,0.27571,0.13254,0.052236,0.0099326,0.011656,0.17921,0.31411,0.24682,0.11935,0.081447,0.036655,0.0030039,0.019401
0.06845,0.1345,0.28023,0.2863,0.13614,0.071127,0.0037007,0.019543,0.20371,0.32388,0.22525,0.14233,0.064528,0.029711,0.0015963,0.0089951
0.096354,0.17591,0.24472,0.26989,0.11744,0.061341,0.0070668,0.027269,0.21919,0.3474,0.19921,0.13719,0.061304,0.025198,0.0028004,0.007715
0.073794,0.18021,0.27387,0.2493,0.11504,0.08495,0.0054291,0.0174,0.19396,0.29976,0.28031,0.094196,0.074876,0.044479,9.3308e-006,0.01241
0.091513,0.15008,0.29698,0.29517,0.10513,0.04727,0.0016575,0.012194,0.22,0.29953,0.27455,0.10116,0.062533,0.034079,0.0046674,0.0034809
0.074774,0.16762,0.26437,0.34143,0.083123,0.046513,0.0072642,0.014902,0.19566,0.29125,0.24035,0.14993,0.088247,0.03052,0.0029558,0.0010859
0.074954,0.19063,0.20232,0.35528,0.11987,0.036157,0.0007157,0.020076,0.19862,0.37682,0.1901,0.13231,0.089092,0.0088604,3.1545e-006,0.0041894
0.042024,0.16946,0.24016,0.38203,0.093211,0.043168,0.0015397,0.02841,0.23545,0.33318,0.22645,0.10436,0.045057,0.03217,0.011491,0.011848
0.053741,0.16762,0.32909,0.26065,0.13353,0.037007,1.2492e-005,0.01835,0.30093,0.34644,0.19043,0.083782,0.041608,0.028072,0.00063869,0.0080911
0.072998,0.18206,0.33834,0.25108,0.096133,0.045542,6.9962e-005,0.013779,0.25753,0.35201,0.24476,0.078356,0.04499,0.013138,0.0078261,0.00138
0.081893,0.2192,0.21852,0.24002,0.15074,0.072043,0.0022075,0.015367,0.22184,0.31111,0.24126,0.11237,0.071984,0.024036,0.00046734,0.01693
0.080165,0.18383,0.26574,0.2865,0.10646,0.048368,0.0014489,0.027481,0.23119,0.29329,0.22053,0.12018,0.087726,0.027852,0.0049152,0.014314
0.060674,0.19425,0.29439,0.25643,0.095329,0.057705,0.015221,0.026006,0.21113,0.29754,0.25472,0.11267,0.084575,0.017603,0.0019498,0.019808
0.055432,0.19856,0.32542,0.25308,0.088533,0.060765,0.0015755,0.016639,0.19686,0.28939,0.24919,0.13483,0.088479,0.019722,0.0023192,0.019211
0.065479,0.21593,0.32,0.22013,0.10956,0.05461,0.00092452,0.013367,0.18239,0.30823,0.23543,0.13888,0.099649,0.020232,0.0056893,0.009505
0.044185,0.20683,0.32195,0.28093,0.078418,0.043936,0.0050249,0.018728,0.16746,0.31728,0.20639,0.11713,0.1571,0.0080591,0.023014,0.0035618
0.067529,0.15755,0.31065,0.32022,0.075976,0.029194,0.010117,0.028772,0.15295,0.36499,0.26744,0.10624,0.070577,0.024022,0.010731,0.0030502
0.060548,0.15839,0.30872,0.3068,0.10029,0.055866,0.00026812,0.0091259,0.15631,0.33016,0.26856,0.13815,0.07338,0.023081,0.0005669,0.0097915
0.066825,0.16644,0.27455,0.33256,0.087965,0.039284,0.0022578,0.03012,0.17358,0.32306,0.23964,0.1417,0.070756,0.041728,0.0044228,0.0051182
0.068563,0.18508,0.27206,0.31899,0.07712,0.049237,0.0015999,0.027357,0.189,0.32087,0.20801,0.16208,0.077499,0.034073,0.00070366,0.007759
0.065689,0.12592,0.32734,0.30412,0.10538,0.061438,0.0017472,0.0083727,0.24592,0.30188,0.22869,0.15935,0.045297,0.0086628,0.0030737,0.0071312
0.061434,0.13933,0.33486,0.25286,0.090805,0.085753,0.0062921,0.028669,0.2407,0.28474,0.24372,0.14718,0.046436,0.033887,0.00087085,0.0024651
0.069953,0.14627,0.29764,0.26879,0.10719,0.076757,0.0070644,0.026329,0.18564,0.31262,0.27146,0.13967,0.060215,0.024425,0.0011817,0.0047919
0.10506,0.15359,0.26793,0.30228,0.095125,0.058219,0.00020389,0.017593,0.20318,0.24321,0.26253,0.18346,0.052428,0.043408,0.002159,0.0096196
0.097462,0.14508,0.28094,0.3157,0.10113,0.046873,0.00075607,0.012056,0.20748,0.30706,0.24093,0.13645,0.074185,0.020975,0.0058334,0.007073
0.099709,0.15411,0.27543,0.28404,0.11304,0.047579,0.00022018,0.025874,0.22217,0.31402,0.22919,0.12379,0.090403,0.013703,0.0016455,0.0050782
0.082513,0.13584,0.30209,0.28852,0.11465,0.057649,0.00043257,0.018299,0.25856,0.31982,0.20385,0.15078,0.044042,0.012415,0.003922,0.0066108
0.10483,0.15939,0.27523,0.26001,0.12925,0.036468,0.010471,0.024349,0.26231,0.23528,0.2707,0.15115,0.043982,0.036138,2.6895e-008,0.00043172
0.11007,0.17416,0.25461,0.27038,0.12672,0.048879,0.0069563,0.0082348,0.26075,0.2271,0.29561,0.11629,0.046067,0.029278,0.00070693,0.024193
0.10494,0.17914,0.26992,0.28141,0.094055,0.057127,0.0017916,0.011617,0.25037,0.24662,0.25185,0.17986,0.043738,0.026115,0.00051917,0.000925
0.089395,0.1783,0.28914,0.26256,0.099325,0.057682,0.0073363,0.016254,0.19448,0.23341,0.26523,0.21293,0.043491,0.037905,0.0012024,0.011344
0.062652,0.15393,0.26371,0.3144,0.097066,0.062015,0.013239,0.032987,0.18841,0.1904,0.31743,0.19008,0.060054,0.03298,0.0079784,0.012656
0.078764,0.14912,0.26994,0.30806,0.098842,0.073304,0.011622,0.010344,0.25795,0.26518,0.20229,0.17953,0.043063,0.038109,0.00088476,0.012994
0.050468,0.15386,0.35669,0.23936,0.1016,0.07066,0.0070812,0.020279,0.21278,0.26664,0.23386,0.14286,0.086873,0.054841,0.00090734,0.0012453
0.073858,0.15395,0.31538,0.2685,0.11852,0.047441,0.0054305,0.016922,0.22121,0.24714,0.24641,0.13691,0.085679,0.049293,0.0084446,0.0049045
0.073089,0.16853,0.32229,0.2293,0.12738,0.055614,0.0038581,0.019939,0.26903,0.25328,0.22377,0.13075,0.06662,0.044854,0.00076532,0.010927
0.096204,0.2061,0.24048,0.26963,0.081969,0.069436,0.0088352,0.027346,0.26954,0.24037,0.2272,0.16453,0.063451,0.027224,0.0060177,0.0016747
0.065729,0.18642,0.23485,0.28099,0.10946,0.078596,0.0078889,0.03607,0.19768,0.25122,0.26785,0.16625,0.052972,0.03057,0.019671,0.013782
0.072377,0.17974,0.24347,0.27945,0.11607,0.062759,0.0093735,0.03676,0.21936,0.29476,0.22271,0.19528,0.043366,0.0094226,0.0021964,0.012905
0.09507,0.17626,0.26351,0.27437,0.097367,0.060811,0.002506,0.030095,0.18228,0.2922,0.27572,0.14715,0.065861,0.019801,0.0035555,0.013432
0.070476,0.14995,0.28654,0.29968,0.10317,0.050683,0.0095748,0.029911,0.19816,0.32123,0.23704,0.14503,0.068309,0.0087515,0.00048065,0.021002
0.088968,0.16281,0.26607,0.24789,0.12584,0.068473,0.014807,0.02514,0.19541,0.31361,0.24997,0.15192,0.044817,0.027058,0.0014718,0.015752
0.061784,0.1386,0.28915,0.24961,0.12949,0.081198,0.010282,0.039891,0.22155,0.29363,0.25268,0.14252,0.038079,0.045904,6.9981e-005,0.0055704
0.10604,0.1069,0.29233,0.30486,0.10484,0.065363,0.0022502,0.017416,0.24712,0.20975,0.29988,0.15607,0.052364,0.03101,6.8662e-007,0.0038101
0.092413,0.13948,0.30532,0.25305,0.090978,0.086406,0.016559,0.015799,0.2405,0.27135,0.28977,0.12423,0.047952,0.021522,1.0488e-006,0.0046624
0.085183,0.1432,0.27243,0.26179,0.09595,0.10317,0.015606,0.02267,0.21407,0.27698,0.2425,0.15946,0.083626,0.022548,0.00060471,0.00020979
0.085592,0.14693,0.30558,0.2567,0.10972,0.061104,0.010712,0.023663,0.20568,0.26981,0.25158,0.14636,0.086682,0.038151,0.0001825,0.0015609
0.045501,0.15479,0.3567,0.22331,0.13201,0.06765,0.0053762,0.014669,0.2482,0.24375,0.24695,0.17707,0.056073,0.018542,0.0068697,0.0025456
0.064441,0.12877,0.36707,0.24314,0.099316,0.072209,0.0064623,0.018586,0.26817,0.24385,0.2388,0.16179,0.050319,0.0073138,0.011272,0.018483
0.053965,0.15855,0.29921,0.28144,0.12201,0.03576,0.020826,0.028228,0.22027,0.26392,0.25116,0.16492,0.067139,0.021114,0.005146,0.0063288
0.089711,0.14394,0.27957,0.29656,0.12082,0.038325,0.013139,0.017948,0.20075,0.28289,0.21809,0.14558,0.092926,0.012002,0.0036927,0.044071
0.072424,0.21097,0.26192,0.28071,0.12193,0.031403,0.0060664,0.01458,0.20262,0.29736,0.20493,0.17824,0.082754,0.021829,0.0016465,0.010611
0.06019,0.17728,0.34349,0.23674,0.10499,0.052418,0.003157,0.021736,0.24587,0.24536,0.23775,0.19838,0.046827,0.015949,1.8076e-005,0.0098423
0.085459,0.13171,0.35482,0.23571,0.12261,0.041397,0.0045233,0.023768,0.28868,0.26428,0.23468,0.11762,0.053257,0.037292,0.00079165,0.0033953
0.077119,0.1703,0.28846,0.25829,0.13794,0.021819,0.015958,0.030113,0.18984,0.33971,0.26057,0.11114,0.071497,0.023572,7.1324e-005,0.0036002
0.078006,0.12965,0.35567,0.21385,0.14995,0.034563,0.0084388,0.029867,0.19673,0.29297,0.25948,0.12478,0.091234,0.021421,8.0173e-007,0.013392
0.057775,0.16658,0.29515,0.2958,0.12096,0.038009,0.0051739,0.020543,0.22535,0.31391,0.22123,0.13403,0.066853,0.038518,3.5955e-006,0.00010798
0.085913,0.15355,0.32235,0.25976,0.131,0.032225,0.006632,0.0085691,0.20027,0.31287,0.25382,0.13052,0.066862,0.03103,0.0030566,0.0015616
0.078288,0.13056,0.29088,0.29105,0.14151,0.037343,0.0030818,0.027287,0.18314,0.31452,0.22693,0.18009,0.048473,0.033782,6.3322e-005,0.012994
0.066196,0.18654,0.32664,0.27843,0.083828,0.041903,0.0012003,0.015266,0.2124,0.2867,0.24859,0.14712,0.053775,0.034007,0.00087192,0.016535
0.072622,0.11141,0.30925,0.33051,0.10221,0.046064,0.0058056,0.022128,0.19616,0.28052,0.2768,0.1386,0.078456,0.024698,0.0015155,0.0032518
0.080423,0.11938,0.31677,0.31541,0.1032,0.028904,0.0095186,0.026382,0.22176,0.27042,0.21455,0.15736,0.103,0.020074,0.00076629,0.012062
0.078599,0.13577,0.29763,0.27592,0.13198,0.04344,0.013166,0.023485,0.18097,0.31746,0.18486,0.14972,0.10687,0.049342,0.00073527,0.01005
0.096026,0.1523,0.26773,0.26298,0.127,0.063965,0.01486,0.015141,0.19446,0.34274,0.18326,0.18517,0.064524,0.028303,3.6885e-010,0.0015456
0.09213,0.15804,0.27514,0.27839,0.11651,0.042437,0.0060183,0.031333,0.18112,0.29989,0.25684,0.14403,0.090034,0.020852,0.0017796,0.0054511
0.12053,0.10523,0.32692,0.23006,0.12636,0.033118,0.02634,0.031448,0.21792,0.32785,0.2666,0.1056,0.058557,0.0067867,0.00069958,0.015979
0.11541,0.11859,0.29851,0.27901,0.14228,0.019985,0.012527,0.013688,0.20929,0.30303,0.22474,0.14717,0.062842,0.034966,4.2538e-005,0.017929
0.096132,0.12097,0.31353,0.31476,0.10023,0.03254,0.0062577,0.015577,0.24585,0.301,0.20141,0.13164,0.08748,0.021489,0.00036572,0.010765
0.11922,0.14289,0.29517,0.26574,0.08938,0.037541,0.0030624,0.046988,0.27502,0.27438,0.21448,0.13451,0.075098,0.019159,0.0031875,0.004169
0.10908,0.14046,0.27862,0.2447,0.15815,0.053561,0.00011641,0.015312,0.27043,0.29072,0.22545,0.12853,0.063498,0.020156,0.0007235,0.00049338
0.079208,0.16211,0.30205,0.24284,0.13285,0.050195,0.0083567,0.022379,0.25861,0.26039,0.25081,0.14318,0.057246,0.020718,0.0049345,0.0041047
0.084519,0.12653,0.28481,0.26758,0.12439,0.080256,0.011626,0.02028,0.24175,0.23153,0.25111,0.16882,0.075661,0.029813,0.0011975,0.00012547
0.10575,0.13435,0.28264,0.2842,0.12134,0.05077,0.0030405,0.017913,0.28734,0.29351,0.22202,0.097133,0.068399,0.024044,0.0013608,0.0061993
0.11583,0.18276,0.26092,0.27563,0.099088,0.039756,0.006325,0.019686,0.21766,0.29736,0.23122,0.13575,0.076784,0.037691,6.4614e-006,0.0035309
0.085488,0.16786,0.2662,0.32228,0.094439,0.038305,0.0061798,0.019253,0.26051,0.27598,0.21079,0.16557,0.051967,0.030149,4.7824e-007,0.0050395
0.086552,0.13568,0.26773,0.25577,0.14132,0.078435,0.0038368,0.030674,0.23557,0.31096,0.20814,0.15419,0.068972,0.01957,8.788e-006,0.0025886
0.094101,0.16788,0.3222,0.27394,0.08372,0.040853,0.0060724,0.011242,0.18541,0.32553,0.2222,0.14648,0.079416,0.034626,0.00098851,0.0053461
0.086906,0.17818,0.29353,0.28211,0.085359,0.035133,0.0050368,0.033746,0.19748,0.27696,0.24992,0.2073,0.033121,0.026795,0.0002324,0.0081891
0.093119,0.15729,0.3108,0.26605,0.099612,0.037166,0.010214,0.025755,0.25047,0.28154,0.23025,0.13253,0.059396,0.031665,0.0013557,0.012802
0.11323,0.11927,0.34198,0.25596,0.10983,0.035515,0.0049725,0.019253,0.17874,0.34244,0.25366,0.10335,0.071854,0.04103,0.0030148,0.0059117
0.085152,0.14775,0.32977,0.22296,0.14631,0.053687,0.0066787,0.0076905,0.22519,0.2968,0.27533,0.10775,0.08107,0.0090164,4.6899e-007,0.0048442
0.091738,0.14083,0.31055,0.26538,0.10296,0.053562,0.015217,0.019762,0.22449,0.25775,0.29893,0.11836,0.086287,0.011395,0.00023797,0.0025595
0.073711,0.15786,0.26881,0.26445,0.13891,0.062949,0.010399,0.022898,0.19742,0.25485,0.2992,0.11515,0.092221,0.031186,0.00019741,0.0097743
0.10493,0.1386,0.24705,0.31534,0.11031,0.05623,0.0025341,0.025005,0.19928,0.28037,0.28787,0.1217,0.066184,0.037013,0.0044349,0.0031492
0.0557,0.17697,0.27805,0.29278,0.12135,0.049753,0.0085907,0.016801,0.20846,0.29374,0.2786,0.1142,0.063424,0.032375,0.0062914,0.0029088
0.062171,0.15038,0.28688,0.30495,0.11094,0.072447,0.0029319,0.0092947,0.17239,0.30428,0.28173,0.13405,0.08091,0.017086,0.0030859,0.0064715
0.08824,0.1458,0.27637,0.29649,0.11584,0.059195,0.0042461,0.013816,0.20522,0.28846,0.33181,0.086261,0.067905,0.0077131,0.0092335,0.003395
0.08324,0.17251,0.2959,0.30623,0.075469,0.039615,0.0014339,0.025597,0.2326,0.28158,0.26878,0.10954,0.068972,0.012872,0.0022392,0.023421
0.094299,0.13854,0.30796,0.32356,0.073976,0.037688,0.0032224,0.020757,0.1941,0.2744,0.31963,0.11393,0.061743,0.021574,0.00033188,0.014294
0.083793,0.21103,0.31374,0.2623,0.076893,0.026199,0.00028403,0.025758,0.24792,0.23525,0.2731,0.12788,0.087401,0.021052,0.0014265,0.0059759
0.092585,0.18446,0.27097,0.33142,0.065954,0.039815,0.0048564,0.0099426,0.24571,0.22467,0.30745,0.10247,0.077921,0.020414,0.0031645,0.018211
0.095602,0.19981,0.25396,0.27874,0.10154,0.04797,0.0031121,0.01927,0.25775,0.25375,0.30002,0.12033,0.034138,0.025002,0.00095772,0.0080532
0.090608,0.16135,0.26179,0.31203,0.13,0.022823,0.00012907,0.021271,0.21964,0.24311,0.31125,0.12468,0.073967,0.016539,0.00027679,0.010538
0.069522,0.19012,0.31422,0.30409,0.087193,0.023301,0.00023956,0.011319,0.24947,0.22593,0.26325,0.16502,0.065933,0.027068,0.00014033,0.0031997
0.079065,0.11622,0.31191,0.30187,0.14134,0.029084,0.00045992,0.020043,0.18984,0.28809,0.26602,0.13343,0.081552,0.035163,0.0056348,0.00027809
0.096972,0.12582,0.36016,0.25423,0.091198,0.037573,0.0014354,0.032613,0.2196,0.27288,0.24844,0.14906,0.080708,0.025296,0.0015095,0.0025072
0.060109,0.14297,0.39496,0.22499,0.1281,0.025859,0.0008099,0.02221,0.22968,0.28004,0.22397,0.17737,0.051063,0.034888,8.5045e-005,0.0028952
0.073826,0.15614,0.36888,0.26513,0.10019,0.016774,0.00083657,0.018217,0.25028,0.33034,0.21939,0.11096,0.066985,0.019665,0.00032124,0.0020685
0.07029,0.14166,0.34456,0.24617,0.136,0.034785,0.0012317,0.025296,0.21504,0.3053,0.25777,0.13841,0.063858,0.015293,0.003447,0.00088234
0.065424,0.14646,0.33268,0.29621,0.12012,0.029212,0.00028222,0.0096178,0.25032,0.30146,0.21376,0.14117,0.054008,0.036019,0.00050656,0.0027587
0.069516,0.10108,0.37548,0.28439,0.10362,0.032784,0.0088895,0.024236,0.20784,0.32629,0.2613,0.0989,0.06846,0.033285,0.0011452,0.0027805
0.12222,0.097707,0.31391,0.29639,0.11156,0.041123,0.0056164,0.011465,0.22208,0.31816,0.23155,0.12923,0.071754,0.026931,6.3631e-005,0.00023411
0.0746,0.1412,0.29697,0.29294,0.14599,0.023942,0.0026864,0.021676,0.20573,0.368,0.20824,0.11189,0.062863,0.038148,0.00056446,0.0045671
0.077645,0.12489,0.30053,0.31581,0.14683,0.012865,3.7184e-005,0.02139,0.22951,0.27857,0.27054,0.12224,0.064936,0.018915,0.00022209,0.015074
0.076906,0.15546,0.30882,0.24709,0.16218,0.026449,0.0015434,0.021543,0.19378,0.28945,0.27525,0.15214,0.06511,0.0067022,0.0074387,0.010137
0.08367,0.14317,0.30523,0.26527,0.14738,0.041501,4.0932e-006,0.013776,0.23944,0.29382,0.25786,0.11599,0.068257,0.015081,0.0040868,0.0054665
0.070987,0.14689,0.30343,0.24886,0.16007,0.047452,0.00056027,0.02175,0.25917,0.31744,0.20954,0.13814,0.060872,0.0081917,0.00049538,0.0061512
0.1017,0.12162,0.27915,0.32802,0.12309,0.035127,1.2208e-006,0.011289,0.27529,0.25007,0.22476,0.16556,0.043598,0.029463,5.3378e-005,0.011215
0.097856,0.10332,0.31089,0.3147,0.10104,0.026538,0.0018862,0.043763,0.23836,0.27139,0.27498,0.11758,0.068073,0.024628,0.0015739,0.0034214
0.09002,0.14996,0.28408,0.29358,0.12335,0.032208,0.0019199,0.024876,0.23351,0.30603,0.23453,0.13162,0.07119,0.017093,0.0030357,0.0029911
0.11384,0.12822,0.31175,0.24059,0.1311,0.050238,0.0030068,0.021246,0.25771,0.31242,0.25793,0.08779,0.045295,0.024403,0.0025492,0.011913
0.090746,0.15891,0.33298,0.23768,0.12287,0.040649,7.8422e-005,0.016079,0.25641,0.32349,0.24623,0.073868,0.056351,0.03799,0.00072162,0.0049424
0.066904,0.15227,0.3422,0.26425,0.12381,0.033198,0.0007802,0.016592,0.2027,0.30533,0.25894,0.11673,0.059818,0.032692,0.0040613,0.019726
0.089001,0.12526,0.31901,0.26697,0.12891,0.04707,0.00099944,0.022779,0.2272,0.2991,0.24618,0.12109,0.052695,0.047603,0.0017918,0.0043475
0.10299,0.13144,0.31625,0.26567,0.098526,0.060559,0.00028226,0.024285,0.28068,0.26078,0.25831,0.099888,0.050236,0.041437,0.0002617,0.0084114
0.078723,0.11306,0.29345,0.3005,0.11962,0.080292,0.0013156,0.013034,0.24439,0.29409,0.21533,0.11525,0.088826,0.015353,0.010952,0.015804
0.074752,0.12473,0.23892,0.31709,0.14828,0.08223,0.0016447,0.012362,0.21553,0.28385,0.22884,0.11488,0.075515,0.074014,0.00040074,0.006971
0.092583,0.15794,0.2884,0.23712,0.13156,0.078368,0.0014303,0.0126,0.2218,0.31382,0.23897,0.10758,0.058042,0.034871,0.0010797,0.023845
0.09895,0.16406,0.32592,0.24362,0.10729,0.038033,0.0068915,0.015234,0.23974,0.29783,0.24795,0.10193,0.065788,0.024994,0.00047958,0.021296
0.10283,0.13351,0.35115,0.20851,0.11693,0.064818,0.0041396,0.018107,0.23303,0.30397,0.26883,0.1236,0.053849,0.0094402,0.0016345,0.0056458
0.069929,0.10829,0.28492,0.28875,0.14015,0.063428,0.0028772,0.041651,0.23831,0.26257,0.25499,0.13827,0.076751,0.019536,0.0034264,0.006138
0.090507,0.1317,0.2895,0.27992,0.14242,0.049077,0.0010437,0.01583,0.19529,0.29183,0.23566,0.13766,0.094908,0.040067,0.002082,0.0025026
0.053542,0.13919,0.29226,0.27655,0.14108,0.063884,0.00070083,0.032794,0.23404,0.27759,0.24757,0.16592,0.057449,0.014199,0.002597,0.00063501
0.079687,0.14008,0.31181,0.2857,0.12722,0.038804,0.00062283,0.016063,0.17461,0.34996,0.26235,0.11936,0.058384,0.031416,0.0014597,0.002456
0.087284,0.16797,0.31761,0.25609,0.11612,0.046984,0.0027006,0.0052422,0.1919,0.33363,0.27664,0.09419,0.070319,0.027958,0.00010307,0.0052559
0.071765,0.14894,0.34103,0.26439,0.10154,0.045608,0.0032392,0.023489,0.15718,0.4095,0.23866,0.095667,0.059929,0.027255,0.00072842,0.011079
0.086972,0.15611,0.28915,0.2273,0.16917,0.0377,0.0071027,0.026494,0.19261,0.31861,0.26102,0.11718,0.069972,0.024689,0.0013358,0.014579
0.062054,0.12762,0.31041,0.27474,0.1419,0.054794,0.0016238,0.026861,0.17083,0.37894,0.22019,0.14367,0.05492,0.029368,0.0010712,0.0010114
0.077868,0.10281,0.2524,0.32213,0.11485,0.085753,0.0014328,0.04276,0.21039,0.35647,0.2448,0.10568,0.06335,0.014314,0.00025727,0.0047369
0.082908,0.11051,0.28168,0.33025,0.1022,0.067471,0.0021473,0.022848,0.18986,0.33239,0.25804,0.11247,0.074836,0.019997,0.0056168,0.0067894
0.069275,0.12961,0.27838,0.32527,0.12403,0.052175,0.0014419,0.019819,0.22988,0.30127,0.25577,0.11316,0.063261,0.024974,0.0047271,0.0069441
0.089393,0.14839,0.31266,0.27886,0.11171,0.03982,6.7448e-005,0.019096,0.19573,0.26286,0.30075,0.11043,0.089596,0.028051,0.002051,0.010539
0.082086,0.15842,0.36476,0.23673,0.096619,0.039427,0.0017585,0.020211,0.16906,0.297,0.26417,0.16168,0.07242,0.031442,0.0016675,0.0025586
0.080408,0.18869,0.2973,0.24966,0.106,0.054229,1.3033e-006,0.023707,0.23001,0.29744,0.26683,0.10252,0.047516,0.050371,0.00025482,0.005062
0.088573,0.17617,0.30691,0.23803,0.11346,0.06189,0.00083495,0.014138,0.26798,0.24435,0.24811,0.11696,0.096057,0.017304,0.0030302,0.006205
0.083865,0.17549,0.29436,0.27963,0.11489,0.043312,2.5776e-005,0.0084345,0.2307,0.26026,0.26077,0.1188,0.11512,0.0077415,0.0021897,0.0044096
0.091631,0.16187,0.31762,0.25792,0.097951,0.060805,0.00097921,0.011226,0.22119,0.25845,0.28956,0.11965,0.09495,0.011369,0.0043532,0.00048133
0.075304,0.17219,0.29097,0.28635,0.10177,0.059544,1.8416e-005,0.013847,0.19178,0.27523,0.26008,0.13208,0.10091,0.02681,0.0081276,0.0049858
0.064581,0.16815,0.26877,0.28059,0.11283,0.095174,6.3809e-013,0.0099064,0.22205,0.34719,0.20169,0.11923,0.069528,0.025187,0.0055948,0.0095284
0.050449,0.16791,0.28835,0.30505,0.096475,0.07872,0.00056589,0.012471,0.19483,0.31803,0.23753,0.12547,0.089222,0.031329,0.00017161,0.0034211
0.061069,0.11967,0.3749,0.27694,0.078247,0.064706,2.6419e-019,0.02446,0.2372,0.31959,0.23029,0.11667,0.077874,0.013186,0.00092579,0.0042717
0.069618,0.1416,0.28395,0.34951,0.057349,0.081989,3.2434e-011,0.015981,0.20239,0.30195,0.24378,0.13494,0.092163,0.01842,0.0033274,0.0030336
0.082029,0.15241,0.29992,0.29085,0.097653,0.055514,0.00066525,0.020966,0.18915,0.29863,0.25406,0.14909,0.077321,0.025517,0.0025305,0.0037022
0.090316,0.11975,0.31241,0.30467,0.10733,0.050676,8.3101e-008,0.014854,0.25019,0.31263,0.26326,0.082516,0.076626,0.010793,0.00013862,0.0038409
0.090985,0.10412,0.33046,0.2958,0.10059,0.065632,8.6658e-006,0.0124,0.22083,0.27773,0.21046,0.11703,0.14099,0.02537,0.0046729,0.0029161
0.062803,0.10366,0.30628,0.32272,0.12831,0.050896,0.0054503,0.019892,0.19511,0.31467,0.26272,0.12245,0.083618,0.019335,0.00041484,0.0016711
0.073798,0.15681,0.29508,0.28086,0.11419,0.071814,0.0013876,0.00607,0.22185,0.2657,0.28298,0.11832,0.081146,0.016205,0.0018043,0.012002
0.072008,0.15754,0.30983,0.28954,0.10161,0.044936,0.0052803,0.019263,0.17204,0.34022,0.22838,0.14464,0.075522,0.037409,0.00018855,0.0015982
0.041091,0.14258,0.34786,0.27808,0.1162,0.05858,3.1141e-006,0.015603,0.20529,0.31618,0.27224,0.11959,0.052438,0.026533,0.00063578,0.0070999
0.046055,0.13655,0.33469,0.26825,0.1201,0.05963,0.00011082,0.034604,0.23108,0.27003,0.28121,0.12745,0.071517,0.016733,8.5129e-005,0.0019021
0.080517,0.14774,0.35436,0.26504,0.085389,0.048587,0.0010493,0.017319,0.2343,0.27497,0.20124,0.15929,0.094042,0.024239,0.0021246,0.0097925
0.051162,0.12338,0.3439,0.33605,0.091398,0.046357,0.0003701,0.0073874,0.22937,0.29272,0.23344,0.15472,0.071183,0.012993,0.003272,0.0023043
0.057253,0.16246,0.31887,0.3304,0.08137,0.04255,0.00022007,0.0068818,0.32332,0.28979,0.18137,0.12151,0.050039,0.029937,0.0023644,0.0016814
0.048166,0.14767,0.3255,0.27174,0.13216,0.058395,0.00012883,0.016242,0.22771,0.30925,0.21694,0.15197,0.045421,0.035986,0.0043947,0.0083205
0.044149,0.13839,0.34603,0.30866,0.093175,0.044576,0.00015106,0.024874,0.2194,0.25233,0.23923,0.15422,0.077902,0.038895,0.0085679,0.0094548
0.066311,0.12341,0.31554,0.32517,0.091826,0.055843,0.0017688,0.020121,0.20072,0.30643,0.23756,0.14316,0.069169,0.033748,0.0041445,0.0050652
0.068422,0.11888,0.3227,0.3273,0.10663,0.041233,0.0015918,0.013242,0.12528,0.33406,0.26266,0.16662,0.0783,0.024371,0.00213,0.0065738
0.051642,0.15572,0.29819,0.31386,0.11408,0.044666,0.00059369,0.021258,0.19775,0.28061,0.2693,0.16589,0.064725,0.015198,0.0010705,0.0054559
0.030415,0.1464,0.33108,0.29736,0.115,0.056927,0.0052022,0.017608,0.19443,0.27537,0.26542,0.14173,0.095564,0.022055,0.00014633,0.0052912
0.070193,0.13112,0.38199,0.24431,0.071704,0.07383,0.0010416,0.025813,0.18628,0.28039,0.27961,0.1534,0.067756,0.0311,0.00086958,0.00058069
0.076619,0.11838,0.34343,0.29325,0.092521,0.05097,0.0094981,0.015326,0.15916,0.28586,0.24767,0.16767,0.10187,0.025565,0.00060516,0.011601
0.10551,0.12071,0.30743,0.28339,0.098369,0.062525,0.00042219,0.02164,0.208,0.30416,0.22839,0.11685,0.093414,0.022869,0.0067797,0.019544
0.075214,0.11901,0.31273,0.28927,0.12907,0.054167,0.0027081,0.017837,0.18525,0.345,0.2377,0.1212,0.064106,0.024392,0.0076492,0.014704
0.091896,0.13112,0.26443,0.30432,0.12759,0.053843,5.8912e-007,0.026811,0.26617,0.31623,0.23733,0.092976,0.055385,0.018609,0.00033106,0.012975
0.075427,0.14086,0.31938,0.25618,0.13222,0.042287,0.0001042,0.033544,0.26035,0.26882,0.24155,0.12268,0.063763,0.028212,0.0036455,0.010979
0.070214,0.13278,0.30574,0.28779,0.11649,0.069082,0.0013191,0.016583,0.23734,0.30559,0.22677,0.11546,0.060009,0.037602,0.00043687,0.016804
0.053307,0.13751,0.29873,0.24189,0.17348,0.084136,0.0010242,0.0099205,0.22226,0.28261,0.28906,0.097873,0.055059,0.037964,0.00056731,0.014611
0.073687,0.13974,0.30925,0.25359,0.1551,0.049646,4.2351e-005,0.018941,0.22025,0.2781,0.25527,0.13124,0.075739,0.033897,0.0002921,0.0052097
0.051652,0.17478,0.32588,0.25136,0.10428,0.068319,0.00027265,0.023451,0.20278,0.26326,0.2826,0.17223,0.053473,0.019608,0.0038173,0.0022332
0.059014,0.18321,0.33575,0.2756,0.08698,0.038872,7.5738e-005,0.020496,0.20351,0.26786,0.27558,0.16589,0.060743,0.011289,0.0064495,0.0086854
0.064547,0.18014,0.26763,0.30627,0.11063,0.040926,0.0010444,0.028823,0.238,0.28419,0.26015,0.12894,0.075474,0.0094064,0.00037023,0.0034676
0.090131,0.13707,0.29528,0.2602,0.12047,0.07652,0.001874,0.01844,0.21698,0.29554,0.25625,0.11576,0.097585,0.010478,0.0010598,0.0063471
0.07382,0.13039,0.39781,0.24258,0.08765,0.046568,0.0014047,0.019779,0.20935,0.26494,0.26019,0.14801,0.085595,0.0096041,0.0071738,0.015138
0.067342,0.14861,0.37345,0.23682,0.11012,0.050954,0.004213,0.0084909,0.20627,0.25521,0.26183,0.15094,0.092429,0.018415,0.0020638,0.012846
0.059169,0.13728,0.33015,0.25029,0.12883,0.051265,0.0075201,0.0355,0.173,0.29227,0.27756,0.15374,0.07065,0.028169,0.00051871,0.0040897
0.068132,0.13461,0.35304,0.25686,0.12283,0.055381,0.00090102,0.0082459,0.16711,0.25612,0.28233,0.18242,0.073161,0.024739,0.0015788,0.012528
0.087864,0.17225,0.25822,0.26889,0.13115,0.063932,0.0020393,0.01565,0.2082,0.33181,0.24993,0.14377,0.042344,0.014892,0.00077491,0.0082816
0.054062,0.18946,0.27962,0.29065,0.093174,0.07634,5.3136e-005,0.016638,0.1946,0.28594,0.27329,0.14372,0.061442,0.031825,0.0027185,0.0064655
0.05322,0.16755,0.29753,0.29844,0.099717,0.053853,0.0011431,0.028554,0.19081,0.2837,0.26412,0.15159,0.063384,0.032695,0.012052,0.0016466
0.076877,0.13918,0.29782,0.31564,0.10203,0.04108,0.003901,0.023477,0.21314,0.30088,0.24438,0.12493,0.073382,0.021861,0.014341,0.0070848
0.083757,0.14231,0.24945,0.33742,0.088778,0.079107,0.0032661,0.015913,0.22768,0.25692,0.23568,0.13079,0.090986,0.030619,0.013732,0.013587
0.055255,0.13941,0.32406,0.30427,0.10289,0.056557,0.00014568,0.017407,0.19678,0.27754,0.31209,0.093616,0.089334,0.015294,0.014966,0.00037306
0.05291,0.14992,0.28807,0.3199,0.13048,0.044394,0.0035626,0.010768,0.23427,0.29085,0.26069,0.10612,0.077993,0.01823,0.0050098,0.0068404
0.076413,0.15438,0.28045,0.30238,0.11601,0.061236,2.6304e-005,0.0091094,0.23869,0.26471,0.24925,0.10759,0.080966,0.039123,0.0050144,0.014651
0.069588,0.14156,0.27747,0.33206,0.10385,0.058064,9.216e-005,0.017317,0.25983,0.27013,0.22628,0.11971,0.057106,0.055544,0.00066249,0.010751
0.082913,0.17016,0.253,0.36357,0.067683,0.051604,0.00027589,0.010793,0.23448,0.31658,0.26164,0.067948,0.075825,0.033503,0.0024778,0.0075438
0.08662,0.18125,0.28546,0.29495,0.091273,0.046701,5.65e-006,0.013746,0.20866,0.31045,0.285,0.070752,0.087226,0.025718,0.0020721,0.010129
0.088029,0.14536,0.26955,0.31395,0.11916,0.046822,4.5986e-009,0.017131,0.21786,0.27372,0.27809,0.080741,0.080138,0.048207,0.0062085,0.015035
0.058402,0.16798,0.26996,0.29813,0.11771,0.056999,0.00078461,0.030034,0.25143,0.31033,0.2536,0.0875,0.06315,0.021657,0.00050119,0.011835
0.049677,0.14391,0.31208,0.30116,0.10267,0.072901,0.00010464,0.01749,0.21315,0.29249,0.29037,0.087643,0.078168,0.018207,0.010917,0.0090473
0.058846,0.14853,0.32532,0.30694,0.09561,0.043384,5.9157e-005,0.021307,0.22832,0.28124,0.25058,0.087281,0.10338,0.038345,0.0017337,0.0091186
0.082802,0.14261,0.28413,0.31238,0.093586,0.061295,0.0014274,0.021772,0.21933,0.29358,0.26089,0.088011,0.083666,0.037418,0.008545,0.0085569
0.076735,0.14848,0.34046,0.27082,0.10362,0.044493,0.00078329,0.014604,0.20236,0.27112,0.27194,0.12836,0.081237,0.032164,0.004837,0.0079898
0.094272,0.15874,0.28317,0.30233,0.099198,0.045776,7.571e-005,0.016435,0.19796,0.29947,0.25334,0.15215,0.057205,0.029151,0.0043671,0.0063529
0.053726,0.16247,0.30384,0.30339,0.10284,0.057132,0.0024778,0.014124,0.17715,0.29428,0.26879,0.12896,0.086021,0.011639,0.0023954,0.030769
0.045436,0.16848,0.263,0.32505,0.11325,0.064484,0.0019161,0.018383,0.17884,0.32136,0.31778,0.067617,0.078123,0.02148,0.0064267,0.008366
0.085505,0.14368,0.29435,0.29213,0.10896,0.042161,0.0039484,0.029257,0.18315,0.28606,0.32279,0.10047,0.054571,0.042651,0.0071994,0.0031019
0.065038,0.12389,0.29715,0.28077,0.13606,0.065144,0.009525,0.022428,0.20464,0.31278,0.28492,0.12547,0.040199,0.017116,0.0034824,0.011397
0.063184,0.1908,0.26662,0.29704,0.11358,0.041692,0.0019011,0.025195,0.20425,0.35982,0.22812,0.13523,0.050026,0.020147,0.00091626,0.0014973
0.078241,0.15246,0.30369,0.30194,0.091696,0.044604,0.0018499,0.025516,0.19139,0.31511,0.29077,0.11291,0.042953,0.031968,0.0047791,0.010114
0.10625,0.14429,0.33199,0.25079,0.095519,0.045387,0.00063066,0.025147,0.17878,0.27454,0.27761,0.13442,0.063828,0.05585,0.014441,0.00052912
0.067329,0.13082,0.33943,0.26364,0.11427,0.059981,0.0028905,0.021628,0.17949,0.24835,0.35411,0.11411,0.043071,0.052091,0.0082068,0.0005724
0.054237,0.13923,0.34894,0.27324,0.10481,0.060395,0.00065607,0.018494,0.18027,0.3062,0.30988,0.094131,0.056956,0.043509,0.0014226,0.0076332
0.070267,0.1605,0.30231,0.24427,0.14128,0.066076,0.004259,0.011043,0.27067,0.31926,0.21307,0.10938,0.054656,0.021284,0.00063687,0.011038
0.085234,0.18472,0.31683,0.23898,0.10232,0.063091,0.00026114,0.0085602,0.27407,0.29774,0.21721,0.1466,0.042463,0.013412,0.00011648,0.0083898
0.058135,0.17187,0.30829,0.23518,0.13299,0.080875,0.00020985,0.012443,0.2095,0.33285,0.24843,0.13058,0.059586,0.0054587,0.0004584,0.013141
0.076044,0.15867,0.2762,0.2882,0.13539,0.034067,0.0053801,0.026053,0.23233,0.33801,0.23805,0.098512,0.076083,0.011077,0.0030627,0.0028818
0.048978,0.18437,0.30353,0.28549,0.12593,0.035449,0.0081522,0.0081033,0.22398,0.30333,0.24394,0.1451,0.051451,0.020212,0.0023096,0.0096929
0.027876,0.1705,0.35072,0.29233,0.11546,0.031001,0.002163,0.0099544,0.23608,0.35369,0.18436,0.15299,0.043844,0.024711,0.001984,0.0023394
0.029907,0.11635,0.34848,0.30297,0.13471,0.023559,0.0071936,0.036837,0.22299,0.29611,0.21303,0.11221,0.1114,0.035137,0.0036766,0.0054461
0.038377,0.1097,0.39331,0.28688,0.12553,0.024437,0.0098953,0.011875,0.19964,0.31793,0.25214,0.12097,0.078225,0.024836,0.0020478,0.0041966
0.047204,0.15587,0.36324,0.26274,0.10691,0.041195,0.0081188,0.014725,0.17401,0.2555,0.27261,0.17428,0.084511,0.036098,0.00031763,0.0026698
0.076296,0.17899,0.30221,0.27513,0.092268,0.054273,0.0058166,0.015018,0.17376,0.2989,0.27321,0.11421,0.085633,0.050746,0.0005877,0.0029492
0.072624,0.11789,0.36066,0.24596,0.14461,0.037068,0.0014581,0.019727,0.22158,0.33785,0.2099,0.13613,0.067694,0.020413,0.0023837,0.0040454
0.089936,0.15488,0.32698,0.23701,0.1414,0.027796,0.0016277,0.020374,0.19431,0.34502,0.23778,0.14186,0.05929,0.017072,0.00028442,0.0043875
0.064821,0.19164,0.33636,0.26514,0.10011,0.015784,0.0026685,0.023477,0.16773,0.35474,0.25641,0.089964,0.076985,0.049137,0.0021041,0.0029319
0.077088,0.15561,0.3408,0.27376,0.10452,0.026904,7.8346e-006,0.021316,0.19409,0.35104,0.2535,0.098709,0.06971,0.027243,0.00059626,0.0051099
0.086268,0.18092,0.31741,0.29557,0.077,0.033581,7.225e-006,0.0092479,0.20367,0.34994,0.27002,0.07962,0.076425,0.011163,0.0022786,0.0068792
0.065464,0.17521,0.29008,0.32814,0.082392,0.04386,0.002132,0.012726,0.21719,0.30891,0.2376,0.13974,0.067487,0.017784,0.00079263,0.010486
0.090301,0.14715,0.30964,0.28655,0.11151,0.038499,0.00092485,0.015427,0.23244,0.27062,0.25223,0.11187,0.1019,0.020077,0.00025654,0.010608
0.083795,0.13127,0.35371,0.22785,0.1517,0.037075,3.7684e-006,0.014588,0.23224,0.29017,0.24606,0.13723,0.075348,0.0067518,1.8515e-005,0.012182
0.050823,0.098577,0.39081,0.29583,0.1026,0.049803,0.00060951,0.010946,0.27832,0.29285,0.21718,0.093369,0.096041,0.015093,0.00045597,0.006699
0.041359,0.1404,0.31309,0.33191,0.089638,0.066767,6.9603e-006,0.016829,0.26196,0.26568,0.19471,0.14969,0.080283,0.043213,3.0914e-005,0.0044248
0.066467,0.13444,0.267,0.35948,0.088762,0.062831,0.00016726,0.020843,0.25333,0.26972,0.21047,0.1398,0.079022,0.042632,0.00092574,0.0040942
0.096321,0.12863,0.29492,0.33145,0.074807,0.063339,5.316e-005,0.010479,0.20464,0.24352,0.24976,0.19698,0.077665,0.020132,2.8766e-008,0.0072992
0.087678,0.18426,0.26819,0.28082,0.10653,0.054492,0.00076558,0.017262,0.24291,0.29349,0.20453,0.13495,0.093738,0.019881,5.9199e-005,0.010435
0.078259,0.15687,0.31269,0.31983,0.077705,0.040297,0.001793,0.01256,0.25451,0.30157,0.21025,0.11663,0.09863,0.010402,1.6267e-005,0.0079963
0.07246,0.14599,0.36301,0.27687,0.086355,0.040469,0.0016685,0.013177,0.2055,0.31137,0.25496,0.10463,0.080944,0.036879,0.0014554,0.0042598
0.06916,0.20426,0.32446,0.23319,0.087436,0.053582,0.0011398,0.026762,0.20851,0.29232,0.27835,0.092373,0.082268,0.0394,0.004184,0.0025974
0.066809,0.16395,0.2976,0.29346,0.099889,0.045426,0.0050637,0.027798,0.24797,0.27176,0.24809,0.066773,0.10368,0.044722,0.0028622,0.014134
0.066297,0.17146,0.29974,0.30382,0.082455,0.066609,0.00091163,0.0087128,0.24913,0.32317,0.25301,0.052714,0.10066,0.017499,0.00047607,0.0033362
0.081855,0.18697,0.30129,0.26164,0.096936,0.051326,0.0018743,0.018099,0.25409,0.31126,0.21938,0.08974,0.10525,0.012742,0.0065674,0.00097027
0.048073,0.12455,0.33695,0.28372,0.11167,0.068627,0.00055377,0.025853,0.20125,0.35379,0.22767,0.098503,0.086888,0.025265,0.00048514,0.0061563
0.082816,0.1621,0.32867,0.27898,0.090445,0.039663,0.0012741,0.016054,0.18592,0.33175,0.22266,0.098353,0.11086,0.041757,0.0069982,0.0017146
0.062295,0.19696,0.32743,0.27367,0.063333,0.063774,0.0014246,0.011117,0.21132,0.28457,0.25037,0.095975,0.12439,0.030117,0.0013919,0.0018782
0.063768,0.19107,0.31701,0.26552,0.092385,0.058087,3.0262e-005,0.012123,0.21341,0.27296,0.30441,0.094997,0.09872,0.012284,0.00021129,0.0030074
0.08673,0.13616,0.29948,0.28295,0.078085,0.098052,2.2174e-005,0.018519,0.20525,0.30895,0.28352,0.076739,0.091821,0.028037,0.0011333,0.0045392
0.080872,0.17454,0.30611,0.24492,0.098956,0.078901,0.00049864,0.015192,0.1738,0.30782,0.28933,0.084998,0.086349,0.042063,0.00031734,0.015316
0.066153,0.16473,0.31958,0.27092,0.090934,0.066587,0.00012541,0.020969,0.24704,0.34307,0.2177,0.080974,0.089215,0.019318,0.0020687,0.00061095
0.074693,0.11041,0.30174,0.28507,0.14068,0.056785,0.0035984,0.027028,0.26559,0.26629,0.2394,0.11233,0.071172,0.036159,4.4545e-005,0.009013
0.064394,0.1516,0.29559,0.30827,0.10647,0.057178,0.0029221,0.013584,0.27165,0.23401,0.24408,0.098517,0.084657,0.052934,0.00031771,0.013833
0.071736,0.13663,0.3092,0.26497,0.11156,0.077793,0.00014271,0.027978,0.25772,0.30701,0.23987,0.11016,0.068531,0.0091565,0.0015548,0.0059927
0.079395,0.084749,0.37618,0.29633,0.092652,0.054636,0.00088361,0.015174,0.2195,0.30475,0.24219,0.1413,0.060421,0.024674,0.00025341,0.0069149
0.064663,0.12587,0.35588,0.27239,0.10138,0.058008,0.0047893,0.017006,0.20891,0.30745,0.2903,0.10677,0.038912,0.029452,0.00017838,0.018033
0.073056,0.13822,0.2928,0.30771,0.10597,0.065343,0.0058365,0.01106,0.16264,0.39153,0.26828,0.060292,0.060213,0.048352,0.0013308,0.0073665
0.06615,0.13072,0.29799,0.30049,0.11403,0.055749,0.0058727,0.028998,0.19378,0.39898,0.22645,0.091195,0.059741,0.02505,2.0765e-005,0.0047787
0.084359,0.090247,0.33573,0.25496,0.12244,0.078407,0.006329,0.027532,0.20567,0.33202,0.30169,0.10757,0.035523,0.013679,0.00015254,0.0036987
0.080507,0.1484,0.29709,0.30215,0.10417,0.043133,0.00015988,0.02439,0.19861,0.27125,0.32121,0.12062,0.050831,0.025323,0.0032599,0.0089045
0.061074,0.12833,0.29878,0.32753,0.10344,0.054957,0.005076,0.020811,0.18305,0.32082,0.25712,0.10187,0.095431,0.035275,0.0014096,0.0050293
0.057232,0.12994,0.35143,0.28471,0.1042,0.052422,1.2381e-006,0.02006,0.21755,0.30203,0.28711,0.077375,0.076495,0.038576,0.00019295,0.00066853
0.048398,0.15742,0.30098,0.31253,0.11834,0.045273,0.0010953,0.015965,0.20258,0.27971,0.27027,0.13549,0.076233,0.0243,0.0044765,0.0069408
0.046478,0.16358,0.3618,0.29588,0.080234,0.029202,0.0014936,0.02133,0.21885,0.2347,0.3074,0.11932,0.088173,0.026357,0.0011446,0.0040471
0.059476,0.11793,0.37139,0.31669,0.07845,0.029231,0.0015798,0.025246,0.18798,0.293,0.30472,0.10125,0.062291,0.03707,4.5098e-005,0.013642
0.054533,0.1328,0.35901,0.28967,0.079499,0.050892,0.0065343,0.027064,0.21087,0.3161,0.28982,0.097394,0.07407,0.010137,1.3715e-007,0.0016071
0.078829,0.090227,0.40466,0.28325,0.077883,0.038527,0.00021975,0.026405,0.19049,0.31981,0.31011,0.10847,0.058325,0.011771,1.0961e-005,0.0010095
0.1138,0.087126,0.34755,0.27344,0.12583,0.021194,0.0009793,0.030074,0.23054,0.27734,0.29003,0.10846,0.062347,0.028296,0.00022149,0.002765
0.09507,0.11616,0.336,0.26993,0.12128,0.033408,0.013487,0.01467,0.16958,0.3529,0.30777,0.10425,0.053041,0.0038599,0.0003183,0.0082784
0.093754,0.09077,0.34555,0.31877,0.098818,0.019192,0.0050546,0.028097,0.21752,0.27324,0.31386,0.10395,0.061982,0.010474,5.9154e-005,0.018916
0.085046,0.078632,0.35688,0.31555,0.087215,0.050669,0.00065903,0.025346,0.16711,0.33494,0.28148,0.1186,0.086825,0.0079109,8.3448e-005,0.0030478
0.066434,0.15498,0.35328,0.27861,0.065813,0.059325,0.0011947,0.020366,0.19015,0.34372,0.21907,0.14948,0.088958,0.0046142,0.0010857,0.0029205
0.11418,0.16606,0.28958,0.25296,0.094329,0.05849,0.00019115,0.024207,0.19574,0.30742,0.28763,0.11574,0.066715,0.01014,0.0002082,0.016405
0.06671,0.17977,0.31223,0.25497,0.10183,0.050162,0.0056604,0.028668,0.20569,0.32211,0.24809,0.10133,0.074906,0.037594,0.0029344,0.0073343
0.054922,0.12069,0.31987,0.27296,0.15257,0.072219,0.00016112,0.0066066,0.24946,0.26703,0.25622,0.10299,0.069006,0.044329,0.00037459,0.010583
0.052663,0.16084,0.30488,0.29926,0.081438,0.083836,0.00067014,0.016411,0.23634,0.26805,0.22516,0.1184,0.083857,0.048835,0.0086093,0.010752
0.057879,0.15628,0.36926,0.25311,0.10118,0.049299,0.00017447,0.012813,0.20324,0.26309,0.26896,0.10415,0.10276,0.044702,0.0094679,0.0036366
0.069372,0.10083,0.36569,0.30718,0.10855,0.035344,1.747e-005,0.013021,0.2468,0.26052,0.26669,0.11185,0.063971,0.040937,0.0037074,0.0055178
0.084264,0.16341,0.30505,0.31001,0.069802,0.034106,0.0002033,0.033155,0.27314,0.29347,0.21811,0.09496,0.076392,0.026789,0.0062644,0.010881
0.084995,0.13554,0.34612,0.27963,0.09639,0.024335,0.0024961,0.030491,0.2515,0.28009,0.23761,0.11679,0.08287,0.025074,5.2394e-005,0.0060119
0.054738,0.12213,0.38767,0.28462,0.098636,0.029637,0.0013197,0.021246,0.20652,0.30736,0.24686,0.11322,0.074234,0.037954,0.0020274,0.011817
0.068109,0.161,0.26396,0.33576,0.10566,0.044328,0.00026386,0.02092,0.1736,0.35053,0.25914,0.075336,0.094578,0.023526,0.011071,0.012216
0.055132,0.12379,0.32359,0.32262,0.097603,0.051373,0.00036251,0.025526,0.20918,0.3745,0.24508,0.072568,0.049622,0.024281,0.0065113,0.018265
0.074391,0.14058,0.29463,0.31232,0.11406,0.038041,0.00092032,0.025056,0.20628,0.35468,0.22653,0.084314,0.09362,0.014268,0.0078563,0.012449
0.073147,0.10216,0.31859,0.31848,0.12868,0.042106,0.0017227,0.015112,0.16823,0.40266,0.22249,0.077592,0.073906,0.032195,0.0021445,0.020778
0.053375,0.13812,0.30509,0.29235,0.14246,0.056786,0.00097667,0.010848,0.227,0.31743,0.26317,0.092287,0.058798,0.030212,0.0039984,0.007109
0.082762,0.14753,0.28234,0.30043,0.096159,0.063584,0.0020344,0.025159,0.19561,0.30806,0.21196,0.10845,0.10706,0.029904,0.022495,0.016464
0.09804,0.17382,0.2837,0.27431,0.089031,0.065138,0.0012364,0.014724,0.21104,0.31018,0.22468,0.11007,0.080452,0.025249,0.024285,0.014035
0.056982,0.18663,0.29059,0.30659,0.078615,0.064987,0.0067543,0.0088507,0.20257,0.32217,0.23524,0.13576,0.045994,0.048452,0.00082809,0.008979
0.06398,0.20519,0.32507,0.25468,0.067048,0.061614,0.004102,0.018325,0.24516,0.20807,0.27587,0.14439,0.07699,0.030206,0.0059614,0.013358
0.069684,0.17927,0.24583,0.32258,0.096952,0.074784,0.00056605,0.010332,0.28767,0.22431,0.26298,0.097735,0.082368,0.030801,0.0047368,0.0094016
0.06152,0.17592,0.31888,0.27947,0.1088,0.03639,3.0796e-006,0.019018,0.24513,0.28557,0.2447,0.12377,0.059917,0.024612,0.0012515,0.015047
0.069635,0.19662,0.28036,0.28637,0.093774,0.051196,0.00022688,0.021817,0.23542,0.24137,0.2499,0.12899,0.083888,0.050669,0.0082974,0.0014615
0.074616,0.1711,0.31613,0.25917,0.10256,0.057263,0.0014579,0.017695,0.23521,0.31069,0.24107,0.081145,0.096046,0.019778,0.0049745,0.011083
0.06666,0.18037,0.31453,0.27348,0.092882,0.047733,0.00010635,0.024234,0.22684,0.29805,0.23092,0.11573,0.10276,0.018297,0.0030449,0.0043518
0.086284,0.14164,0.29718,0.30907,0.075593,0.073141,0.001659,0.015426,0.29996,0.28752,0.16373,0.12624,0.08598,0.029264,0.0042866,0.0030299
0.053955,0.17492,0.29408,0.29341,0.10732,0.060714,4.8445e-005,0.015558,0.25487,0.35919,0.18549,0.11233,0.065495,0.016484,0.002031,0.0041069
0.084235,0.14623,0.32848,0.28043,0.099632,0.05175,9.5247e-006,0.0092377,0.25171,0.3052,0.21459,0.12412,0.078733,0.015227,0.0064116,0.0040061
0.057891,0.12626,0.36066,0.27368,0.096574,0.05335,0.0015889,0.029984,0.29606,0.27814,0.22027,0.093577,0.062814,0.039866,0.00019242,0.0090841
0.047085,0.10865,0.35265,0.25337,0.12831,0.090996,0.00031965,0.018621,0.28167,0.29341,0.25517,0.080611,0.072963,0.010369,0.00017828,0.0056208
0.089945,0.11112,0.31619,0.2981,0.10641,0.061678,0.00019301,0.016361,0.22901,0.33299,0.22564,0.10403,0.07414,0.030518,0.0023808,0.0012874
0.054708,0.13915,0.33497,0.28245,0.10011,0.073831,0.000814,0.013976,0.22532,0.25848,0.29092,0.10651,0.06904,0.04286,0.0011327,0.0057449
0.061303,0.16188,0.35371,0.29092,0.075452,0.047052,0.0001988,0.0094961,0.23898,0.30615,0.18289,0.13129,0.10005,0.02953,0.00086785,0.010236
0.057831,0.16813,0.31662,0.29133,0.075669,0.07899,0.001278,0.010148,0.20785,0.33076,0.259,0.11832,0.041726,0.036182,0.00081684,0.0053445
0.081582,0.15329,0.24981,0.32613,0.10311,0.066344,0.001457,0.018276,0.22469,0.37597,0.20172,0.10994,0.046848,0.030253,0.00031637,0.010263
0.090102,0.13437,0.27154,0.33211,0.11672,0.035388,6.1628e-005,0.019707,0.2356,0.2563,0.23175,0.17238,0.065875,0.027492,0.0071266,0.0034711
0.091544,0.1881,0.30897,0.27488,0.07095,0.044456,0.00032574,0.020772,0.26897,0.29367,0.20445,0.14957,0.048177,0.029897,0.0012645,0.0039977
0.075357,0.18785,0.30505,0.25795,0.077295,0.071495,0.0043366,0.020668,0.26608,0.29284,0.22234,0.14663,0.040351,0.025774,0.00018725,0.0057829
0.090897,0.20554,0.30609,0.2195,0.076305,0.070455,0.013426,0.017782,0.32187,0.27622,0.20389,0.10863,0.056049,0.023314,0.0019905,0.0080331
0.098842,0.19544,0.25262,0.28151,0.086484,0.066545,0.0031326,0.015418,0.26827,0.30723,0.23954,0.10591,0.044231,0.016403,0.011956,0.0064528
0.090701,0.12771,0.29089,0.32246,0.082781,0.052794,0.012477,0.02019,0.27532,0.29702,0.20419,0.15307,0.036148,0.018617,0.0042569,0.011385
0.091392,0.15481,0.2901,0.24031,0.10023,0.096621,0.0013658,0.025175,0.22762,0.34354,0.2461,0.11141,0.051368,0.016267,0.00025998,0.003438
0.087617,0.15441,0.29596,0.28324,0.097748,0.059115,0.0022507,0.019658,0.17195,0.3028,0.27994,0.14081,0.06064,0.024507,0.0051236,0.014229
0.079653,0.14545,0.32548,0.27824,0.082119,0.062415,0.00046736,0.02617,0.22288,0.29684,0.27298,0.10342,0.051902,0.032864,0.00080804,0.018303
0.085023,0.20261,0.25066,0.26792,0.101,0.072128,0.0022446,0.018402,0.25472,0.25067,0.3044,0.10244,0.053629,0.021745,0.0026747,0.0097277
0.074801,0.16247,0.26976,0.32077,0.081809,0.067206,0.00057141,0.022609,0.31085,0.23411,0.20938,0.11401,0.06579,0.040429,0.011144,0.014285
0.090568,0.14964,0.27461,0.29517,0.10256,0.067455,0.0013822,0.018611,0.23207,0.22367,0.21868,0.14649,0.1313,0.025203,0.0040637,0.018531
0.059179,0.15651,0.30817,0.26573,0.10812,0.067761,0.0052183,0.029308,0.23341,0.25378,0.28513,0.10183,0.061525,0.036982,0.018991,0.0083525
0.08753,0.17985,0.25925,0.26566,0.12141,0.069714,0.00010746,0.016475,0.22027,0.32661,0.25631,0.10487,0.039733,0.030218,0.0045209,0.017459
0.071079,0.20155,0.27051,0.24635,0.11257,0.069475,0.0008092,0.027665,0.20113,0.31735,0.25651,0.12461,0.051699,0.032344,0.0082117,0.0081434
0.10643,0.17344,0.25314,0.26572,0.1029,0.094309,1.8307e-007,0.0040619,0.28412,0.30886,0.20288,0.10241,0.065645,0.022887,0.0014571,0.011734
0.092975,0.15781,0.33354,0.24022,0.10071,0.064537,3.5435e-005,0.010166,0.24098,0.32345,0.21827,0.11003,0.073885,0.017072,0.0090519,0.0072592
0.10028,0.14994,0.29801,0.30522,0.07706,0.059767,0.00010986,0.0096054,0.28321,0.26695,0.27611,0.098918,0.050247,0.021102,0.00041434,0.0030517
0.07121,0.17258,0.3016,0.27187,0.091691,0.059566,0.00031002,0.031173,0.23644,0.34288,0.2152,0.12603,0.048558,0.01744,0.0015131,0.011932
0.070932,0.18499,0.28388,0.28553,0.078873,0.082109,0.00011059,0.013573,0.23859,0.29787,0.21433,0.1407,0.078157,0.024292,0.00016428,0.0058926
0.074627,0.21494,0.23607,0.26123,0.12235,0.068011,0.00029686,0.022465,0.2452,0.29829,0.22927,0.12685,0.04617,0.039984,0.00053539,0.013698
0.072993,0.21798,0.23475,0.24773,0.15415,0.046046,0.0017772,0.024581,0.25697,0.28427,0.20816,0.13732,0.072619,0.034588,0.0012834,0.0047802
0.06713,0.18186,0.25699,0.23983,0.15974,0.068902,0.001377,0.024159,0.23728,0.26871,0.25724,0.14668,0.055008,0.016923,0.012446,0.0057145
0.12084,0.14985,0.26235,0.23935,0.15208,0.065475,0.0015879,0.0084603,0.23521,0.30775,0.2127,0.14984,0.068999,0.024945,0.00021002,0.00033544
0.078518,0.18003,0.24403,0.31662,0.10432,0.060569,0.00043681,0.015485,0.24994,0.36159,0.18422,0.13402,0.044074,0.018878,0.0033645,0.0039095
0.072384,0.20032,0.2609,0.27131,0.096097,0.065752,0.0057451,0.027483,0.20851,0.27745,0.23843,0.16012,0.068964,0.029829,0.0030721,0.013632
0.069738,0.20368,0.21271,0.29623,0.099442,0.1041,0.00054505,0.013558,0.23651,0.34285,0.2133,0.12217,0.045093,0.031423,0.00050296,0.0081605
0.058344,0.19574,0.25597,0.28385,0.12217,0.068181,0.0038794,0.011862,0.24029,0.31256,0.20931,0.11076,0.0772,0.033948,0.00015506,0.015771
0.057435,0.14715,0.27165,0.27349,0.13015,0.081337,0.0064887,0.032292,0.25703,0.32117,0.17078,0.13559,0.074216,0.023204,0.0018426,0.016173
0.066696,0.19122,0.27594,0.27995,0.09458,0.0705,0.0042229,0.016888,0.20205,0.27348,0.24579,0.15007,0.093685,0.022955,7.2809e-005,0.011901
0.080124,0.16008,0.27757,0.28102,0.085768,0.078976,0.0022888,0.034176,0.19089,0.31799,0.28204,0.14687,0.038327,0.012799,0.0037548,0.0073339
0.072006,0.12975,0.3044,0.29527,0.084405,0.07408,0.0071576,0.032927,0.18928,0.27779,0.27174,0.14612,0.077004,0.020981,0.015644,0.0014413
0.049042,0.17723,0.28487,0.31423,0.079668,0.071915,0.0073577,0.015683,0.18017,0.26707,0.27598,0.15516,0.066157,0.041377,0.011455,0.0026324
0.059045,0.17332,0.23745,0.33845,0.088936,0.07757,0.010092,0.01513,0.18131,0.24725,0.26314,0.17666,0.083206,0.03866,0.004588,0.0051858
0.071539,0.18926,0.29085,0.28565,0.064736,0.077715,0.0050005,0.015258,0.19832,0.26613,0.29685,0.14368,0.067559,0.015716,0.0049423,0.0067951
0.048105,0.16037,0.34411,0.27512,0.083231,0.080772,0.00060636,0.0076857,0.18291,0.31885,0.23702,0.14695,0.072531,0.026503,0.001048,0.014199
0.053032,0.17038,0.33515,0.29859,0.081191,0.044506,8.3369e-005,0.017068,0.23442,0.27333,0.23877,0.15115,0.037105,0.036612,0.00022863,0.028381
0.090737,0.17611,0.30647,0.28159,0.070279,0.061983,6.8127e-005,0.012776,0.24204,0.28132,0.2507,0.12969,0.072361,0.017562,7.9476e-005,0.0062534
0.082783,0.18967,0.27452,0.28614,0.097174,0.062613,0.0010426,0.0060611,0.20303,0.29021,0.30116,0.13033,0.051179,0.020551,2.0604e-005,0.0035216
0.060101,0.15526,0.27205,0.30412,0.13704,0.056119,3.3765e-007,0.015305,0.22379,0.23513,0.29624,0.1602,0.055441,0.018907,0.00014809,0.010148
0.047067,0.18413,0.23171,0.34349,0.1196,0.053834,1.1537e-008,0.020169,0.19297,0.31681,0.30706,0.082484,0.07135,0.025219,3.9402e-005,0.0040651
0.053451,0.17101,0.26368,0.3231,0.096809,0.066895,1.0304e-009,0.025046,0.23383,0.31211,0.24467,0.079354,0.086326,0.037072,1.0359e-005,0.0066376
0.043607,0.2015,0.3218,0.25302,0.12145,0.044045,0.00062275,0.013959,0.23059,0.32579,0.21728,0.13837,0.070468,0.012421,0.00017089,0.0049236
0.044808,0.20027,0.31263,0.28006,0.092964,0.062238,0.0016227,0.0054078,0.25637,0.3135,0.24021,0.11131,0.051568,0.01752,0.0079754,0.0015524
0.039543,0.17936,0.31096,0.27786,0.11571,0.05992,0.0017946,0.014847,0.22649,0.32237,0.23877,0.12181,0.056477,0.023968,0.0046117,0.0055081
0.067829,0.18613,0.30156,0.27074,0.07525,0.071874,0.00026002,0.026346,0.22194,0.31221,0.20685,0.12165,0.099449,0.027082,0.0055521,0.0052665
0.064367,0.17295,0.29051,0.27346,0.11245,0.063112,0.0032863,0.019859,0.26267,0.32511,0.1803,0.082052,0.096478,0.036421,0.001392,0.015584
0.072347,0.19045,0.30653,0.24562,0.11466,0.050939,0.0024442,0.017003,0.22339,0.29109,0.22942,0.13059,0.082779,0.030535,0.0012425,0.010958
0.09373,0.16651,0.28365,0.26963,0.080614,0.081336,0.00029283,0.02424,0.28406,0.25897,0.21486,0.11769,0.092968,0.022712,0.0031477,0.0055963
0.075924,0.18094,0.31998,0.24155,0.094201,0.070824,0.0055871,0.010994,0.26635,0.25922,0.24214,0.13045,0.07725,0.021984,5.1069e-006,0.0026011
0.071439,0.17007,0.28253,0.27633,0.11028,0.071742,0.0017211,0.015889,0.27279,0.26487,0.23271,0.12457,0.084061,0.018136,0.00080493,0.0020449
0.069182,0.17419,0.26519,0.26141,0.12612,0.066113,0.00072389,0.03707,0.17517,0.31342,0.27099,0.13022,0.068128,0.033072,2.1919e-005,0.0089766
0.079734,0.17265,0.26539,0.2874,0.10714,0.066217,1.2913e-005,0.021455,0.20998,0.26621,0.27679,0.15416,0.072399,0.017416,5.7555e-005,0.0029877
0.054428,0.18826,0.32674,0.21655,0.10701,0.076817,0.0035932,0.026603,0.21505,0.27434,0.25533,0.15876,0.078762,0.017413,4.9396e-005,0.00029441
0.090645,0.17135,0.30937,0.21085,0.12749,0.073381,0.0013083,0.0156,0.20462,0.27794,0.27745,0.13258,0.077553,0.024933,0.00088148,0.0040462
0.068612,0.17218,0.30177,0.27473,0.11909,0.047349,0.0011666,0.01511,0.2263,0.24055,0.31115,0.11877,0.079439,0.015226,6.2263e-006,0.0085708
0.06192,0.17771,0.29434,0.25179,0.12141,0.065088,0.0036596,0.024091,0.25305,0.2206,0.2787,0.13231,0.10647,0.0081975,0.00023428,0.00043682
0.073426,0.15511,0.27232,0.291,0.1525,0.041868,0.00012442,0.013648,0.22652,0.24144,0.27397,0.14899,0.08006,0.022056,0.00021058,0.0067628
0.07932,0.17041,0.27055,0.31284,0.13231,0.027008,0.00017346,0.0073976,0.18516,0.30815,0.20688,0.16974,0.075088,0.037922,0.0023427,0.014723
0.075198,0.14,0.30548,0.314,0.091801,0.049013,0.00042622,0.02408,0.25449,0.2735,0.19386,0.13613,0.085036,0.04073,0.0011113,0.01514
0.073626,0.16224,0.31618,0.27718,0.10314,0.040258,0.002942,0.024436,0.20636,0.23069,0.2641,0.18902,0.069934,0.024365,0.007321,0.0082061
0.044412,0.16074,0.32039,0.30836,0.10642,0.03614,0.004595,0.018945,0.22724,0.25789,0.27245,0.12952,0.078705,0.027255,0.0010392,0.0059037
0.089994,0.19077,0.23167,0.29025,0.12535,0.044799,0.0035005,0.023675,0.19024,0.318,0.22324,0.15495,0.098372,0.010613,0.001112,0.0034766
0.074398,0.18082,0.26501,0.27455,0.11698,0.071971,0.0045741,0.011691,0.18895,0.28384,0.28016,0.12997,0.1087,0.004194,9.9227e-005,0.0040873
0.054733,0.19174,0.27441,0.28994,0.11188,0.060254,0.012044,0.0049958,0.18068,0.24496,0.25699,0.1703,0.12138,0.011135,0.00037789,0.014191
0.070101,0.13791,0.28332,0.31737,0.11094,0.068674,0.0046579,0.0070291,0.19846,0.22184,0.3549,0.074551,0.12094,0.023874,3.4318e-005,0.0053948
0.069405,0.16767,0.29512,0.28771,0.11336,0.049844,0.00099482,0.015894,0.26301,0.24701,0.3091,0.077191,0.073417,0.016327,0.0040633,0.0098797
0.080348,0.13432,0.26423,0.29093,0.11375,0.084401,0.0040209,0.027994,0.21562,0.27163,0.27774,0.11125,0.065411,0.026987,0.002086,0.02927
0.070244,0.14013,0.26557,0.27226,0.11694,0.0948,0.0016,0.038454,0.22867,0.33831,0.2539,0.099527,0.055132,0.014809,0.005654,0.0040033
0.073329,0.15561,0.35166,0.26129,0.096511,0.045502,0.00024593,0.015858,0.22402,0.32358,0.23969,0.14014,0.039857,0.014679,0.0029757,0.015055
0.1046,0.13568,0.3381,0.24007,0.1221,0.045614,0.0013287,0.012503,0.23601,0.26531,0.29823,0.1147,0.049823,0.016981,0.0015677,0.017373
0.081267,0.15384,0.25162,0.33135,0.10919,0.048698,0.0063512,0.017688,0.19446,0.33666,0.2751,0.09314,0.068467,0.014105,0.0018621,0.016217
0.066832,0.18754,0.32125,0.26703,0.11084,0.029831,0.0031744,0.013503,0.19875,0.30075,0.26418,0.085876,0.091428,0.034341,0.0012362,0.023427
0.064343,0.20126,0.28863,0.25535,0.11537,0.060209,0.0052399,0.0095984,0.21535,0.29044,0.24084,0.13963,0.064648,0.041102,0.0012325,0.0067516
0.10757,0.17488,0.3227,0.27291,0.066415,0.043423,0.00065716,0.011443,0.27615,0.27318,0.23603,0.12459,0.058777,0.027172,1.7885e-006,0.0041065
0.073196,0.17311,0.32844,0.26777,0.083919,0.054417,0.0021794,0.016969,0.29309,0.31066,0.20342,0.11955,0.05592,0.012249,0.001133,0.003976
0.087776,0.10051,0.32821,0.3033,0.091193,0.063385,0.00048292,0.025146,0.23398,0.29979,0.27874,0.10888,0.061054,0.01022,0.00043296,0.0069013
0.06877,0.11036,0.32355,0.29856,0.10423,0.065623,0.006599,0.022319,0.23388,0.34271,0.21232,0.12867,0.046545,0.023001,0.0024874,0.010393
0.081382,0.11516,0.35449,0.26207,0.075987,0.064559,0.009855,0.036493,0.24475,0.26709,0.30174,0.086308,0.068143,0.021843,2.3433e-006,0.010129
0.050938,0.13834,0.32677,0.29486,0.089743,0.07108,0.0013907,0.026876,0.29126,0.22515,0.31989,0.075728,0.075301,0.011292,1.4999e-006,0.001377
0.073359,0.15207,0.29009,0.28363,0.11908,0.060078,0.009707,0.011981,0.19581,0.27075,0.34307,0.10359,0.072674,0.009169,9.5694e-007,0.0049376
0.056402,0.13118,0.36163,0.26127,0.087747,0.079442,0.010402,0.011926,0.20367,0.28875,0.29986,0.085404,0.095004,0.023499,0.0011012,0.0027126
0.047713,0.14714,0.30825,0.29034,0.10337,0.080552,0.0037345,0.018892,0.19938,0.29044,0.24883,0.098448,0.12084,0.034533,0.00091508,0.0066241
0.076008,0.15641,0.33259,0.23016,0.10147,0.067838,0.01205,0.023477,0.1935,0.39961,0.1991,0.090334,0.087769,0.015807,0.0031733,0.010699
0.075738,0.14468,0.30721,0.31277,0.084542,0.040719,0.0082044,0.026143,0.21152,0.33294,0.20762,0.16202,0.066935,0.016016,0.00010496,0.0028551
0.095483,0.15372,0.25892,0.29976,0.12123,0.048649,0.0063995,0.015841,0.19696,0.35689,0.21692,0.12231,0.08141,0.014582,0.00019149,0.010736
0.074676,0.17166,0.25892,0.27874,0.11658,0.069673,0.00050309,0.029246,0.21094,0.33283,0.19141,0.13898,0.089049,0.015878,0.011202,0.009715
0.1006,0.14138,0.29675,0.25601,0.12844,0.046121,0.0024861,0.028223,0.26777,0.29481,0.20489,0.11482,0.077055,0.031733,0.0035618,0.0053711
0.081478,0.14434,0.32901,0.23811,0.093123,0.083616,0.0050364,0.025282,0.27663,0.25853,0.22552,0.11514,0.090881,0.028825,2.2854e-005,0.0044462
0.052565,0.14735,0.345,0.25956,0.11332,0.068479,0.0040325,0.0096885,0.25078,0.24091,0.24499,0.15454,0.051276,0.034043,0.0068277,0.016643
0.06777,0.16644,0.32355,0.28843,0.08057,0.06461,0.00024226,0.0083899,0.26649,0.23475,0.27841,0.10195,0.074648,0.035093,0.0047781,0.0038822
0.090014,0.15695,0.31367,0.27256,0.08958,0.06083,0.00032151,0.016069,0.27036,0.27003,0.28192,0.089803,0.058307,0.026867,5.7635e-006,0.002701
0.096956,0.17526,0.27934,0.3146,0.079502,0.039319,0.00024144,0.01478,0.2485,0.25712,0.26402,0.12375,0.076424,0.026072,0.00053169,0.0035839
0.088218,0.19074,0.28088,0.26746,0.088716,0.043003,0.00055061,0.040436,0.16001,0.34373,0.30681,0.095184,0.073515,0.012404,0.00037222,0.0079819
0.085475,0.16412,0.25926,0.30754,0.10634,0.046,0.0018729,0.02939,0.17101,0.32498,0.31298,0.085178,0.074123,0.025018,0.0019632,0.0047465
0.078306,0.15703,0.30697,0.27844,0.12329,0.03424,0.00079878,0.020931,0.21342,0.29819,0.27223,0.12526,0.060068,0.018841,0.0024215,0.00957
0.047833,0.15834,0.30348,0.28913,0.11576,0.068885,0.0008327,0.015729,0.17474,0.30346,0.2829,0.12664,0.043933,0.057669,0.0018937,0.0087664
0.08082,0.1477,0.30978,0.29874,0.10825,0.046461,0.0025701,0.005685,0.24326,0.2786,0.26232,0.10657,0.06107,0.040465,0.00014091,0.0075639
0.090508,0.14602,0.28779,0.29183,0.10567,0.053249,0.0028496,0.022094,0.19664,0.34864,0.2464,0.1135,0.058657,0.029027,0.00062698,0.0065116
0.066316,0.21478,0.26811,0.29893,0.069295,0.05081,0.0034003,0.028361,0.1629,0.33472,0.26884,0.088628,0.079287,0.062269,0.00031382,0.0030395
0.085307,0.15,0.32811,0.28225,0.078126,0.061937,0.0025853,0.011688,0.21554,0.30499,0.25802,0.096088,0.070764,0.0418,0.0022337,0.010562
0.10983,0.14841,0.29405,0.28661,0.088664,0.051672,0.00035597,0.020403,0.21065,0.31971,0.24119,0.11569,0.078316,0.03348,1.7225e-006,0.00096899
0.085293,0.1722,0.31823,0.22368,0.1059,0.073454,0.0006036,0.020642,0.21586,0.2911,0.19158,0.14954,0.1043,0.027799,0.0051136,0.014709
0.094951,0.16674,0.31684,0.25468,0.093611,0.056345,0.0057066,0.01114,0.23693,0.29406,0.26703,0.12343,0.065778,0.0080328,0.0024367,0.0023025
0.071722,0.1759,0.30196,0.2647,0.10104,0.064568,0.0095229,0.010582,0.24699,0.26359,0.2751,0.11401,0.056652,0.010561,0.011358,0.02174
0.093262,0.16029,0.30707,0.26311,0.084385,0.067111,0.0075493,0.017223,0.21989,0.27863,0.28596,0.12148,0.069825,0.019482,0.0035085,0.00122
0.064024,0.16023,0.30861,0.3329,0.074325,0.036703,0.0010506,0.022153,0.24052,0.32442,0.22958,0.11433,0.069146,0.010881,0.0061022,0.0050214
0.09013,0.15392,0.2703,0.31921,0.11514,0.029249,0.0029992,0.019059,0.23499,0.31837,0.19034,0.12433,0.096343,0.033812,0.00081083,0.0010048
0.087083,0.18668,0.24692,0.2726,0.13318,0.057323,0.0043339,0.011873,0.17871,0.30489,0.22776,0.12518,0.10064,0.048284,0.0042298,0.010305
0.069942,0.19428,0.24946,0.28309,0.1034,0.05484,0.0022963,0.042698,0.20037,0.28792,0.25128,0.12865,0.083547,0.041861,0.00064376,0.0057228
0.055807,0.11711,0.3176,0.2886,0.098404,0.099899,0.0085162,0.01407,0.23039,0.34802,0.25085,0.076403,0.071081,0.019212,0.000373,0.0036674
0.076167,0.15413,0.28612,0.30257,0.11037,0.056504,0.0015978,0.01255,0.25257,0.3816,0.17642,0.080708,0.071472,0.035505,0.0010814,0.00064657
0.089047,0.1946,0.27233,0.27889,0.084933,0.06263,0.0047778,0.012794,0.18821,0.3603,0.22281,0.10575,0.083936,0.03823,3.6212e-009,0.00075408
0.075991,0.14322,0.28954,0.33531,0.083239,0.039622,0.0066163,0.026463,0.20009,0.32822,0.23789,0.11243,0.058287,0.061617,8.2207e-005,0.0013801
0.085289,0.16401,0.30391,0.25229,0.1044,0.053629,0.0093193,0.027141,0.23577,0.29202,0.2273,0.12168,0.08684,0.028635,0.0013598,0.006386
0.073645,0.17368,0.2832,0.26523,0.11726,0.072577,0.0046395,0.0097719,0.23062,0.29903,0.25394,0.10287,0.076698,0.023247,3.7158e-005,0.013557
0.067358,0.13828,0.31148,0.31407,0.058918,0.088473,0.00065497,0.020766,0.15309,0.26172,0.35102,0.11908,0.067501,0.017592,0.002379,0.027616
0.0766,0.13104,0.27331,0.33932,0.076512,0.087835,0.00010011,0.015281,0.17978,0.30854,0.32577,0.087761,0.079528,0.0071138,9.5323e-005,0.011405
0.061712,0.15972,0.31826,0.29697,0.085103,0.065754,0.00015763,0.012331,0.20877,0.26062,0.31655,0.11275,0.071314,0.0044981,0.011647,0.013854
0.073216,0.17613,0.27639,0.27824,0.092899,0.089937,0.00010036,0.013082,0.22347,0.25274,0.34077,0.097807,0.070991,0.0096652,0.0032701,0.0012962
0.10143,0.14706,0.2606,0.26291,0.11083,0.096501,0.00096776,0.019708,0.27294,0.27774,0.25231,0.091837,0.064911,0.030842,0.0055321,0.0038901
0.063974,0.19996,0.337,0.26986,0.058594,0.057844,0.0012573,0.011511,0.24601,0.26433,0.26943,0.1489,0.055,0.0087467,0.002408,0.0051802
0.081622,0.17827,0.27406,0.29554,0.094948,0.055464,0.00020288,0.019894,0.21983,0.28056,0.27886,0.14979,0.053233,0.0098855,6.1812e-006,0.007835
0.070272,0.14821,0.31694,0.29891,0.10366,0.046811,3.728e-005,0.015159,0.18783,0.29397,0.29376,0.1223,0.080448,0.018416,0.00051098,0.0027659
0.0741,0.13551,0.29723,0.30363,0.12684,0.053723,0.00031589,0.0086423,0.18719,0.28291,0.28567,0.13075,0.094691,0.015559,0.0015794,0.0016516
0.060526,0.17241,0.29481,0.27906,0.12495,0.055889,0.0025125,0.0098354,0.19135,0.2756,0.31843,0.10771,0.087306,0.018216,3.3648e-005,0.0013541
0.041113,0.19476,0.32313,0.26029,0.11127,0.050541,0.00081766,0.018077,0.20795,0.326,0.2538,0.10175,0.07227,0.021097,0.0029469,0.014192
0.089764,0.16208,0.3045,0.28252,0.081431,0.062222,0.0012912,0.016191,0.21082,0.28966,0.31406,0.075214,0.048707,0.03241,0.0045989,0.024518
0.070744,0.13119,0.31265,0.32529,0.065998,0.071555,0.00025559,0.022322,0.19483,0.30564,0.30315,0.066863,0.077965,0.043647,0.00012436,0.0077773
0.058663,0.12583,0.32508,0.31061,0.10505,0.058084,0.0026524,0.014025,0.18795,0.25287,0.30037,0.12385,0.10357,0.027128,0.00034012,0.0039123
0.053745,0.18375,0.29076,0.26768,0.1122,0.051558,0.0010262,0.039271,0.19595,0.23333,0.28302,0.14467,0.084943,0.039416,0.00010187,0.018558
0.086922,0.17147,0.29021,0.27122,0.096573,0.060346,0.0044259,0.018825,0.21476,0.2938,0.24127,0.1331,0.067159,0.02779,0.0030225,0.019087
0.079609,0.19937,0.23814,0.28624,0.073793,0.085363,0.0017944,0.035688,0.22515,0.31853,0.2925,0.080043,0.055683,0.015021,0.00012902,0.01294
0.076863,0.1962,0.25884,0.28444,0.071561,0.091237,0.0065847,0.014266,0.18645,0.28001,0.30473,0.13917,0.033387,0.041171,0.0048589,0.010216
0.067273,0.19896,0.24117,0.29205,0.089001,0.083123,0.0027509,0.025678,0.21378,0.25198,0.32347,0.12126,0.044796,0.032097,0.0019911,0.010624
0.063221,0.1693,0.27883,0.2686,0.10942,0.094971,0.00403,0.011623,0.19819,0.28652,0.25628,0.13075,0.066269,0.033507,0.004998,0.023486
0.057133,0.14191,0.28545,0.3274,0.093218,0.087635,0.00025254,0.0069991,0.2041,0.2757,0.25385,0.13982,0.09208,0.021319,0.0034521,0.0096708
0.091681,0.16425,0.25725,0.28952,0.098422,0.070697,0.003177,0.025007,0.27143,0.22699,0.20887,0.16382,0.11131,0.012157,0.0011632,0.0042677
0.068667,0.15877,0.26556,0.30681,0.12207,0.063928,0.0042694,0.0099246,0.21161,0.23588,0.22539,0.16525,0.12252,0.021364,0.010318,0.0076553
0.078021,0.16392,0.31118,0.26444,0.096808,0.070064,0.0022169,0.013358,0.20643,0.25551,0.22314,0.18358,0.10322,0.023263,0.0025717,0.002284
0.078534,0.16585,0.27974,0.29892,0.099921,0.050871,2.5067e-006,0.026166,0.22902,0.2529,0.23025,0.15417,0.072425,0.051696,0.0012809,0.0082587
0.09613,0.14267,0.28203,0.27824,0.11808,0.071958,2.9322e-005,0.010872,0.22386,0.26561,0.25594,0.14616,0.076657,0.023652,0.0057265,0.0024063
0.081589,0.13069,0.31706,0.27465,0.097579,0.086833,0.00043389,0.011166,0.20615,0.31232,0.25564,0.12397,0.080118,0.012528,0.002702,0.006568
0.076094,0.14864,0.29826,0.27232,0.13252,0.054619,0.0012683,0.016276,0.15644,0.31547,0.29238,0.13505,0.051261,0.025773,0.0029823,0.020652
0.060635,0.11197,0.32125,0.2838,0.14107,0.070013,1.4496e-006,0.011259,0.19782,0.31101,0.24762,0.12168,0.066313,0.029716,0.013786,0.012057
0.097611,0.10809,0.30867,0.30209,0.11829,0.049078,0.0036618,0.012512,0.19345,0.23401,0.2943,0.17834,0.064352,0.019739,0.0066665,0.0091324
0.098921,0.1267,0.27914,0.3359,0.10286,0.02812,0.0052337,0.023123,0.17097,0.29379,0.26905,0.14394,0.09299,0.01341,0.00028632,0.015559
0.084548,0.19992,0.29982,0.26618,0.080181,0.040434,0.0053234,0.023595,0.19822,0.31308,0.30304,0.096187,0.054193,0.027467,0.00036409,0.0074537
0.063486,0.16707,0.29776,0.32499,0.08303,0.038789,0.004291,0.020586,0.22968,0.24819,0.25937,0.15167,0.065608,0.035479,0.0082882,0.0017183
0.092157,0.13272,0.27358,0.33233,0.078516,0.06049,0.0016412,0.028563,0.23327,0.24607,0.24637,0.18892,0.050269,0.031008,0.00035339,0.003733
0.13098,0.11999,0.27628,0.31235,0.086325,0.059433,0.0010254,0.01363,0.21648,0.30989,0.26141,0.12744,0.047349,0.032841,0.0015161,0.0030598
0.11823,0.15227,0.31221,0.27665,0.07298,0.059223,7.9704e-005,0.0083622,0.21292,0.27951,0.28431,0.12785,0.053131,0.024296,0.00073295,0.017259
0.11165,0.17732,0.28614,0.28914,0.062921,0.061294,0.00015904,0.011374,0.17998,0.3329,0.23339,0.15363,0.071639,0.021709,4.8552e-006,0.0067459
0.057067,0.17438,0.32168,0.29832,0.058119,0.067171,9.9478e-005,0.023161,0.24422,0.30507,0.22949,0.13801,0.060071,0.018657,0.00089424,0.0035867
0.075441,0.17654,0.27316,0.31811,0.087918,0.047858,0.00014003,0.020826,0.2175,0.34431,0.23755,0.10813,0.059281,0.029257,1.6981e-006,0.0039717
0.081844,0.14561,0.27335,0.30727,0.13402,0.048773,0.0033688,0.0057607,0.22813,0.28502,0.24303,0.13427,0.073034,0.024797,0.00013715,0.011579
0.078532,0.17898,0.31954,0.22497,0.1126,0.060255,0.0065373,0.018586,0.21503,0.27206,0.26314,0.15141,0.046602,0.038843,0.0065915,0.0063273
0.064582,0.16381,0.24857,0.30293,0.12409,0.059111,0.017214,0.019693,0.19767,0.30124,0.27082,0.13603,0.073677,0.016256,0.0029805,0.0013308
0.076443,0.16275,0.29737,0.26902,0.11223,0.060714,0.0057747,0.015698,0.21267,0.33514,0.23889,0.11986,0.051068,0.018434,0.0068995,0.01705
0.071523,0.13607,0.33295,0.31334,0.077752,0.053771,0.0015176,0.013068,0.1763,0.30293,0.26467,0.16079,0.068957,0.010968,0.0095488,0.0058377
0.070155,0.18724,0.29759,0.30585,0.058527,0.055939,0.0066463,0.018057,0.15115,0.32732,0.2795,0.11769,0.081695,0.020422,0.015899,0.0063244
0.057853,0.16302,0.33249,0.26728,0.080345,0.070838,0.0060087,0.022163,0.21062,0.34758,0.26987,0.10281,0.061202,0.0038935,0.0033834,0.00063524
0.079861,0.16314,0.28369,0.21732,0.13367,0.093628,0.00046284,0.028234,0.19475,0.28116,0.2729,0.13373,0.10012,0.012031,0.0025136,0.0027889
0.068168,0.14727,0.29906,0.28578,0.11951,0.054686,0.0037711,0.021759,0.18053,0.26836,0.31442,0.094339,0.089389,0.041031,0.0031015,0.0088253
0.057453,0.16917,0.30061,0.26454,0.12312,0.067913,0.0024082,0.014779,0.20101,0.36115,0.23773,0.09672,0.07223,0.017329,0.0010672,0.012759
0.070395,0.16423,0.28556,0.27737,0.13195,0.057152,0.0053946,0.0079436,0.18959,0.38432,0.23388,0.094461,0.076853,0.017557,0.0013693,0.0019689
0.070832,0.19993,0.27169,0.2936,0.1046,0.043691,0.0028167,0.012832,0.24467,0.32512,0.23049,0.10386,0.063633,0.024647,0.0018451,0.005724
0.088974,0.16773,0.26644,0.28782,0.069772,0.091214,3.7949e-006,0.028035,0.25306,0.2878,0.21131,0.13047,0.069764,0.032258,0.00069476,0.014635
0.097907,0.15405,0.26859,0.2936,0.10911,0.064126,0.00014236,0.012475,0.23488,0.28223,0.24182,0.16749,0.054502,0.016024,4.7386e-006,0.0030405
0.082162,0.15052,0.31275,0.24632,0.14636,0.050449,0.00022778,0.011211,0.21341,0.3361,0.24084,0.1429,0.043894,0.015302,0.00024452,0.0073074
0.084441,0.15909,0.26399,0.29162,0.12261,0.065678,0.0021869,0.010372,0.18714,0.32019,0.21328,0.17318,0.076842,0.027359,0.00082747,0.0011858
0.060815,0.14138,0.30667,0.31221,0.12179,0.042285,0.002775,0.012075,0.2025,0.2663,0.24627,0.16864,0.079847,0.03528,3.0308e-005,0.0011404
0.074442,0.13356,0.32818,0.30078,0.087466,0.055057,0.0053909,0.015131,0.26135,0.29912,0.24279,0.11941,0.067499,0.0059409,0.00010438,0.0037901
0.071106,0.16595,0.32401,0.26601,0.095191,0.048138,0.00064077,0.028958,0.24926,0.28883,0.2329,0.15374,0.06078,0.010622,0.0018502,0.0020215
0.081851,0.1702,0.31067,0.24884,0.12617,0.04779,0.0051591,0.0093234,0.21676,0.29191,0.23463,0.18885,0.062459,0.0047067,2.8586e-008,0.00068187
0.092464,0.15133,0.3167,0.27018,0.08097,0.060975,0.0016166,0.025771,0.20584,0.32053,0.23286,0.16715,0.0629,0.0079079,6.0253e-006,0.0028117
0.092399,0.17929,0.26862,0.30785,0.071483,0.064275,0.0036134,0.012474,0.22332,0.32329,0.2702,0.10023,0.052605,0.024646,0.0043605,0.0013473
0.091151,0.17034,0.2432,0.26947,0.11177,0.068268,0.018039,0.027761,0.22583,0.31789,0.23142,0.12834,0.06881,0.025246,0.0016197,0.00083513
0.067448,0.13555,0.3383,0.26772,0.11276,0.053868,0.00072309,0.023635,0.17675,0.31879,0.27941,0.13298,0.057443,0.02654,0.0056369,0.0024449
0.074864,0.1507,0.30694,0.26189,0.11476,0.073533,0.00085609,0.016454,0.23527,0.28474,0.26656,0.10619,0.072824,0.026684,0.0060265,0.0016955
0.060871,0.18822,0.27497,0.23906,0.13751,0.069263,0.00047092,0.029631,0.16588,0.29835,0.25755,0.16006,0.084976,0.024513,0.00019143,0.0084809
0.12312,0.1256,0.33199,0.25961,0.10338,0.044669,6.6613e-005,0.011553,0.17886,0.32973,0.23414,0.18977,0.043928,0.0087595,6.1219e-005,0.01475
0.10252,0.13268,0.30276,0.29095,0.090827,0.061834,0.0014812,0.016949,0.17532,0.27948,0.26807,0.18791,0.062486,0.022899,0.00040646,0.0034284
0.082784,0.18865,0.27824,0.2648,0.12133,0.042512,0.0059627,0.01573,0.1884,0.30449,0.20591,0.18485,0.064057,0.047388,0.0022677,0.0026374
0.063743,0.16412,0.30495,0.25639,0.13512,0.046905,0.0049399,0.023836,0.1593,0.30071,0.24695,0.19761,0.062037,0.030934,8.877e-005,0.0023842
0.075817,0.15522,0.27064,0.30345,0.13633,0.047967,8.7069e-005,0.010485,0.21795,0.22558,0.27136,0.1802,0.066343,0.035246,5.0869e-005,0.0032648
0.09267,0.14713,0.31463,0.23528,0.13037,0.066364,2.4082e-010,0.013548,0.18602,0.29963,0.22332,0.13663,0.097261,0.044842,0.011346,0.00094404
0.071524,0.18441,0.26799,0.25359,0.14075,0.068965,0.0013046,0.011459,0.21792,0.26913,0.25216,0.12982,0.094195,0.03014,0.0031677,0.0034661
0.10371,0.14074,0.29969,0.31305,0.084097,0.04723,0.0010208,0.010459,0.24515,0.27103,0.24352,0.17041,0.05193,0.010273,3.6601e-005,0.0076544
0.066652,0.14149,0.33024,0.28203,0.11114,0.041344,0.0023716,0.024737,0.19602,0.28661,0.26661,0.15727,0.064654,0.013715,0.00072894,0.014406
0.10256,0.15962,0.32818,0.25292,0.089194,0.054302,3.6347e-005,0.013188,0.14875,0.35269,0.25549,0.13033,0.066245,0.029988,0.0024698,0.014033
0.083369,0.17264,0.32744,0.24745,0.080454,0.075802,0.00067207,0.012174,0.14824,0.31774,0.25927,0.17224,0.07153,0.013095,0.0044322,0.013453
0.10455,0.16345,0.31102,0.25629,0.083075,0.068545,7.2544e-005,0.012993,0.19093,0.2949,0.23495,0.17146,0.087303,0.014346,0.0010729,0.0050402
0.085207,0.13864,0.30479,0.30156,0.093652,0.059604,0.0012623,0.015289,0.22274,0.29924,0.21986,0.16192,0.05949,0.031538,0.0011549,0.0040481
0.067133,0.17266,0.29921,0.28005,0.12173,0.054619,0.00085372,0.00374,0.1935,0.31667,0.23819,0.13696,0.081278,0.026577,0.0051695,0.0016517
0.082615,0.17714,0.31229,0.2574,0.11483,0.04184,0.0033073,0.01058,0.20908,0.32922,0.23494,0.12816,0.058845,0.03098,0.00042966,0.008348
0.095561,0.1859,0.26251,0.28011,0.12866,0.034529,0.0028141,0.0099221,0.17733,0.31769,0.28349,0.09412,0.067551,0.052771,0.00089517,0.0061488
0.087965,0.19675,0.30725,0.25126,0.12121,0.032601,5.081e-006,0.0029542,0.19477,0.36545,0.23317,0.09688,0.064201,0.021523,0.0010354,0.022969
0.077333,0.21846,0.24925,0.30425,0.10499,0.032829,0.00038319,0.012508,0.22642,0.35513,0.20686,0.12885,0.038677,0.027693,0.0015729,0.014801
0.06116,0.21869,0.26987,0.29607,0.10671,0.043218,4.8631e-005,0.0042367,0.18573,0.32906,0.26861,0.098695,0.056343,0.049477,0.0021586,0.0099314
0.085263,0.14133,0.2772,0.35299,0.074705,0.051872,0.0038957,0.012743,0.26406,0.23227,0.26284,0.1334,0.071946,0.017744,0.011797,0.0059398
0.071409,0.19776,0.25604,0.31192,0.083907,0.061702,0.00079681,0.016457,0.25986,0.26177,0.24382,0.15376,0.048394,0.015731,0.0094053,0.0072527
0.087531,0.15837,0.28247,0.28174,0.10511,0.067977,0.0050022,0.011794,0.21375,0.28013,0.24627,0.14614,0.059304,0.038627,0.0056993,0.010082
0.08846,0.137,0.3189,0.27823,0.10482,0.039534,0.0027546,0.030312,0.23131,0.28129,0.20357,0.19884,0.058055,0.016796,0.0094426,0.0006924
0.058355,0.14583,0.30834,0.29505,0.12368,0.047048,0.0029813,0.018715,0.16765,0.30133,0.24937,0.15944,0.083885,0.029506,0.0051442,0.0036746
0.063103,0.17306,0.31376,0.28197,0.11112,0.043247,0.00099585,0.012738,0.19176,0.30417,0.23734,0.1564,0.068805,0.032792,0.00098429,0.0077534
0.048531,0.16268,0.29567,0.28401,0.12614,0.057563,0.0014898,0.02392,0.15171,0.35309,0.24631,0.11779,0.086722,0.03568,0.003897,0.0048042
0.050051,0.20291,0.28212,0.24707,0.081649,0.11289,0.00056102,0.022756,0.17897,0.33767,0.20193,0.18879,0.064135,0.019856,2.6559e-005,0.0086245
0.042644,0.1899,0.28342,0.26712,0.11399,0.080188,0.0011892,0.021541,0.16438,0.28808,0.25894,0.19627,0.049058,0.034562,0.00067918,0.008032
0.059263,0.21171,0.26149,0.29087,0.08407,0.066166,0.00071923,0.025711,0.2085,0.23115,0.24318,0.177,0.095314,0.027847,0.0026629,0.014358
0.078238,0.17841,0.26878,0.28247,0.089042,0.086083,0.00026707,0.016703,0.18876,0.26807,0.23636,0.1721,0.098533,0.032346,0.00014328,0.003685
0.069769,0.17552,0.27182,0.29555,0.12406,0.050266,0.0015043,0.0115,0.2109,0.2786,0.21486,0.16013,0.071734,0.0362,0.0008556,0.026713
0.059397,0.20257,0.29369,0.27166,0.10628,0.035831,0.0058963,0.024678,0.19284,0.23965,0.29805,0.13561,0.082841,0.033728,0.0062887,0.010993
0.034207,0.20478,0.30661,0.29231,0.09508,0.045301,0.0010856,0.020623,0.18977,0.27256,0.26962,0.1538,0.078197,0.029733,0.00019985,0.0061281
0.057261,0.1564,0.30601,0.31513,0.093985,0.067177,0.00057333,0.0034654,0.23197,0.30757,0.23909,0.14296,0.042688,0.023868,0.00028821,0.011565
0.070916,0.15137,0.34452,0.25399,0.10626,0.056154,0.00079572,0.016005,0.22134,0.35395,0.22896,0.093714,0.058459,0.032422,0.0009658,0.010189
0.086322,0.18366,0.29251,0.2314,0.10644,0.068312,0.014177,0.01718,0.23527,0.30917,0.21691,0.12331,0.067097,0.026212,0.001588,0.020438
0.060809,0.17017,0.30628,0.28758,0.097766,0.053322,2.3076e-006,0.024065,0.17607,0.36662,0.24403,0.11207,0.066883,0.012148,0.0010294,0.021149
0.094386,0.16935,0.25798,0.27155,0.11107,0.080932,0.0017095,0.013024,0.1721,0.35359,0.26408,0.099715,0.066485,0.031596,4.9537e-005,0.012383
0.093938,0.17646,0.29783,0.26159,0.102,0.048257,0.0088152,0.01111,0.19266,0.32862,0.27044,0.10387,0.063739,0.024541,0.00038072,0.015746
0.060478,0.1571,0.33268,0.22989,0.1263,0.065523,0.0011916,0.026835,0.23976,0.28738,0.23927,0.12496,0.053554,0.023365,0.0018549,0.029861
0.069856,0.17648,0.33015,0.21195,0.11653,0.060351,0.0041019,0.030585,0.25414,0.27587,0.25508,0.13812,0.041306,0.020946,0.00026618,0.014267
0.085425,0.16549,0.32659,0.27004,0.092543,0.045589,0.0014134,0.012904,0.21055,0.22825,0.25222,0.16193,0.060318,0.071725,0.0033243,0.011684
0.10245,0.16888,0.28626,0.25447,0.10901,0.061767,0.004068,0.013087,0.20669,0.25145,0.29007,0.13363,0.074142,0.03205,0.0034947,0.0084712
0.064159,0.16884,0.33819,0.24953,0.095295,0.05446,0.0027183,0.026807,0.1933,0.27528,0.27525,0.1175,0.099343,0.024952,1.4081e-005,0.014362
0.10319,0.17012,0.29937,0.26482,0.069289,0.063289,0.0041229,0.025799,0.22198,0.33175,0.19754,0.16045,0.054377,0.025051,0.0028438,0.0060086
0.078795,0.13577,0.3268,0.23983,0.1141,0.082825,0.00064225,0.02124,0.18064,0.33147,0.24715,0.13795,0.046176,0.025947,0.0017316,0.028933
0.08941,0.18728,0.28481,0.2299,0.11525,0.078006,0.0010249,0.014326,0.19348,0.30001,0.27999,0.13511,0.061199,0.022992,0.00047432,0.0067436
0.07859,0.17209,0.29648,0.27462,0.085112,0.080044,0.00031499,0.012751,0.21111,0.27305,0.26841,0.16544,0.061555,0.011839,0.0012854,0.0073121
0.08538,0.15766,0.32029,0.23141,0.094089,0.083904,0.0049664,0.0223,0.22911,0.27958,0.25059,0.12032,0.099063,0.011964,0.0011066,0.0082721
0.082338,0.17619,0.32265,0.23436,0.094579,0.068094,0.0081696,0.013616,0.23523,0.25419,0.22669,0.16715,0.082511,0.020162,0.0097438,0.0043111
0.066752,0.1344,0.36071,0.22152,0.11307,0.076397,0.0064102,0.02074,0.22323,0.26586,0.28239,0.092128,0.095953,0.031755,0.00019158,0.0085033
0.083307,0.14989,0.30418,0.27074,0.097747,0.072148,0.0014948,0.020491,0.22773,0.25324,0.28048,0.099738,0.092414,0.03635,3.5316e-010,0.010048
0.077431,0.16136,0.28609,0.30674,0.086795,0.063872,0.00057199,0.017143,0.23861,0.28245,0.22917,0.11732,0.089965,0.040338,0.001948,0.00020424
0.082499,0.15368,0.25089,0.31368,0.11503,0.059008,1.4462e-005,0.025192,0.24766,0.28683,0.21598,0.1617,0.053646,0.022828,0.00018841,0.011158
0.067986,0.16164,0.25323,0.32815,0.12246,0.061186,0.00027557,0.0050658,0.22763,0.25054,0.24835,0.15905,0.084737,0.018258,0.0021201,0.0093201
0.10502,0.14661,0.26119,0.30151,0.086818,0.078456,0.0037136,0.016674,0.25091,0.26349,0.21179,0.1704,0.077989,0.018042,0.0011066,0.0062721
0.083747,0.12601,0.32445,0.2898,0.1058,0.050853,0.0040096,0.015333,0.27155,0.3031,0.17625,0.11414,0.10093,0.031887,3.2435e-005,0.0021162
0.082154,0.14907,0.33491,0.25211,0.11903,0.051506,0.0016426,0.0095765,0.17999,0.31065,0.24242,0.13241,0.09892,0.03229,3.0441e-005,0.0032871
0.061522,0.14773,0.31235,0.24731,0.15995,0.050005,0.0004869,0.02064,0.21703,0.29841,0.25348,0.10962,0.090969,0.017522,0.0016599,0.011316
0.066269,0.15214,0.33105,0.28161,0.10896,0.039166,0.0016471,0.019156,0.28613,0.23176,0.22196,0.13151,0.089401,0.035896,0.00010668,0.0032351
0.073459,0.12837,0.26176,0.29585,0.13424,0.058732,0.0031523,0.044437,0.23602,0.28075,0.23737,0.10303,0.080106,0.046706,0.0046258,0.011388
0.068553,0.17011,0.26797,0.31782,0.094634,0.041293,0.0055308,0.034089,0.21104,0.29933,0.24861,0.11737,0.093581,0.018723,0.0021684,0.0091774
0.075038,0.12648,0.31942,0.29043,0.10799,0.060831,0.0019887,0.017826,0.21261,0.23413,0.30868,0.11233,0.087249,0.028862,0.004954,0.011191
0.10035,0.11242,0.28711,0.2878,0.13831,0.048863,0.00023128,0.024925,0.23767,0.27595,0.2597,0.1142,0.054311,0.043941,0.0017301,0.012501
0.086859,0.14011,0.28366,0.28972,0.12159,0.058922,0.0034364,0.015705,0.21733,0.28731,0.24767,0.12735,0.068839,0.032411,0.0053158,0.013781
0.069116,0.12448,0.26799,0.3133,0.14199,0.06595,1.1956e-005,0.017156,0.18402,0.31897,0.25241,0.11562,0.070004,0.040809,0.01158,0.0065908
0.057435,0.16076,0.32374,0.28554,0.10736,0.04678,0.00064446,0.017741,0.16687,0.25288,0.34085,0.12047,0.059192,0.055646,0.00016037,0.0039364
0.082588,0.14544,0.37005,0.2515,0.090334,0.04805,0.0016339,0.010395,0.17759,0.25443,0.27338,0.14689,0.080196,0.050689,0.00045186,0.01638
0.077759,0.14131,0.27279,0.28985,0.13123,0.071631,0.0029103,0.012512,0.17935,0.30165,0.27574,0.11697,0.086275,0.025046,0.00066896,0.014293
0.049502,0.14061,0.30335,0.31274,0.071719,0.10598,0.000186,0.015905,0.2183,0.31391,0.27452,0.09924,0.068833,0.020081,0.00012276,0.0049834
0.061892,0.13349,0.27384,0.3398,0.098074,0.083051,0.0029004,0.0069515,0.26556,0.3304,0.20891,0.10278,0.053213,0.032405,0.0011281,0.0056071
0.058089,0.1792,0.2982,0.30861,0.078754,0.058134,0.00012525,0.018891,0.20874,0.35097,0.25774,0.10116,0.044015,0.036092,1.6336e-005,0.0012587
0.06394,0.20452,0.27574,0.29306,0.10183,0.047743,0.00158,0.011595,0.22067,0.30573,0.21934,0.10917,0.093714,0.047684,0.0014793,0.0022065
0.087217,0.13569,0.27854,0.34943,0.086435,0.052608,0.000209,0.0098716,0.23033,0.32514,0.23491,0.10569,0.060134,0.024325,0.0015804,0.01789
0.096487,0.14728,0.32835,0.27863,0.097289,0.041869,0.00016091,0.009935,0.21631,0.36237,0.21815,0.096075,0.071009,0.029597,0.0024728,0.0040108
0.091558,0.13048,0.27093,0.34683,0.11094,0.033272,0.00010127,0.015881,0.24754,0.34882,0.23424,0.080655,0.066107,0.012441,0.0068006,0.003395
0.085956,0.14089,0.24316,0.38647,0.089257,0.040048,0.0025638,0.011659,0.27404,0.2925,0.22911,0.13021,0.035381,0.021933,0.011965,0.0048614
0.082626,0.14444,0.26099,0.34199,0.10394,0.048545,0.0092722,0.0081962,0.21766,0.32852,0.23681,0.10867,0.051167,0.039125,0.010481,0.0075782
0.067793,0.1753,0.26633,0.32444,0.099871,0.05176,0.0012865,0.01323,0.22912,0.29636,0.21761,0.13922,0.07443,0.04224,0.0002606,0.00076743
0.092851,0.16233,0.24685,0.32448,0.09638,0.059793,0.0002164,0.017093,0.22501,0.28825,0.25495,0.13505,0.051405,0.04085,0.00026631,0.0042289
0.080407,0.14134,0.26241,0.30826,0.098674,0.078131,0.00033771,0.030441,0.22925,0.30616,0.25943,0.11392,0.053799,0.023649,0.00010623,0.013691
0.045255,0.1893,0.28775,0.28204,0.11719,0.060061,0.00067571,0.017732,0.21825,0.25432,0.28443,0.12197,0.084913,0.030041,0.0031055,0.0029671
0.028554,0.1979,0.26078,0.32453,0.10186,0.061843,6.8861e-005,0.02447,0.19476,0.31334,0.22762,0.13344,0.08632,0.037607,0.00013287,0.0067666
0.05774,0.18804,0.29401,0.30448,0.086644,0.047088,0.00053175,0.021464,0.22183,0.30441,0.22164,0.15803,0.061433,0.02629,0.0020319,0.0043336
0.082836,0.17719,0.29166,0.28657,0.087751,0.039622,0.0072133,0.027154,0.17407,0.2705,0.24938,0.19545,0.062288,0.03624,0.00060901,0.011455
0.083314,0.14164,0.30073,0.27288,0.093754,0.068359,0.0098709,0.029453,0.20203,0.24134,0.25224,0.17501,0.070287,0.051564,0.003757,0.0037659
0.058051,0.17822,0.33363,0.24731,0.1099,0.043145,0.01598,0.013771,0.1741,0.25464,0.23593,0.19477,0.073864,0.041604,0.00093827,0.024143
0.084091,0.1532,0.31275,0.24967,0.095354,0.077697,0.0040299,0.023216,0.19641,0.27685,0.26388,0.15537,0.060956,0.03435,0.00022159,0.011972
0.08785,0.12274,0.34319,0.25018,0.11163,0.067137,2.2246e-005,0.017241,0.2175,0.32638,0.2438,0.11544,0.073722,0.014382,0.0023628,0.0064174
0.096479,0.13659,0.31337,0.23809,0.12351,0.061983,0.0021504,0.027822,0.20135,0.24883,0.26988,0.14721,0.065346,0.044551,0.00088974,0.021942
0.1045,0.1803,0.31798,0.22005,0.11074,0.048936,0.0013876,0.016095,0.24493,0.30295,0.22842,0.17191,0.031175,0.014325,0.0038252,0.0024672
0.069209,0.19554,0.27101,0.27599,0.11439,0.055104,0.00071659,0.018034,0.25535,0.2921,0.23204,0.13194,0.056492,0.020687,0.0058103,0.0055785
0.059912,0.17166,0.31742,0.2411,0.12325,0.065047,3.2011e-005,0.021572,0.20357,0.30988,0.24115,0.1422,0.065121,0.029898,3.9502e-005,0.0081435
0.054543,0.16517,0.31926,0.24037,0.13966,0.071188,0.00023602,0.0095567,0.19314,0.34477,0.2378,0.11563,0.066064,0.041071,0.00052465,0.00099479
0.088641,0.17757,0.28195,0.28746,0.10235,0.049587,0.0021882,0.010256,0.20644,0.35844,0.16695,0.12337,0.093346,0.045669,0.00085925,0.0049224
0.086358,0.1349,0.29877,0.27099,0.082352,0.11354,0.0056898,0.0074104,0.162,0.35748,0.22006,0.14818,0.054467,0.036209,0.012931,0.008676
0.070847,0.13384,0.3054,0.26997,0.13435,0.071267,9.4915e-008,0.014326,0.23804,0.29508,0.23258,0.12868,0.07641,0.025039,0.0026599,0.0015196
0.073105,0.15601,0.30256,0.29688,0.076454,0.069824,2.4447e-010,0.02516,0.22954,0.30723,0.24946,0.1192,0.068353,0.02088,0.0043994,0.00094689
0.06436,0.13014,0.31876,0.30181,0.07868,0.078813,2.4335e-011,0.027429,0.23721,0.30372,0.26021,0.095241,0.069319,0.026875,0.0056966,0.001733
0.0676,0.17809,0.27111,0.27453,0.11335,0.076257,0.00024783,0.018815,0.28784,0.32474,0.20698,0.086334,0.058907,0.020881,1.5126e-006,0.014323
0.068989,0.15258,0.25708,0.29951,0.13609,0.061091,0.0050322,0.019624,0.21256,0.37514,0.23015,0.093626,0.062766,0.023536,0.00039542,0.0018196
0.055961,0.18775,0.27236,0.27291,0.13024,0.064078,0.00023545,0.016477,0.20445,0.30184,0.24057,0.14263,0.065712,0.042144,0.00069319,0.0019639
0.032009,0.17168,0.26034,0.30262,0.13496,0.077971,0.00020206,0.020217,0.29111,0.28484,0.22466,0.12847,0.049904,0.017958,2.5841e-005,0.0030244
0.05914,0.17221,0.24621,0.32844,0.091561,0.087262,0.00031201,0.014858,0.31202,0.26651,0.21821,0.090005,0.064727,0.038324,0.0013515,0.0088436
0.085913,0.14638,0.27679,0.30743,0.10848,0.066053,1.2869e-009,0.0089447,0.27806,0.3067,0.18991,0.12124,0.060355,0.036101,0.00053784,0.0070989
0.11442,0.16559,0.22815,0.34088,0.062402,0.06143,2.0347e-005,0.027113,0.27472,0.26834,0.20276,0.11291,0.10349,0.021438,0.0015522,0.014787
0.13532,0.14126,0.20917,0.31475,0.11096,0.068725,0.00083998,0.018977,0.25284,0.34229,0.19084,0.11607,0.063931,0.020424,0.0055761,0.008031
0.0759,0.12015,0.32992,0.267,0.12061,0.062062,4.0862e-005,0.024315,0.28152,0.30966,0.17937,0.11505,0.069124,0.032484,0.0029946,0.0098044
0.07071,0.13209,0.28668,0.26319,0.11598,0.096926,0.00049956,0.033921,0.28481,0.30136,0.15283,0.10796,0.083692,0.053617,0.0056072,0.010121
0.072883,0.15633,0.30543,0.27128,0.10035,0.080937,9.0805e-006,0.01279,0.23297,0.31817,0.1979,0.12563,0.066435,0.030123,0.003037,0.025727
0.062202,0.17291,0.27222,0.26411,0.13288,0.076269,0.00012656,0.019273,0.22383,0.27449,0.1921,0.18653,0.076757,0.01964,0.0051419,0.021508
0.077045,0.17125,0.27567,0.27699,0.10793,0.071277,0.0001989,0.019633,0.2204,0.21822,0.26088,0.18309,0.08219,0.020094,0.0011868,0.013949
0.079233,0.17442,0.27024,0.2673,0.12388,0.055978,0.0023096,0.026638,0.22015,0.31834,0.23674,0.127,0.046682,0.047776,0.0011723,0.0021361
0.080001,0.18277,0.23492,0.31731,0.098901,0.061553,0.0017156,0.02283,0.24203,0.39633,0.16617,0.11937,0.046629,0.021483,0.0047344,0.0032463
0.050892,0.1827,0.26096,0.30878,0.10191,0.06567,0.0010083,0.028071,0.21793,0.38737,0.18957,0.11586,0.055071,0.029798,0.002195,0.0022105
0.08483,0.15405,0.25179,0.32396,0.11106,0.043717,0.0010972,0.029485,0.18633,0.33833,0.17206,0.14449,0.10534,0.033072,0.0020035,0.018379
0.060825,0.18518,0.25681,0.32007,0.11162,0.047541,0.002393,0.015566,0.25991,0.25757,0.19176,0.14773,0.066858,0.054903,0.0072526,0.014012
0.054973,0.20156,0.27603,0.33423,0.083077,0.025186,0.0026198,0.02232,0.21888,0.28902,0.28547,0.10034,0.072999,0.020458,0.00043316,0.012395
0.049601,0.18656,0.30966,0.29167,0.1045,0.028883,0.004074,0.025052,0.23648,0.35067,0.22061,0.1021,0.051422,0.027827,0.00090249,0.010003
0.075006,0.16194,0.27421,0.29042,0.13036,0.050941,0.0036554,0.013481,0.25133,0.28684,0.2701,0.092982,0.04811,0.016088,0.021221,0.013331
0.065536,0.16668,0.29187,0.25747,0.16147,0.039902,0.0044902,0.012583,0.25052,0.26904,0.24935,0.11493,0.077994,0.02494,0.00137,0.011854
0.082098,0.15623,0.27773,0.28258,0.12678,0.056461,0.00054996,0.017568,0.22935,0.26825,0.25405,0.14016,0.073754,0.030789,0.00038527,0.0032564
0.072631,0.18388,0.27656,0.29596,0.096568,0.063872,4.1013e-007,0.010536,0.18052,0.30181,0.28053,0.15816,0.048516,0.023303,0.0020221,0.0051295
0.083826,0.14927,0.2707,0.27746,0.11076,0.082625,3.7616e-005,0.025317,0.17572,0.29796,0.28913,0.12567,0.051834,0.041952,0.0011883,0.016549
0.075621,0.16435,0.34004,0.25209,0.10466,0.048089,0.00087032,0.014274,0.21807,0.26528,0.27233,0.1382,0.061056,0.029468,9.5093e-005,0.015504
0.073256,0.15979,0.28628,0.31219,0.092724,0.05084,0.00042851,0.024488,0.21893,0.33025,0.20203,0.15578,0.060126,0.026133,0.0015654,0.0051755
0.091859,0.15045,0.24648,0.32782,0.10094,0.067436,0.00077363,0.014244,0.20003,0.30024,0.24764,0.13684,0.071442,0.039354,0.00022742,0.0042282
0.07542,0.14224,0.26258,0.31238,0.12714,0.067365,0.003404,0.0094751,0.21076,0.33341,0.24668,0.094084,0.08128,0.032161,0.00050154,0.0011226
0.06014,0.13811,0.30785,0.28226,0.14605,0.052102,0.00066431,0.012816,0.21159,0.36274,0.25852,0.06349,0.06823,0.02679,0.0044708,0.0041804
0.066435,0.14776,0.29918,0.30211,0.11914,0.053572,0.0010451,0.010753,0.16512,0.35432,0.23887,0.11578,0.071118,0.037002,0.0023307,0.015451
0.067846,0.15023,0.32995,0.2653,0.11516,0.062924,0.0012343,0.0073644,0.18472,0.32988,0.23946,0.12201,0.090648,0.010382,0.00037351,0.022534
0.039919,0.17146,0.38334,0.2281,0.11954,0.042666,0.005373,0.0095997,0.1819,0.33132,0.27511,0.083634,0.080163,0.03814,0.0011059,0.0086224
0.08019,0.16405,0.28824,0.25731,0.14599,0.032814,4.2932e-006,0.031405,0.16374,0.25975,0.35566,0.093865,0.072403,0.027664,0.0023008,0.024619
0.081007,0.15145,0.31082,0.28798,0.11879,0.030739,0.00024612,0.018963,0.20138,0.27383,0.2671,0.14078,0.084495,0.021284,0.0007537,0.010378
0.0663,0.15712,0.28405,0.28686,0.13237,0.048992,0.0014778,0.022825,0.24382,0.29869,0.25544,0.1224,0.054852,0.01673,0.00016556,0.0079047
0.080157,0.17157,0.276,0.2915,0.12482,0.042658,0.00082403,0.012474,0.23593,0.30635,0.20831,0.12819,0.09009,0.019709,0.0033646,0.0080558
0.071392,0.16721,0.26528,0.3215,0.11408,0.033458,0.003173,0.023911,0.21819,0.29633,0.24539,0.11002,0.069362,0.048653,0.00064067,0.011418
0.073297,0.16541,0.32488,0.27591,0.11689,0.029436,0.0042408,0.009943,0.24057,0.34826,0.18074,0.15868,0.04582,0.015283,1.4095e-007,0.010654
0.074456,0.17611,0.26043,0.30496,0.13129,0.037249,0.0026317,0.012872,0.2579,0.27142,0.21787,0.14576,0.085657,0.020295,5.3832e-006,0.001096
0.081174,0.18152,0.23707,0.29941,0.12336,0.045439,0.0011265,0.030896,0.25761,0.2758,0.2325,0.11979,0.09194,0.015811,0.00097926,0.0055756
0.048569,0.15782,0.25831,0.30907,0.15322,0.036488,0.0053072,0.031208,0.20751,0.28907,0.24448,0.16018,0.059468,0.032016,0.00038052,0.0069052
0.04495,0.16054,0.30095,0.27674,0.12295,0.058859,0.0037812,0.031218,0.20029,0.26589,0.27842,0.16853,0.038772,0.033286,0.00047546,0.014345
0.066874,0.15898,0.29496,0.28664,0.13707,0.036034,0.0061421,0.013294,0.19278,0.26885,0.26279,0.17292,0.047236,0.036067,0.00051318,0.018853
0.087982,0.15049,0.31017,0.29,0.094478,0.045116,0.0029287,0.018834,0.237,0.30244,0.23877,0.11833,0.063628,0.031044,0.0020778,0.0067149
0.071776,0.1667,0.30222,0.26798,0.13632,0.04295,0.004904,0.0071654,0.20147,0.30642,0.19352,0.14174,0.11667,0.031835,0.0028857,0.0054647
0.087501,0.16631,0.2791,0.28398,0.10503,0.066233,0.0044084,0.0074442,0.25949,0.34869,0.18766,0.11424,0.057717,0.028748,0.002319,0.001139
0.073288,0.20723,0.25373,0.30265,0.078355,0.061153,0.002875,0.020724,0.19888,0.27181,0.27097,0.14611,0.060588,0.030549,0.014508,0.0065932
0.073502,0.18994,0.29717,0.28468,0.083416,0.052861,0.0019804,0.016457,0.19298,0.2863,0.30632,0.1119,0.057424,0.036545,0.0040611,0.0044802
0.052198,0.17875,0.31162,0.27685,0.083215,0.061715,0.0028493,0.032798,0.16646,0.34644,0.27189,0.096117,0.071159,0.036564,0.00015444,0.011207
0.047429,0.19039,0.29965,0.3123,0.10303,0.032379,0.0080127,0.006815,0.1947,0.33279,0.24575,0.077076,0.1163,0.029466,0.00089962,0.003022
0.072302,0.18379,0.29414,0.24895,0.12081,0.05615,0.010021,0.013842,0.22604,0.31795,0.25476,0.090653,0.068668,0.039749,9.4632e-005,0.0020856
0.041228,0.20752,0.29446,0.28516,0.099333,0.042179,0.0097121,0.02042,0.19414,0.38182,0.19281,0.11746,0.077569,0.026523,0.00050757,0.0091651
0.06337,0.16933,0.29488,0.29616,0.10457,0.043346,0.0053953,0.022951,0.22294,0.32808,0.22663,0.098237,0.089329,0.022654,0.006202,0.0059266
0.078873,0.19471,0.269,0.30582,0.10778,0.029769,0.0023464,0.011702,0.24504,0.3325,0.22659,0.092332,0.079614,0.01484,0.0011678,0.0079254
0.065689,0.18415,0.2743,0.30474,0.10314,0.042469,0.00046135,0.025046,0.21327,0.38906,0.19752,0.10157,0.079274,0.011038,0.0019652,0.0063082
0.094933,0.13455,0.27937,0.31629,0.12392,0.035556,0.0038084,0.01158,0.22733,0.25181,0.2537,0.10671,0.11343,0.019281,0.00028261,0.027456
0.081314,0.12781,0.33264,0.27857,0.11194,0.046206,0.002651,0.018878,0.27775,0.30755,0.2407,0.078914,0.060205,0.025925,0.000352,0.008607
0.06477,0.19326,0.2926,0.2586,0.10326,0.0666,0.0019167,0.018989,0.25481,0.29525,0.18191,0.1612,0.04131,0.038937,0.0030175,0.023554
0.074711,0.15055,0.28081,0.33359,0.079793,0.054574,0.002104,0.023874,0.19717,0.36111,0.25781,0.10007,0.059284,0.01519,0.0025148,0.0068545
0.06283,0.15155,0.29039,0.28984,0.13607,0.048988,0.0041167,0.016217,0.19614,0.28315,0.25912,0.10502,0.12088,0.016315,0.00067836,0.018698
0.064648,0.17355,0.26146,0.29697,0.12645,0.053778,0.0073263,0.015822,0.1848,0.29906,0.24121,0.1108,0.12633,0.013348,0.0035306,0.02092
0.06115,0.17398,0.25769,0.29971,0.12768,0.059976,0.0052585,0.014554,0.14533,0.28469,0.23865,0.1623,0.13554,0.0072015,0.00065256,0.025635
0.06869,0.17691,0.24721,0.31367,0.10196,0.05799,0.0051089,0.028449,0.18982,0.28923,0.23701,0.17031,0.094352,0.015217,2.6584e-006,0.0040604
0.074213,0.13747,0.27252,0.29684,0.12426,0.060458,0.010136,0.024104,0.21128,0.31484,0.26131,0.11417,0.061259,0.033703,0.00083533,0.0026001
0.076406,0.13618,0.27607,0.31432,0.097912,0.063444,0.0094765,0.026202,0.24844,0.25584,0.258,0.17102,0.057722,0.008479,1.5755e-006,0.00048891
0.07303,0.14523,0.25783,0.30367,0.11247,0.067421,0.0057221,0.034628,0.23394,0.31799,0.26324,0.12976,0.035739,0.0086414,1.2064e-005,0.010674
0.10796,0.16721,0.23884,0.28028,0.11794,0.04495,0.0051291,0.037694,0.24514,0.32518,0.24097,0.10684,0.070665,0.0088941,0.00017921,0.0021257
0.066277,0.17558,0.296,0.30414,0.10104,0.032299,0.003558,0.021108,0.22422,0.30002,0.23642,0.15545,0.044121,0.026775,0.0051055,0.0078798
0.069411,0.13547,0.25938,0.32046,0.12066,0.074638,0.0058633,0.014127,0.26495,0.25139,0.26964,0.11399,0.061352,0.030379,0.0035089,0.0047887
0.066627,0.16538,0.28112,0.30416,0.099863,0.075993,0.00013852,0.006716,0.16692,0.32726,0.2602,0.1265,0.066622,0.045936,6.5617e-005,0.0065033
0.074727,0.16343,0.30391,0.28292,0.12039,0.040588,0.00014217,0.013893,0.22282,0.33422,0.18346,0.12988,0.072566,0.038735,0.0062776,0.01204
0.072281,0.19025,0.2394,0.28862,0.11187,0.051985,0.005151,0.040438,0.2539,0.32741,0.17337,0.15001,0.063602,0.021374,0.0085529,0.0017872
0.073082,0.13574,0.32826,0.31484,0.10804,0.021522,0.0030041,0.015522,0.26782,0.2445,0.22926,0.13541,0.092391,0.014328,0.0012811,0.015005
0.066046,0.16466,0.26626,0.33695,0.097855,0.04246,0.0020743,0.023695,0.2345,0.287,0.24116,0.1209,0.076113,0.021445,0.000381,0.018508
0.1001,0.16621,0.27643,0.26319,0.14244,0.032402,0.0040024,0.015219,0.24827,0.28526,0.18639,0.13288,0.091848,0.043822,0.00015572,0.011364
0.12746,0.16895,0.27469,0.26148,0.10532,0.046757,0.0083107,0.0070304,0.24769,0.32767,0.15528,0.14456,0.0963,0.019497,7.7079e-005,0.0089173
0.069605,0.14583,0.29849,0.31692,0.10318,0.05513,0.0043163,0.0065414,0.27718,0.33268,0.18224,0.11375,0.06411,0.015661,4.8006e-005,0.014332
0.055727,0.16199,0.31365,0.31157,0.10403,0.042073,0.0036725,0.0073,0.23626,0.30318,0.21064,0.1573,0.060544,0.015449,2.9904e-005,0.016599
0.065081,0.18325,0.27796,0.28203,0.13762,0.035485,0.0048079,0.013763,0.2352,0.30499,0.2119,0.13609,0.077573,0.020077,0.00066686,0.013508
0.091571,0.1905,0.26918,0.2574,0.15174,0.029732,0.0004216,0.0094471,0.19173,0.33453,0.22071,0.12847,0.069632,0.040259,0.0047863,0.0098909
0.091254,0.15597,0.29362,0.32486,0.091532,0.029166,0.00030368,0.013282,0.21958,0.27849,0.20823,0.18012,0.057658,0.049853,0.0017675,0.004299
0.091561,0.17243,0.24207,0.32303,0.10055,0.045311,0.00026859,0.024788,0.20172,0.28704,0.26048,0.15722,0.026778,0.055251,6.8118e-005,0.011442
0.067746,0.18567,0.28709,0.27599,0.12624,0.048892,6.1092e-005,0.0083134,0.20329,0.32253,0.25759,0.14568,0.037558,0.022373,0.00033212,0.01065
0.095648,0.13398,0.28371,0.29661,0.10213,0.057256,0.0015974,0.029061,0.22482,0.3189,0.23188,0.13404,0.063344,0.024989,0.00092289,0.0010995
0.07945,0.14588,0.33271,0.30183,0.089917,0.044381,0.00031938,0.0055087,0.2314,0.29082,0.23114,0.17214,0.04753,0.024133,6.3996e-005,0.0027767
0.064645,0.15339,0.28067,0.33799,0.098806,0.043217,0.0062673,0.015019,0.24693,0.30738,0.22813,0.12259,0.065418,0.02269,6.4049e-005,0.0067976
0.064326,0.16187,0.23639,0.35488,0.099495,0.071539,0.00098877,0.010504,0.20012,0.35558,0.19453,0.15212,0.061975,0.029158,0.0012547,0.0052518
0.073652,0.16645,0.26899,0.30485,0.086781,0.067772,0.0042611,0.027245,0.2196,0.2316,0.25195,0.1745,0.074086,0.037446,0.00062447,0.010182
0.071714,0.17823,0.27085,0.27957,0.10293,0.070853,0.0042648,0.02159,0.21551,0.26535,0.26303,0.14041,0.055768,0.039209,0.0048891,0.015832
0.057481,0.16856,0.29285,0.3058,0.091943,0.05611,0.013222,0.014039,0.23829,0.30025,0.22423,0.14518,0.050903,0.034842,0.0010266,0.0052817
0.064888,0.15371,0.31242,0.2744,0.13166,0.052747,0.0043868,0.0057855,0.17328,0.36196,0.1993,0.15118,0.03827,0.049527,0.0083428,0.018135
0.077361,0.172,0.2728,0.28962,0.1341,0.046156,0.0012695,0.0066931,0.1812,0.32037,0.25102,0.13688,0.065701,0.04059,0.00077969,0.0034635
0.065229,0.13688,0.25604,0.31056,0.12853,0.093307,0.0013471,0.0081068,0.17213,0.36789,0.2408,0.11921,0.064376,0.023469,0.00081525,0.011314
0.067017,0.12923,0.29198,0.2996,0.12648,0.066547,0.00012349,0.019026,0.15408,0.3563,0.23587,0.13487,0.055762,0.043235,0.0018212,0.018063
0.085034,0.17223,0.26433,0.26437,0.11843,0.075784,0.0011729,0.018658,0.18372,0.28248,0.237,0.18791,0.062305,0.029229,0.0040394,0.013306
0.086075,0.11509,0.32948,0.29441,0.10187,0.064222,0.00012567,0.0087325,0.17519,0.35084,0.19788,0.18089,0.062884,0.02223,0.0018463,0.0082477
0.073486,0.14785,0.27844,0.29498,0.12334,0.070133,0.00021827,0.01155,0.20234,0.24574,0.24887,0.17646,0.060792,0.037145,0.002275,0.026375
0.08858,0.15516,0.29977,0.27944,0.098641,0.074427,1.5408e-005,0.003962,0.22632,0.25146,0.25004,0.11509,0.075583,0.059804,0.0060805,0.015629
0.069922,0.14718,0.34048,0.26019,0.10336,0.069623,0.00014394,0.0091009,0.17216,0.22534,0.28617,0.15122,0.092392,0.057025,0.0089592,0.0067312
0.050509,0.15593,0.31461,0.24112,0.15932,0.054112,4.3547e-005,0.024351,0.23148,0.23077,0.32683,0.10485,0.075989,0.012707,0.00057785,0.016794
0.074502,0.14248,0.32601,0.25492,0.118,0.057835,0.00095986,0.025289,0.29964,0.20294,0.2828,0.12219,0.070988,0.015959,0.0027885,0.0027021
0.049701,0.15307,0.33287,0.26798,0.099169,0.086009,3.7075e-005,0.011169,0.20556,0.29856,0.27745,0.12094,0.058243,0.02339,0.009894,0.0059642
0.064927,0.16461,0.28803,0.27743,0.1224,0.066491,0.00088555,0.015215,0.22866,0.2881,0.24012,0.10678,0.067167,0.03867,0.020253,0.010248
0.060149,0.20901,0.24879,0.2972,0.097376,0.073101,4.148e-006,0.014374,0.27109,0.24635,0.18825,0.17487,0.061764,0.02705,0.0077723,0.022862
0.08741,0.16441,0.28475,0.28113,0.1191,0.046341,1.6731e-005,0.016846,0.23887,0.27741,0.18115,0.17593,0.072067,0.045662,0.0017254,0.0071952
0.076145,0.18357,0.25513,0.29518,0.12936,0.044119,1.8939e-009,0.016503,0.25454,0.28371,0.17043,0.17607,0.071338,0.021039,0.0066079,0.016266
0.049751,0.10661,0.35263,0.31394,0.094146,0.054969,0.0020759,0.025871,0.30946,0.29907,0.18582,0.12349,0.047479,0.028439,0.00088865,0.0053669
0.080603,0.15105,0.35732,0.24692,0.075929,0.067601,0.0010612,0.019524,0.24598,0.27901,0.26091,0.14357,0.041716,0.018608,4.7751e-005,0.010158
0.067938,0.17269,0.33878,0.24137,0.10334,0.061508,0.001613,0.012764,0.23711,0.31589,0.22211,0.11028,0.075783,0.021659,0.0049911,0.012174
0.073229,0.15327,0.30773,0.27423,0.1099,0.060519,0.00020792,0.020915,0.19635,0.28976,0.26236,0.12888,0.088965,0.025762,0.0037043,0.004218
0.066325,0.16947,0.27884,0.29111,0.13395,0.044831,0.00042919,0.015042,0.21907,0.24838,0.24984,0.1697,0.082265,0.0166,0.003394,0.010746
0.060719,0.20546,0.29951,0.24552,0.12208,0.040925,0.00049027,0.025299,0.21887,0.26723,0.25039,0.14501,0.07227,0.034291,0.0043378,0.0075983
0.055548,0.15443,0.28011,0.33095,0.13319,0.030575,6.0382e-005,0.015137,0.17485,0.30709,0.2444,0.18012,0.066179,0.018869,0.0038974,0.0045912
0.063353,0.15785,0.2274,0.37548,0.12052,0.040956,0.0022165,0.012224,0.2197,0.25066,0.26035,0.15072,0.099902,0.0080487,0.00063023,0.0099868
0.045444,0.19747,0.26697,0.31872,0.095226,0.065152,0.0010199,0.010005,0.2603,0.23515,0.22855,0.12077,0.098688,0.039535,0.00027004,0.016735
0.06118,0.218,0.29269,0.27613,0.10833,0.031762,0.0029106,0.0089855,0.23271,0.30855,0.20932,0.145,0.067559,0.020271,0.0038451,0.012751
0.067858,0.18181,0.31571,0.27562,0.11851,0.026545,0.0037601,0.010187,0.21124,0.28279,0.22136,0.15607,0.093489,0.024858,0.0036467,0.0065517
0.066902,0.1761,0.33452,0.2812,0.10836,0.022605,0.0016729,0.0086331,0.24466,0.2647,0.22336,0.11627,0.099255,0.044185,0.0019397,0.0056413
0.048787,0.17883,0.34021,0.28749,0.097406,0.028445,0.00041014,0.018425,0.24517,0.24738,0.23577,0.16129,0.078412,0.016141,0.0074958,0.0083379
0.078709,0.17261,0.31056,0.26883,0.1214,0.029088,0.00059213,0.018203,0.23885,0.2509,0.25432,0.15186,0.062799,0.021624,0.0061911,0.013461
0.082278,0.15264,0.29702,0.33076,0.088955,0.022522,0.0030441,0.022786,0.25726,0.29554,0.19425,0.13983,0.064914,0.029391,0.0024359,0.016383
0.076996,0.1479,0.3301,0.26213,0.12644,0.027205,0.0039897,0.025236,0.21047,0.29069,0.27197,0.15113,0.034209,0.033052,0.0054134,0.0030619
0.06781,0.17169,0.2615,0.31171,0.12732,0.040306,0.0068033,0.012854,0.26321,0.29345,0.24466,0.092205,0.045604,0.054169,0.0011276,0.0055678
0.073059,0.14211,0.29825,0.29066,0.11164,0.032359,0.0022408,0.049688,0.22932,0.25334,0.28198,0.12306,0.035729,0.050505,0.011116,0.014936
0.086539,0.16847,0.32222,0.25016,0.119,0.030389,0.00085178,0.022372,0.22088,0.26471,0.2737,0.12736,0.038645,0.05594,0.0019523,0.016809
0.069444,0.14682,0.35405,0.25551,0.1087,0.046017,0.0017686,0.017689,0.27208,0.26485,0.26632,0.090576,0.068151,0.027493,0.00042898,0.010103
0.070606,0.16894,0.32537,0.25019,0.12133,0.053323,0.0043207,0.0059278,0.22735,0.2507,0.29086,0.11705,0.06671,0.028472,1.3531e-005,0.018848
0.08294,0.13363,0.3194,0.23193,0.14541,0.060831,2.1637e-006,0.02587,0.21573,0.28322,0.30033,0.12184,0.054274,0.022292,5.3832e-006,0.0023058
0.064062,0.1166,0.30052,0.2825,0.13634,0.076592,0.00044503,0.022945,0.26693,0.20093,0.28215,0.098548,0.088684,0.062627,4.6396e-011,0.00012554
0.051981,0.14613,0.29574,0.30115,0.13862,0.055519,3.0441e-005,0.010817,0.22073,0.29909,0.29655,0.094893,0.058712,0.01809,0.00032688,0.011609
0.070365,0.17152,0.27027,0.27167,0.12263,0.080406,0.0005075,0.012641,0.22872,0.30504,0.27295,0.071893,0.085695,0.034302,2.3994e-005,0.001376
0.078084,0.17756,0.31304,0.27355,0.080217,0.057622,0.00052249,0.019401,0.21887,0.33207,0.24672,0.092758,0.073612,0.028073,4.6028e-005,0.0078623
0.068741,0.16452,0.34786,0.24865,0.099016,0.049153,0.00051052,0.021549,0.25895,0.33146,0.25517,0.066657,0.038698,0.0174,0.0013584,0.030309
0.082583,0.13396,0.31207,0.30309,0.10082,0.053878,4.1377e-006,0.013585,0.22121,0.31352,0.24451,0.097376,0.094865,0.01087,0.0023938,0.015248
0.10198,0.14624,0.24329,0.31523,0.12053,0.050068,0.00010878,0.022561,0.2517,0.33572,0.21702,0.11039,0.054147,0.016909,0.00094149,0.013182
0.066399,0.13286,0.32485,0.27732,0.12071,0.060485,0.00030865,0.017071,0.25038,0.32325,0.19738,0.10182,0.077017,0.037323,0.0022212,0.010604
0.067452,0.11578,0.3287,0.26132,0.12948,0.072853,0.00070242,0.023711,0.24915,0.29703,0.16632,0.14141,0.10133,0.020042,0.0014312,0.023284
0.069947,0.12128,0.32121,0.26249,0.1361,0.059579,0.0016409,0.027757,0.2342,0.28883,0.22854,0.13675,0.078098,0.018939,0.0071969,0.0074495
0.070941,0.15688,0.3534,0.20787,0.1221,0.06732,0.0019141,0.019573,0.19356,0.34258,0.28088,0.099286,0.045931,0.032277,0.0018928,0.0035934
0.075643,0.17279,0.29076,0.28079,0.10795,0.054135,0.0017818,0.016144,0.20445,0.35316,0.23901,0.12265,0.055575,0.023423,0.00093525,0.00079282
0.06582,0.15995,0.29495,0.28901,0.11153,0.062326,0.0032082,0.013201,0.19979,0.30495,0.26015,0.16527,0.036509,0.015112,0.0063567,0.01186
0.13573,0.14728,0.24369,0.28197,0.10424,0.062862,0.0021956,0.022038,0.21056,0.35841,0.2375,0.10899,0.049135,0.022193,3.5596e-006,0.013206
0.076743,0.16636,0.32381,0.26591,0.096309,0.042201,0.00067793,0.02799,0.24518,0.31711,0.22863,0.15176,0.036924,0.012428,0.0012119,0.0067482
0.079861,0.22601,0.28395,0.25956,0.08492,0.053653,1.3207e-005,0.012041,0.19504,0.32052,0.27763,0.11118,0.064672,0.025452,0.0020961,0.0034124
0.070256,0.1835,0.29269,0.24548,0.13396,0.046502,0.0016971,0.025923,0.18107,0.30817,0.34832,0.087702,0.053248,0.020288,5.6766e-009,0.0011991
0.060449,0.16282,0.30208,0.25378,0.13579,0.06497,0.0030829,0.017015,0.20419,0.27773,0.25769,0.1548,0.061153,0.036146,0.0080086,0.00028462
0.084794,0.19026,0.26886,0.26065,0.12977,0.054896,0.0019155,0.0088547,0.22355,0.30187,0.28884,0.093352,0.051775,0.030662,0.00072641,0.0092253
0.078891,0.17569,0.27813,0.27341,0.12147,0.053995,0.0012047,0.01721,0.19729,0.29136,0.27339,0.14909,0.073013,0.01149,6.5899e-006,0.0043598
0.085673,0.1229,0.30452,0.27736,0.11289,0.070911,0.010115,0.015626,0.19134,0.28889,0.29627,0.14173,0.053177,0.02567,2.7224e-006,0.0029208
0.090826,0.15831,0.27732,0.29989,0.085935,0.067327,0.0029284,0.017459,0.2293,0.25014,0.26872,0.17471,0.039795,0.035594,2.1282e-005,0.0017287
0.06972,0.17349,0.26287,0.29776,0.10537,0.069916,0.00027036,0.020598,0.225,0.32349,0.2103,0.17635,0.035647,0.025722,8.7963e-005,0.0034058
0.073187,0.13324,0.25923,0.32744,0.12378,0.056995,4.6742e-006,0.026132,0.2314,0.31643,0.22244,0.15357,0.050109,0.020573,3.9517e-005,0.0054439
0.05006,0.18225,0.29505,0.27911,0.11865,0.050373,0.0015896,0.022918,0.20386,0.33065,0.23335,0.15014,0.051652,0.012465,0.00029914,0.017588
0.072202,0.13884,0.30083,0.27887,0.13682,0.051593,0.0023441,0.018499,0.19685,0.31741,0.26538,0.12934,0.055203,0.025787,0.00073683,0.0092813
0.089604,0.13056,0.29214,0.28641,0.11826,0.064277,0.0056145,0.013131,0.14251,0.30943,0.24286,0.21021,0.058907,0.029053,0.00070785,0.0063196
0.054427,0.14192,0.37262,0.26369,0.088808,0.055852,0.0030838,0.019596,0.11454,0.33599,0.22865,0.18997,0.061114,0.040134,0.0009688,0.028634
0.062854,0.17347,0.35318,0.223,0.083215,0.078494,0.0081473,0.017645,0.23253,0.31117,0.18908,0.15636,0.057652,0.047447,6.1153e-005,0.0057028
0.074425,0.13782,0.32745,0.2413,0.11388,0.079563,0.0035721,0.021992,0.24815,0.28754,0.27387,0.134,0.032833,0.020362,6.3447e-006,0.003239
0.05918,0.18223,0.25769,0.29464,0.12197,0.059142,0.00081932,0.024324,0.25891,0.27435,0.25489,0.15561,0.031133,0.022479,0.0013323,0.0012905
0.06488,0.2087,0.25302,0.33099,0.074601,0.047234,0.00070881,0.019866,0.17148,0.29875,0.2647,0.17125,0.074594,0.017858,0.00049176,0.0008827
0.092903,0.15638,0.28834,0.29651,0.089115,0.054936,0.0065414,0.015273,0.20786,0.28046,0.26846,0.15964,0.064184,0.010641,0.0052608,0.0034958
0.074823,0.16123,0.29204,0.27739,0.10403,0.081455,0.0029929,0.0060329,0.22755,0.26321,0.25275,0.17751,0.061131,0.0062562,0.0017099,0.0098887
0.045388,0.17216,0.34729,0.24708,0.12213,0.053565,0.0015876,0.010808,0.21041,0.29677,0.2462,0.15009,0.078465,0.010869,7.1298e-005,0.0071279
0.050523,0.19122,0.32179,0.25379,0.12891,0.025444,0.0065813,0.021736,0.16519,0.26881,0.2309,0.19865,0.11009,0.0097976,0.00015172,0.016421
0.075874,0.17456,0.32801,0.24357,0.1241,0.034911,0.0063527,0.012633,0.16792,0.29853,0.25032,0.1639,0.079742,0.031129,0.0015855,0.0068879
0.074392,0.15878,0.30028,0.27214,0.11704,0.050115,0.0053047,0.021952,0.18897,0.28009,0.22709,0.17149,0.091013,0.033256,0.00095756,0.0071236
0.051115,0.19088,0.32327,0.28487,0.075684,0.043838,0.0013518,0.028995,0.21702,0.25812,0.28769,0.13791,0.075588,0.019716,0.0012457,0.0027163
0.046903,0.18025,0.29546,0.27181,0.1078,0.067651,8.6601e-005,0.030042,0.19411,0.28167,0.28612,0.13491,0.064409,0.024499,0.011474,0.0028175
0.080654,0.21937,0.27774,0.26375,0.070737,0.068526,0.0014859,0.017735,0.21634,0.22274,0.27491,0.15988,0.090384,0.033258,0.0020051,0.00048423
0.09679,0.16339,0.27236,0.28453,0.10973,0.055459,0.0040102,0.013732,0.25699,0.24676,0.23875,0.14295,0.089786,0.019525,0.0020881,0.0031501
0.062709,0.14242,0.28861,0.30976,0.12454,0.055632,0.0011371,0.015192,0.2636,0.26554,0.28373,0.12143,0.054521,0.0082533,0.0016834,0.0012593
0.088783,0.16496,0.30814,0.25183,0.11473,0.0491,0.0028463,0.019601,0.21523,0.3284,0.23939,0.15066,0.054684,0.0057708,0.0018582,0.0040158
0.069829,0.17131,0.32743,0.24826,0.1102,0.043913,0.0058938,0.02317,0.18686,0.29062,0.28503,0.17329,0.052266,0.0054343,0.0027921,0.0037152
0.061043,0.19179,0.26729,0.27111,0.12904,0.055562,0.0018173,0.022346,0.22182,0.29175,0.25129,0.12537,0.081913,0.012884,0.0010206,0.013951
0.11728,0.16165,0.238,0.30812,0.10676,0.061339,0.00047881,0.0063744,0.21232,0.3173,0.23439,0.11785,0.083242,0.0067224,0.0057049,0.02248
0.091625,0.14286,0.26597,0.31847,0.10668,0.056864,0.0015723,0.015961,0.18625,0.32408,0.27448,0.10636,0.086453,0.010441,0.0036916,0.0082336
0.084154,0.15704,0.30938,0.24376,0.12437,0.065715,0.0012976,0.014298,0.21409,0.3008,0.25414,0.12544,0.088155,0.0041762,0.00040435,0.01279
0.090118,0.17093,0.28943,0.28758,0.096186,0.050114,0.00037105,0.015262,0.21453,0.33427,0.25109,0.11179,0.062838,0.01546,0.00073526,0.0092836
0.083825,0.16336,0.32741,0.26589,0.096046,0.048831,0.003953,0.010683,0.22795,0.33534,0.16893,0.13101,0.12246,0.0047618,0.00025976,0.0092906
0.052239,0.13095,0.3485,0.29051,0.084974,0.079101,0.0032156,0.01051,0.1897,0.32346,0.22426,0.15687,0.079665,0.016956,0.00075029,0.0083416
0.05805,0.1547,0.3109,0.24959,0.11974,0.080986,4.5806e-005,0.025989,0.2186,0.26614,0.26561,0.15304,0.058617,0.033007,0.00071989,0.0042709
0.079017,0.13761,0.31117,0.26867,0.12523,0.063621,0.0018638,0.012808,0.20545,0.35823,0.21044,0.11227,0.069175,0.040008,0.0020427,0.0023808
0.071525,0.13702,0.31746,0.25099,0.12816,0.078249,0.00019335,0.016396,0.2445,0.28991,0.21321,0.12496,0.086668,0.036945,0.00071093,0.003088
0.057801,0.13174,0.26202,0.29895,0.1287,0.092675,0.0014888,0.026633,0.21155,0.32872,0.24401,0.13107,0.051526,0.030225,0.0021035,0.00080517
0.098897,0.1634,0.26353,0.27709,0.11333,0.056126,0.01145,0.016168,0.22722,0.38221,0.20128,0.11058,0.052718,0.017313,0.00043229,0.0082456
0.12916,0.13312,0.28012,0.30608,0.06652,0.065209,0.0047197,0.015064,0.22709,0.39432,0.19894,0.083695,0.059623,0.024473,0.0014269,0.010428
0.074969,0.15818,0.28907,0.2984,0.13067,0.039736,0.0022808,0.0066934,0.26611,0.30591,0.20795,0.10747,0.067789,0.022984,0.00024806,0.021546
0.075125,0.16085,0.27971,0.30944,0.097057,0.0542,0.0019002,0.021719,0.20802,0.31258,0.24051,0.10575,0.088712,0.024307,0.0038616,0.016257
0.086864,0.165,0.32,0.26177,0.086021,0.061986,0.010965,0.0074083,0.20444,0.34199,0.23943,0.13218,0.055004,0.016633,0.0059417,0.0043792
0.089817,0.15463,0.27575,0.2988,0.10291,0.056393,0.0024442,0.019262,0.23206,0.36212,0.22277,0.12683,0.044822,0.004875,0.0013325,0.0051865
0.081572,0.15267,0.31645,0.29585,0.095223,0.032377,0.0032509,0.022607,0.20522,0.32252,0.24679,0.12017,0.079302,0.012455,0.00033914,0.013203
0.073523,0.18466,0.27582,0.29918,0.099273,0.043897,0.00031329,0.023342,0.19318,0.31195,0.28896,0.11234,0.071748,0.018481,0.00041142,0.0029244
0.054983,0.17553,0.34506,0.24488,0.1006,0.065113,0.0057724,0.0080632,0.2028,0.323,0.18488,0.18217,0.050471,0.049182,0.0036364,0.0038587
0.055705,0.17257,0.28853,0.3187,0.095186,0.059517,0.00034592,0.0094539,0.19461,0.37333,0.1994,0.15105,0.045215,0.034575,0.0002061,0.0016028
0.060728,0.18809,0.2368,0.31175,0.11128,0.075852,0.00059621,0.014912,0.15273,0.35487,0.22003,0.1751,0.035956,0.054099,0.004941,0.0022695
0.06321,0.14452,0.30692,0.30238,0.10109,0.06491,0.0020147,0.014955,0.15663,0.38402,0.23768,0.12612,0.069927,0.020109,0.00030094,0.005222
0.07164,0.15949,0.24909,0.31159,0.141,0.053564,0.004471,0.009151,0.16599,0.30956,0.282,0.15819,0.057978,0.011762,0.00038689,0.014138
0.074191,0.20652,0.22987,0.31066,0.11111,0.04816,0.00081744,0.018673,0.19334,0.29581,0.23139,0.17291,0.073941,0.018615,0.00021341,0.013771
0.075652,0.18931,0.26459,0.26686,0.12829,0.06123,0.00069897,0.013368,0.23395,0.24084,0.21637,0.2215,0.061926,0.023164,4.6127e-007,0.0022463
0.095615,0.19841,0.27387,0.25513,0.11891,0.046941,0.00033096,0.010784,0.20098,0.33793,0.25136,0.13462,0.050438,0.019968,0.00069631,0.0040077
0.078259,0.20711,0.25725,0.33441,0.075872,0.031179,0.0019596,0.01396,0.21819,0.34633,0.23692,0.12532,0.052407,0.012206,0.0069412,0.0016821
0.0521,0.19308,0.30322,0.31401,0.09859,0.022886,0.00285,0.01327,0.23105,0.32301,0.23393,0.14204,0.053224,0.0093407,0.00080292,0.0066034
0.063198,0.16676,0.28703,0.32318,0.10587,0.027231,0.012329,0.014406,0.30879,0.27345,0.20815,0.13655,0.059668,0.010039,0.0001452,0.0032043
0.052287,0.17555,0.28844,0.31239,0.12028,0.02734,0.0016732,0.022037,0.23027,0.29666,0.24706,0.15921,0.048862,0.0157,9.093e-013,0.0022296
0.081541,0.15105,0.27443,0.31961,0.11447,0.041307,0.0054624,0.012125,0.19307,0.28472,0.29987,0.13943,0.066465,0.0096027,0.0018868,0.0049515
0.063226,0.14918,0.2887,0.30587,0.11499,0.05174,0.0014475,0.024853,0.20469,0.25309,0.30814,0.13288,0.073301,0.015237,0.0016429,0.011026
0.064996,0.15696,0.30095,0.27126,0.11433,0.071859,0.0023626,0.017287,0.18749,0.28899,0.28343,0.12306,0.090164,0.016077,0.0065208,0.0042619
0.081019,0.15342,0.31774,0.26338,0.13335,0.037645,0.00062141,0.012833,0.20733,0.28353,0.23596,0.1476,0.098642,0.0063873,0.0051985,0.015348
0.08482,0.14963,0.2759,0.28594,0.11631,0.061297,0.0075132,0.018596,0.18875,0.28805,0.23147,0.17788,0.06816,0.045527,2.0534e-011,0.00016584
0.061888,0.16098,0.26333,0.2866,0.13527,0.059727,0.0056157,0.026592,0.21715,0.28397,0.24575,0.15256,0.081999,0.018522,3.3366e-006,4.0222e-005
0.065183,0.17602,0.26628,0.2809,0.10823,0.075005,0.0067756,0.021604,0.18486,0.28999,0.25459,0.18534,0.064867,0.013572,1.1865e-009,0.0067786
0.080423,0.15793,0.26307,0.29834,0.10615,0.074346,0.0035283,0.016211,0.18274,0.27265,0.26386,0.17926,0.062035,0.0324,4.2994e-007,0.0070551
0.078719,0.16409,0.26635,0.30582,0.10654,0.064124,0.0033157,0.011045,0.20277,0.29664,0.28809,0.13972,0.046584,0.018037,6.3684e-008,0.0081528
0.073586,0.16732,0.24409,0.27191,0.13724,0.089737,9.4077e-005,0.01602,0.19047,0.28415,0.26795,0.14226,0.056017,0.047708,0.0012875,0.010158
0.064174,0.18485,0.27427,0.27769,0.12488,0.057206,6.6681e-005,0.016876,0.1802,0.29313,0.28295,0.15387,0.049644,0.017147,0.0020486,0.021006
0.090116,0.13768,0.28241,0.29483,0.11805,0.065154,0.00063586,0.011127,0.21304,0.30566,0.27836,0.14232,0.034675,0.01265,1.4957e-005,0.013287
0.098116,0.17284,0.24545,0.31792,0.09615,0.056431,0.0028971,0.010201,0.18156,0.31221,0.23069,0.17875,0.057818,0.0077175,0.0033491,0.027916
0.060089,0.16895,0.2762,0.31833,0.11847,0.041698,0.0017006,0.014558,0.2297,0.308,0.25,0.12757,0.044083,0.023036,0.0021713,0.015433
0.055918,0.18245,0.32668,0.23213,0.12393,0.055131,0.002374,0.021382,0.19685,0.2812,0.23968,0.16573,0.077678,0.022812,0.0018969,0.01415
0.059967,0.1734,0.28636,0.25185,0.14351,0.060136,0.002382,0.022402,0.18537,0.29259,0.26296,0.1724,0.073277,0.0098189,0.00057711,0.0030031
0.064165,0.19661,0.23848,0.28218,0.099813,0.096012,0.00093419,0.021818,0.17363,0.31074,0.2284,0.17004,0.10018,0.011236,0.00078463,0.0049987
0.087305,0.1783,0.29964,0.24612,0.087932,0.078889,0.00012219,0.021694,0.20468,0.30313,0.24057,0.15321,0.08164,0.0070319,0.0046868,0.0050432
0.068367,0.17142,0.29801,0.25953,0.097436,0.083309,0.00065562,0.021264,0.20016,0.27839,0.29124,0.14621,0.06077,0.020978,0.00080702,0.0014464
0.062404,0.15416,0.25851,0.32411,0.10382,0.061726,0.0031102,0.03216,0.22167,0.29085,0.27371,0.12276,0.069914,0.018357,4.7098e-005,0.00269
0.095225,0.17447,0.25383,0.30931,0.097715,0.061206,0.00027917,0.0079774,0.2316,0.33242,0.22245,0.15652,0.038748,0.013063,0.0038425,0.001349
0.086798,0.15275,0.31934,0.2966,0.091846,0.035109,0.0035854,0.013973,0.22515,0.29003,0.25124,0.12495,0.073735,0.033023,0.00057667,0.0012966
0.11324,0.15867,0.2676,0.28036,0.12281,0.047025,0.001239,0.0090622,0.20646,0.25768,0.2955,0.12238,0.075408,0.035035,0.0028722,0.0046752
0.068206,0.19233,0.27332,0.27279,0.12093,0.05069,0.00039988,0.021339,0.21364,0.25,0.29468,0.13724,0.066458,0.025093,0.007179,0.0057076
0.074892,0.13201,0.35136,0.26919,0.10591,0.041063,0.0014235,0.024155,0.1886,0.32203,0.2734,0.1177,0.04959,0.043297,0.0019171,0.0034627
0.061507,0.14969,0.30011,0.29352,0.10691,0.072051,0.0046947,0.011521,0.18544,0.31846,0.26362,0.13063,0.059724,0.040148,3.67e-006,0.001985
0.068405,0.18088,0.28491,0.30508,0.097888,0.04043,0.0062859,0.016116,0.1733,0.30128,0.28684,0.12442,0.065565,0.047875,1.8316e-005,0.00069477
0.060879,0.17313,0.27702,0.3261,0.095626,0.049934,0.00027735,0.017032,0.17236,0.30299,0.26315,0.15674,0.068785,0.030322,3.0457e-005,0.0056229
0.083969,0.13681,0.20333,0.3871,0.11894,0.060395,9.3393e-005,0.0093518,0.20802,0.26701,0.26189,0.16568,0.069768,0.021124,0.0039631,0.0025489
0.098224,0.16644,0.26277,0.29778,0.10886,0.05689,6.6098e-005,0.0089708,0.20756,0.24342,0.31511,0.15939,0.064804,0.0013269,1.815e-005,0.0083623
0.058884,0.13615,0.29211,0.2941,0.1296,0.072115,0.0012232,0.015815,0.22425,0.30792,0.21437,0.17075,0.069224,0.0036525,0.0045838,0.0052559
0.053658,0.14224,0.30861,0.25881,0.14845,0.066104,0.0004041,0.021716,0.25019,0.29197,0.24802,0.13222,0.06023,0.0050926,0.0067648,0.0055135
0.071963,0.15693,0.32418,0.2579,0.11006,0.062599,0.00081256,0.01556,0.22429,0.3053,0.23716,0.17845,0.047797,0.0029925,0.00067907,0.0033285
0.067739,0.16891,0.27696,0.26545,0.13366,0.06133,0.00061031,0.02534,0.16209,0.28948,0.29518,0.14149,0.080732,0.016538,0.0019481,0.012541
0.06685,0.22693,0.28406,0.23298,0.10304,0.069812,0.001542,0.014788,0.16234,0.28502,0.28382,0.1451,0.077955,0.030731,0.0061539,0.0088825
0.080042,0.19163,0.28518,0.27252,0.10187,0.048461,0.0022202,0.018065,0.17597,0.27664,0.29764,0.090076,0.11279,0.027997,0.0077653,0.011115
0.10027,0.2062,0.30957,0.24036,0.097618,0.03177,0.00024309,0.01398,0.18172,0.28526,0.28763,0.11422,0.08422,0.037636,0.0056675,0.0036411
0.10916,0.1649,0.29248,0.27069,0.08825,0.038224,0.0012683,0.035033,0.1776,0.31492,0.28369,0.12863,0.043037,0.045572,7.063e-005,0.0064856
0.072467,0.23545,0.28604,0.25857,0.091844,0.034836,0.00089395,0.019897,0.15567,0.29854,0.27675,0.14903,0.055869,0.04906,0.0031359,0.011945
0.090808,0.21728,0.29062,0.23682,0.10652,0.039438,0.00048301,0.018032,0.14922,0.31028,0.30007,0.13827,0.055406,0.043794,0.00072177,0.0022428
0.073377,0.19439,0.30645,0.26339,0.10576,0.037839,1.5674e-005,0.018789,0.14613,0.30533,0.29978,0.14447,0.058601,0.043326,0.0019341,0.00042931
0.055858,0.13964,0.32612,0.27617,0.11073,0.074525,0.0014967,0.015456,0.1795,0.29999,0.27761,0.14909,0.059972,0.028558,0.00025742,0.0050164
0.08502,0.12606,0.33544,0.30053,0.10431,0.034399,8.6236e-005,0.014154,0.1746,0.28424,0.25107,0.17716,0.070854,0.032661,7.2335e-005,0.0093474
0.086237,0.1421,0.33132,0.28634,0.11907,0.021039,0.0003163,0.013567,0.18363,0.27145,0.23262,0.19457,0.070579,0.037088,0.0028449,0.0072145
0.08696,0.15884,0.28797,0.29222,0.13017,0.032709,0.0001174,0.011011,0.18564,0.28649,0.27653,0.15142,0.041783,0.051386,0.00056358,0.0061832
0.080331,0.18956,0.2559,0.31225,0.096118,0.050637,2.7269e-007,0.015195,0.21272,0.32483,0.22199,0.11961,0.074467,0.039603,0.0022105,0.0045702
0.057972,0.14241,0.33094,0.31948,0.062659,0.074308,0.00054977,0.011685,0.2045,0.29887,0.2912,0.13023,0.057037,0.014329,0.0016705,0.0021642
0.056067,0.15265,0.32116,0.30703,0.066885,0.070903,8.5187e-005,0.025226,0.18843,0.35039,0.26648,0.12587,0.044031,0.011428,0.0020294,0.011329
0.0452,0.17937,0.30858,0.29285,0.10063,0.05416,5.3273e-005,0.019158,0.18922,0.2936,0.27809,0.16928,0.045553,0.019047,0.0013953,0.0038076
0.068217,0.15551,0.27139,0.27474,0.1326,0.079129,0.0010216,0.017399,0.1549,0.365,0.28007,0.14786,0.025794,0.016112,0.00041075,0.009867
0.078757,0.1694,0.28895,0.26385,0.1151,0.068616,0.00012729,0.015203,0.21616,0.36589,0.24867,0.10276,0.049002,0.0052548,0.0021444,0.010125
0.10582,0.16197,0.26563,0.29579,0.10584,0.041892,0.0079034,0.015151,0.25505,0.26651,0.27894,0.10138,0.085964,0.0058252,0.00097741,0.0053572
0.075642,0.21653,0.27447,0.28395,0.096747,0.041022,0.0039227,0.0077101,0.25216,0.20084,0.28142,0.14837,0.076765,0.029687,0.0037301,0.0070291
0.094633,0.15935,0.21892,0.33183,0.093091,0.080539,0.0019019,0.019741,0.18069,0.23303,0.3084,0.14738,0.090097,0.029162,0.0020543,0.0091873
0.066322,0.13437,0.25443,0.2889,0.10516,0.12324,0.010844,0.016725,0.1907,0.2068,0.30341,0.16792,0.07317,0.035905,0.0093199,0.012772
0.062363,0.15461,0.2615,0.32602,0.10764,0.073393,0.0005367,0.013937,0.21511,0.25961,0.25478,0.16123,0.072162,0.031902,0.0019818,0.0032256
0.084155,0.16641,0.29376,0.29092,0.093953,0.048779,0.00017742,0.021848,0.14011,0.3353,0.25835,0.15083,0.07513,0.031899,0.00034418,0.0080367
0.1037,0.13522,0.29012,0.29739,0.11758,0.041392,1.8348e-007,0.014592,0.18622,0.28739,0.26437,0.13654,0.094154,0.016997,0.00065213,0.013682
0.086024,0.12252,0.29841,0.30241,0.14358,0.02887,3.2001e-006,0.018184,0.20538,0.2856,0.23355,0.15188,0.089897,0.02359,9.7955e-005,0.0099989
0.097337,0.14582,0.27641,0.29522,0.13894,0.034756,3.0849e-005,0.01148,0.18811,0.26306,0.24768,0.16943,0.082821,0.039421,0.00071717,0.0087579
0.069172,0.18233,0.26615,0.25386,0.15029,0.05746,0.00065676,0.020078,0.19779,0.2552,0.27996,0.14162,0.078269,0.030399,0.004121,0.012634
0.073249,0.1789,0.33027,0.24337,0.11102,0.044713,0.0033695,0.015119,0.19527,0.27877,0.24593,0.15206,0.08088,0.025328,0.0068992,0.014865
0.076474,0.14789,0.32169,0.29332,0.10519,0.042666,0.0023209,0.010442,0.18937,0.24746,0.27766,0.15955,0.066971,0.021188,0.0055547,0.032255
0.056148,0.1504,0.31416,0.3391,0.092911,0.03264,0.0011739,0.013466,0.1558,0.28165,0.27928,0.17034,0.072,0.023064,0.0071414,0.010719
0.061741,0.19916,0.28535,0.24963,0.15162,0.03374,0.00067896,0.018076,0.16485,0.29464,0.30763,0.12594,0.063589,0.026972,0.0024965,0.013884
0.062368,0.16365,0.28788,0.31141,0.094249,0.060733,0.00043665,0.019273,0.16971,0.3069,0.29343,0.07178,0.095649,0.025214,0.024078,0.013236
0.085013,0.17922,0.29347,0.27115,0.10824,0.045769,0.00020046,0.016941,0.17242,0.29985,0.2412,0.12499,0.091373,0.029637,0.020622,0.019898
0.062377,0.16294,0.31668,0.26128,0.10779,0.068474,0.00026218,0.020195,0.15196,0.33613,0.24578,0.134,0.1069,0.018454,0.0031835,0.0035828
0.05844,0.14167,0.31691,0.2653,0.12377,0.066782,0.00060995,0.026517,0.18791,0.3033,0.23717,0.15475,0.088798,0.013844,0.0034115,0.010817
0.07291,0.14896,0.29776,0.24913,0.13837,0.072134,0.0005669,0.020175,0.23305,0.28186,0.28685,0.0979,0.071527,0.018535,0.0079532,0.0023238
0.073705,0.13441,0.31815,0.29382,0.092929,0.060148,0.0020348,0.024806,0.21301,0.29342,0.26123,0.099407,0.077707,0.038445,1.146e-005,0.016777
0.080448,0.15579,0.27676,0.30402,0.1122,0.055831,0.00040972,0.014537,0.18224,0.30854,0.20838,0.16719,0.086431,0.028886,0.0089799,0.0093487
0.099634,0.13877,0.30887,0.2861,0.081811,0.069971,0.0037855,0.01106,0.19471,0.31213,0.20894,0.15845,0.060603,0.052849,0.0051357,0.0071776
0.072848,0.15881,0.27042,0.29389,0.12879,0.062103,0.00070071,0.01244,0.1702,0.30823,0.27039,0.11819,0.089563,0.036818,0.0007896,0.0058207
0.045887,0.17414,0.28317,0.28961,0.12793,0.039918,0.00034733,0.038997,0.18874,0.31675,0.24874,0.085105,0.097712,0.048754,0.0032007,0.010993
0.06631,0.16739,0.31535,0.28877,0.11072,0.036747,0.00094051,0.013771,0.22213,0.28842,0.22438,0.10296,0.11741,0.035699,0.0004509,0.0085451
0.081538,0.13646,0.30925,0.28209,0.12083,0.057258,0.0007631,0.011815,0.19858,0.303,0.23526,0.13009,0.10527,0.02438,0.0016963,0.001718
0.1114,0.16773,0.24641,0.27455,0.14251,0.041269,0.00020406,0.015931,0.16243,0.25163,0.30601,0.16624,0.087882,0.019329,0.0034097,0.0030565
0.08134,0.11813,0.34231,0.29102,0.1238,0.03387,0.00035803,0.0091693,0.21243,0.24937,0.27732,0.16314,0.062951,0.024055,0.0029617,0.0077715
0.053756,0.12978,0.35452,0.29592,0.11295,0.038765,3.764e-005,0.014282,0.19172,0.2758,0.29757,0.12943,0.065245,0.032737,0.0048207,0.0026751
0.062015,0.14637,0.33069,0.29566,0.081865,0.070501,0.00053355,0.01237,0.2226,0.24233,0.29618,0.11731,0.076127,0.024458,0.015783,0.0052096
0.07152,0.16078,0.36276,0.26147,0.074513,0.048161,0.0020219,0.018778,0.20259,0.19597,0.31463,0.17058,0.081822,0.028253,0.0021419,0.0040174
0.065387,0.16638,0.30944,0.27836,0.1104,0.054725,0.0018202,0.013499,0.16885,0.25451,0.31573,0.15845,0.062948,0.024821,7.9492e-005,0.014611
0.078634,0.12239,0.34719,0.24764,0.14468,0.038642,0.00030487,0.020513,0.1816,0.24124,0.31705,0.11963,0.074201,0.044308,0.0013276,0.020646
0.063117,0.13961,0.31681,0.29565,0.12158,0.037079,0.00092914,0.02522,0.21337,0.20506,0.30736,0.14247,0.050198,0.052353,0.0031205,0.026071
0.075225,0.1825,0.30414,0.24656,0.12539,0.038529,0.0020706,0.02559,0.20376,0.26221,0.25757,0.14196,0.085979,0.046242,4.2124e-006,0.0022732
0.077457,0.15337,0.29905,0.29004,0.1163,0.050376,0.00062796,0.012786,0.19735,0.27014,0.28069,0.11851,0.076294,0.052795,9.3834e-005,0.0041332
0.068613,0.13033,0.33228,0.30286,0.11382,0.042491,2.9648e-005,0.0095776,0.2185,0.24509,0.28255,0.16807,0.048336,0.030198,0.0052412,0.0020193
0.076519,0.17828,0.27994,0.28694,0.08337,0.062534,0.0022523,0.030155,0.27223,0.24327,0.2692,0.11956,0.050393,0.025394,0.0082746,0.011679
0.087558,0.16399,0.24218,0.30765,0.12419,0.061167,0.0033111,0.0099595,0.25383,0.22941,0.24627,0.15039,0.073521,0.02588,0.003491,0.017214
0.072286,0.16762,0.28297,0.27085,0.084333,0.092897,0.0059207,0.02311,0.14701,0.28317,0.29144,0.17421,0.075906,0.0081903,0.009986,0.010095
0.053924,0.15183,0.31917,0.27105,0.12642,0.057058,0.00083838,0.019704,0.1799,0.38724,0.21103,0.13865,0.053506,0.0098125,0.014691,0.0051616
0.067484,0.16648,0.26845,0.30466,0.11265,0.057452,0.0019239,0.0209,0.18123,0.31581,0.26628,0.12475,0.070222,0.019961,0.014842,0.0069053
0.074018,0.19838,0.29309,0.2484,0.11151,0.054058,0.00025133,0.020293,0.14936,0.32811,0.28295,0.13658,0.073643,0.020036,0.00069963,0.0086259
0.086177,0.15809,0.27401,0.28877,0.12186,0.057166,0.00062711,0.013297,0.1622,0.34852,0.30668,0.085681,0.080724,0.0086695,0.0014534,0.0060803
0.069255,0.18426,0.30883,0.24882,0.1056,0.045874,0.00019459,0.037172,0.19339,0.28398,0.29458,0.11428,0.083631,0.021713,0.0051609,0.0032656
0.076156,0.18952,0.30255,0.24813,0.11367,0.051535,0.0028529,0.015583,0.25598,0.31288,0.18854,0.11678,0.075113,0.0426,0.0037573,0.0043563
0.085928,0.17182,0.2641,0.29929,0.1103,0.056044,0.0020491,0.010464,0.28109,0.29138,0.21683,0.12391,0.051838,0.025264,0.0076685,0.0020109
0.10525,0.11216,0.28783,0.30941,0.099414,0.056298,0.0071879,0.022452,0.21494,0.30552,0.25459,0.099541,0.085231,0.031169,0.0083927,0.00061855
0.076132,0.12663,0.32507,0.26922,0.11415,0.058275,0.0059258,0.024595,0.20756,0.34188,0.27375,0.0714,0.070685,0.021848,0.0037099,0.0091737
0.052197,0.1552,0.29694,0.28146,0.10154,0.091768,0.00081501,0.020081,0.21772,0.33449,0.27097,0.1122,0.043572,0.0089206,0.0064037,0.0057253
0.087727,0.11083,0.26951,0.27777,0.13237,0.10735,0.00029869,0.01414,0.22017,0.29537,0.26642,0.12639,0.068052,0.020849,0.00063148,0.0021174
0.077405,0.16971,0.28572,0.23894,0.099091,0.099867,0.0010005,0.028267,0.21372,0.26388,0.28677,0.17052,0.052633,0.0095288,0.00078253,0.0021645
0.091759,0.20581,0.28766,0.22436,0.081684,0.087485,2.3007e-005,0.021221,0.19074,0.30088,0.29015,0.13534,0.064987,0.013614,0.00039028,0.003895
0.063074,0.17864,0.32438,0.22868,0.097251,0.0886,0.0017782,0.017591,0.21488,0.3283,0.27398,0.099379,0.057311,0.019092,0.00010211,0.0069552
0.083124,0.21192,0.2907,0.24647,0.092899,0.060449,0.0018492,0.012587,0.25595,0.2998,0.26367,0.10765,0.054599,0.013983,0.0025372,0.0018035
0.070655,0.15726,0.27446,0.28496,0.10159,0.091247,0.0037118,0.016109,0.21988,0.2798,0.33318,0.085567,0.064282,0.014698,0.0020083,0.00057804
0.089681,0.1617,0.31703,0.27941,0.048396,0.078584,0.0019462,0.023253,0.23486,0.29735,0.28794,0.10564,0.050854,0.017822,0.0028356,0.0026965
0.088396,0.20537,0.28776,0.29398,0.056141,0.050341,0.0017848,0.016234,0.22863,0.32308,0.24336,0.1126,0.047063,0.035184,0.001898,0.0081956
0.083758,0.18744,0.2818,0.28606,0.086641,0.060109,0.004207,0.0099898,0.23825,0.30285,0.25025,0.090879,0.068453,0.037494,0.00023482,0.011585
0.068298,0.14939,0.3382,0.26367,0.0922,0.062919,0.0048735,0.020448,0.21963,0.27361,0.27483,0.1276,0.065012,0.01956,6.254e-005,0.019696
0.052974,0.15839,0.2874,0.32985,0.083634,0.076046,0.001967,0.0097395,0.26493,0.25335,0.25707,0.12395,0.076724,0.016538,0.00075813,0.0066849
0.064307,0.15288,0.25233,0.31188,0.12341,0.071821,0.00096684,0.022403,0.21489,0.2618,0.27839,0.13336,0.082801,0.019904,0.002495,0.0063627
0.12336,0.16177,0.31184,0.22137,0.095707,0.063491,0.007387,0.015074,0.2434,0.2595,0.24358,0.15969,0.055511,0.032366,0.0047222,0.0012312
0.063931,0.16567,0.29467,0.29752,0.10844,0.040852,0.0074522,0.021467,0.23613,0.25257,0.28341,0.095566,0.074583,0.012531,0.023789,0.021429
0.076089,0.15203,0.27888,0.27257,0.11785,0.073845,0.0017456,0.026981,0.21538,0.27143,0.30169,0.10082,0.066509,0.0076973,0.0081372,0.028324
0.0849,0.16701,0.31201,0.24502,0.079406,0.087468,0.0030194,0.021167,0.18272,0.29348,0.26547,0.11896,0.10347,0.023151,0.0041642,0.0085933
0.075988,0.15148,0.28536,0.30556,0.11115,0.047871,0.0018749,0.020711,0.2197,0.25269,0.22572,0.16045,0.093622,0.030021,0.012533,0.0052731
0.060871,0.13395,0.26959,0.35853,0.087387,0.068426,0.0069834,0.014254,0.21559,0.24727,0.27192,0.1338,0.055025,0.046332,0.012804,0.017262
0.11036,0.15914,0.2622,0.26282,0.12255,0.05894,0.0057533,0.018241,0.22345,0.30421,0.24193,0.10675,0.091162,0.017601,0.0027975,0.012101
0.073278,0.14892,0.30805,0.25842,0.11438,0.068044,0.003001,0.025906,0.22047,0.30334,0.25737,0.10499,0.062016,0.037395,0.0046243,0.0097984
0.066705,0.14708,0.26298,0.29359,0.1171,0.063179,0.016082,0.033278,0.22304,0.28915,0.19177,0.20026,0.068994,0.018762,0.00052398,0.0074873
0.086777,0.15299,0.25397,0.29652,0.14025,0.052864,0.0021806,0.01445,0.24465,0.24642,0.21513,0.18425,0.080678,0.021453,0.0028517,0.0045737
0.069788,0.1866,0.27198,0.26313,0.10578,0.089413,0.0026962,0.010618,0.21128,0.28156,0.22176,0.14935,0.091551,0.034728,0.00089922,0.0088562
0.081847,0.19018,0.27749,0.25634,0.12553,0.046989,0.00081269,0.020806,0.19356,0.2869,0.29813,0.11443,0.077993,0.024618,0.00066949,0.003702
0.083488,0.16049,0.31274,0.26699,0.10514,0.060532,0.00080244,0.0098212,0.19686,0.32881,0.25528,0.1542,0.044095,0.017105,0.00015105,0.0034951
0.074869,0.16503,0.2884,0.24666,0.13935,0.061451,0.00062298,0.023603,0.185,0.33341,0.28022,0.12225,0.05085,0.028191,1.8021e-005,6.1696e-005
0.098547,0.16185,0.25451,0.26482,0.12061,0.090155,0.00082895,0.0086871,0.18616,0.32349,0.23793,0.12657,0.090131,0.024845,0.00059628,0.010288
0.070453,0.15129,0.32153,0.28911,0.091722,0.064242,0.0018262,0.0098286,0.19724,0.31101,0.26465,0.13615,0.054514,0.01819,3.1292e-005,0.018211
0.060188,0.13286,0.40401,0.26947,0.081522,0.03918,0.0041705,0.0085976,0.22068,0.2436,0.26455,0.14562,0.096055,0.016613,0.00037407,0.012511
0.070724,0.16914,0.3413,0.25707,0.097804,0.049837,0.00017063,0.013962,0.19081,0.27984,0.28366,0.13545,0.090242,0.011724,9.8952e-005,0.0081788
0.070316,0.11026,0.35389,0.29045,0.10292,0.061439,0.0063245,0.0043993,0.18463,0.3115,0.25636,0.16382,0.065163,0.0030201,0.0063872,0.0091118
0.076615,0.098757,0.31327,0.28889,0.1369,0.071143,0.001595,0.012831,0.21421,0.27639,0.27921,0.12652,0.075196,0.018437,0.00018535,0.0098505
0.074801,0.14755,0.30126,0.281,0.095978,0.073106,0.01007,0.016233,0.21759,0.31199,0.19509,0.15895,0.072788,0.025751,0.0024231,0.015426
0.056966,0.11162,0.34076,0.30568,0.11835,0.037098,0.0010233,0.028507,0.20269,0.34248,0.21266,0.15192,0.057576,0.026541,0.0035927,0.0025442
0.070186,0.14163,0.29218,0.2737,0.14129,0.060964,0.0021624,0.017889,0.20857,0.26572,0.2928,0.14389,0.061317,0.023003,0.0013528,0.0033463
0.070332,0.16578,0.33308,0.27154,0.091576,0.053623,0.0041414,0.0099252,0.24343,0.26232,0.25995,0.1475,0.066975,0.015236,0.00084976,0.0037458
0.071732,0.14767,0.29587,0.28876,0.080621,0.085206,0.0050874,0.025057,0.18659,0.28224,0.25943,0.16464,0.068648,0.035164,4.7973e-006,0.0032797
0.065811,0.16776,0.32507,0.26416,0.088544,0.062815,0.0052929,0.020544,0.21248,0.32906,0.23575,0.14433,0.043006,0.018718,0.0032625,0.013386
0.059843,0.15615,0.36778,0.21276,0.11794,0.066659,0.0040146,0.014849,0.19528,0.33291,0.27794,0.10955,0.049534,0.016615,0.012039,0.006133
0.078309,0.14678,0.30183,0.32358,0.10103,0.031251,0.00043677,0.016784,0.1854,0.35162,0.2379,0.098691,0.072805,0.040412,0.0048656,0.0083032
0.079479,0.13856,0.33249,0.29716,0.10693,0.033531,0.00044411,0.011414,0.22147,0.32492,0.24311,0.078113,0.085908,0.038949,0.0023652,0.0051646
0.096346,0.15551,0.25851,0.34097,0.072648,0.04846,0.00059037,0.026967,0.19695,0.28937,0.32037,0.092234,0.059952,0.030867,0.00011728,0.010147
0.084241,0.20322,0.28692,0.27461,0.056847,0.071527,0.0035939,0.019049,0.21437,0.27613,0.27965,0.15846,0.047719,0.017966,0.00039862,0.005307
0.078903,0.17407,0.27316,0.30653,0.09578,0.039462,0.005199,0.026896,0.25621,0.29169,0.25221,0.13267,0.040016,0.023789,0.0023607,0.0010561
0.055474,0.21277,0.28246,0.32265,0.061478,0.05075,2.3255e-005,0.014385,0.20269,0.3204,0.25557,0.1306,0.062863,0.023674,1.15e-006,0.0042091
0.066924,0.19056,0.30612,0.27487,0.085103,0.061574,0.00075193,0.014096,0.20621,0.30624,0.24282,0.13054,0.08039,0.021648,0.00026229,0.011893
0.10825,0.20666,0.29489,0.24635,0.080241,0.044022,6.5149e-007,0.019589,0.25092,0.32348,0.21036,0.10701,0.092972,0.0090712,0.00057942,0.0056032
0.097467,0.19141,0.24812,0.30854,0.096367,0.043171,0.0001139,0.014812,0.28596,0.30881,0.21085,0.10578,0.060191,0.024162,0.0017236,0.0025237
0.059662,0.16229,0.30591,0.29791,0.082214,0.060954,0.0026557,0.028402,0.2098,0.27094,0.25591,0.18396,0.056729,0.017467,0.0042725,0.00091623
0.071513,0.15788,0.32296,0.29742,0.09453,0.036177,3.7496e-006,0.019522,0.20597,0.28338,0.23335,0.16994,0.068228,0.02354,0.0014939,0.014104
0.080003,0.16694,0.30019,0.27784,0.12969,0.039106,0.00014648,0.0060834,0.18869,0.29114,0.27914,0.14664,0.050901,0.0264,0.00055963,0.016536
0.067561,0.16701,0.28664,0.32066,0.1162,0.031536,0.00046717,0.00992,0.19836,0.24606,0.24591,0.18409,0.088275,0.0171,4.7731e-005,0.020151
0.078934,0.16828,0.25268,0.33459,0.11952,0.024729,0.00068046,0.02059,0.22059,0.34137,0.19678,0.15621,0.042039,0.027935,1.4534e-005,0.015058
0.09319,0.16468,0.25249,0.33477,0.098465,0.037695,0.0016845,0.017027,0.26386,0.23337,0.24787,0.13087,0.085124,0.022212,0.010068,0.0066289
0.095773,0.14067,0.29191,0.31959,0.10884,0.029897,9.5575e-006,0.01332,0.26972,0.25833,0.28332,0.11961,0.047424,0.017038,0.0003265,0.0042234
0.096276,0.13474,0.29401,0.2921,0.13733,0.036972,1.7371e-005,0.0085369,0.22851,0.30586,0.28086,0.11932,0.048444,0.007769,0.0005985,0.0086399
0.054634,0.13654,0.32048,0.28885,0.13962,0.0508,2.0053e-005,0.0090596,0.20387,0.2599,0.2816,0.13537,0.078239,0.022345,0.0033142,0.015374
0.046189,0.15618,0.29258,0.28132,0.1451,0.053251,0.000123,0.025259,0.21746,0.23479,0.32863,0.11892,0.077602,0.015312,6.433e-005,0.0072162
0.039157,0.13796,0.30497,0.31454,0.13762,0.042154,1.7266e-006,0.023581,0.21536,0.29061,0.24508,0.16456,0.058961,0.016672,5.9439e-005,0.0086952
0.0665,0.15384,0.26711,0.32409,0.10899,0.049474,0.00090113,0.029099,0.18886,0.32701,0.17778,0.16408,0.085812,0.04391,0.0039538,0.0085947
0.076934,0.13192,0.31319,0.27502,0.10712,0.077573,0.0021832,0.016058,0.22404,0.33594,0.19276,0.16403,0.064358,0.0089203,4.4124e-005,0.0098998
0.039489,0.13087,0.26982,0.31831,0.16697,0.060928,0.0023082,0.011319,0.22823,0.2967,0.23788,0.16008,0.055761,0.012837,8.9306e-006,0.0085077
0.087409,0.14109,0.24767,0.33474,0.084532,0.069164,0.00048658,0.034907,0.25563,0.30446,0.26325,0.12435,0.042977,0.0033346,1.9178e-005,0.005981
0.067669,0.14075,0.31577,0.27962,0.090296,0.072969,0.00074334,0.032184,0.26583,0.293,0.23521,0.13134,0.060616,0.0089377,2.1063e-011,0.0050628
0.062062,0.15842,0.32866,0.24239,0.097726,0.086648,0.00079077,0.0233,0.24433,0.32874,0.18891,0.14612,0.069398,0.019571,0.0010567,0.0018699
0.059276,0.13604,0.34725,0.28011,0.10082,0.062372,0.00021866,0.013908,0.21413,0.32401,0.19397,0.1661,0.061909,0.03718,0.0016974,0.001001
0.056111,0.13942,0.32652,0.28793,0.11736,0.060499,0.00035245,0.011799,0.22728,0.33413,0.23904,0.11227,0.061469,0.025504,8.7429e-006,0.00029578
0.058725,0.17677,0.23301,0.31573,0.12838,0.073731,4.2092e-006,0.013641,0.18851,0.34602,0.21852,0.13231,0.096073,0.014386,1.755e-010,0.0041752
0.12143,0.1579,0.27152,0.28059,0.096767,0.055485,1.6785e-006,0.016294,0.21289,0.37073,0.20231,0.12094,0.058364,0.031751,3.9929e-005,0.0029708
0.095537,0.15336,0.3,0.28739,0.089619,0.05515,0.0058701,0.013069,0.2224,0.38383,0.19411,0.10017,0.056175,0.043297,5.1507e-007,1.4595e-005
0.10581,0.14457,0.26961,0.26963,0.12989,0.067693,1.3237e-005,0.012781,0.20445,0.35022,0.23415,0.1098,0.075762,0.020086,8.0335e-005,0.0054544
0.1182,0.16352,0.27682,0.2824,0.081262,0.0567,0.0011463,0.019957,0.26517,0.27948,0.22972,0.10902,0.077348,0.028646,0.00066263,0.0099611
0.10325,0.13356,0.2736,0.29096,0.12238,0.05991,0.00157,0.014765,0.20961,0.33051,0.24525,0.098937,0.085998,0.018167,0.0074056,0.0041228
0.10029,0.1482,0.27635,0.31035,0.1117,0.037376,0.0010183,0.014714,0.21369,0.289,0.27639,0.12703,0.064633,0.022197,0.0035129,0.0035478
0.079563,0.11864,0.26296,0.35533,0.11341,0.049585,4.0572e-005,0.020475,0.22299,0.31579,0.22624,0.12638,0.072087,0.027839,0.006148,0.002521
0.066873,0.14828,0.28785,0.34244,0.074999,0.071243,0.00020882,0.0081086,0.24755,0.27002,0.20424,0.14974,0.084459,0.03054,0.0029655,0.010487
0.049467,0.15248,0.27092,0.33591,0.080142,0.087765,0.00076034,0.02255,0.23748,0.31059,0.20851,0.14463,0.062245,0.020807,0.0011637,0.014572
0.085904,0.18782,0.29857,0.27666,0.090926,0.042177,0.0056141,0.012323,0.22871,0.36666,0.20169,0.12627,0.050429,0.0094638,0.0069467,0.0098282
0.066756,0.1902,0.24134,0.31319,0.10177,0.065469,0.011808,0.0094697,0.18036,0.36452,0.21031,0.1232,0.10553,0.012536,9.4981e-005,0.0034622
0.06825,0.13131,0.27979,0.3399,0.084694,0.076264,0.010091,0.0097003,0.19495,0.30312,0.28349,0.11551,0.070429,0.02847,0.0010246,0.0030143
0.065211,0.15746,0.26822,0.27925,0.12638,0.082727,0.0028386,0.017915,0.18979,0.32193,0.24087,0.14827,0.057991,0.038184,3.6074e-006,0.0029625
0.062897,0.18361,0.20243,0.33186,0.11549,0.080779,5.0533e-005,0.022874,0.24045,0.31304,0.22823,0.13371,0.051447,0.020265,0.0046673,0.0081901
0.065481,0.2114,0.25465,0.27451,0.08211,0.096265,0.00010435,0.015486,0.27251,0.27695,0.21745,0.11699,0.075797,0.036661,0.00026019,0.0033714
0.062685,0.15208,0.2767,0.33264,0.098152,0.065205,5.4977e-007,0.012544,0.17087,0.30521,0.24271,0.15186,0.077583,0.042608,7.1236e-005,0.0090858
0.058735,0.12311,0.33955,0.30566,0.086431,0.057673,3.6992e-005,0.028802,0.19562,0.35658,0.21736,0.15048,0.05459,0.020704,0.0013516,0.0033071
0.083849,0.17593,0.24315,0.34024,0.089221,0.043148,0.00021881,0.024249,0.17584,0.27645,0.2654,0.15926,0.088956,0.02362,0.0030698,0.0074037
0.086615,0.17223,0.26876,0.31378,0.093671,0.058867,0.00032831,0.0057379,0.23588,0.28234,0.19194,0.14646,0.1083,0.029953,0.0014842,0.0036421
0.11222,0.14044,0.26632,0.35689,0.073937,0.038543,0.00033093,0.011324,0.20785,0.29657,0.20648,0.18678,0.065869,0.032212,0.00077233,0.0034768
0.064245,0.18278,0.25151,0.32633,0.11253,0.03939,0.0011412,0.022059,0.24372,0.24201,0.23449,0.17705,0.077763,0.01342,0.0053487,0.0061976
0.077848,0.16999,0.29867,0.30161,0.10369,0.034132,0.0023204,0.011745,0.20325,0.291,0.25171,0.16613,0.055576,0.022492,0.0045202,0.0053212
0.067042,0.14,0.36901,0.29165,0.061901,0.042033,0.00051375,0.027854,0.22802,0.29216,0.23176,0.1494,0.065404,0.03083,3.3872e-006,0.0024224
0.060138,0.18448,0.34064,0.23953,0.07911,0.076206,0.0047595,0.015132,0.27558,0.32349,0.21606,0.092376,0.063402,0.026008,0.00016378,0.0029207
0.088684,0.19219,0.32271,0.22597,0.091075,0.065308,0.0029552,0.011111,0.28027,0.24529,0.21913,0.15693,0.081812,0.015795,6.2661e-005,0.00071878
0.087581,0.15899,0.28069,0.25163,0.14413,0.053167,3.8147e-006,0.023806,0.23604,0.30496,0.21978,0.14968,0.068303,0.017041,0.0025481,0.00165
0.074356,0.15883,0.26941,0.28849,0.13574,0.052261,4.4134e-005,0.020856,0.22405,0.30331,0.23258,0.13388,0.077362,0.025309,0.00028642,0.0032097
0.054585,0.21442,0.3136,0.26634,0.078372,0.042607,0.00038986,0.029696,0.27208,0.25948,0.26089,0.10534,0.084118,0.014244,0.0010562,0.0027909
0.074445,0.20497,0.26768,0.28619,0.086541,0.064175,0.00075986,0.015243,0.26085,0.25611,0.21997,0.12651,0.10662,0.024711,0.0022768,0.0029446
0.077945,0.16758,0.25607,0.26827,0.11709,0.077333,0.00013431,0.035579,0.19495,0.31906,0.20702,0.14638,0.10693,0.013628,0.0022815,0.0097437
0.07135,0.15285,0.30645,0.27927,0.10988,0.069566,0.0014196,0.0092186,0.16974,0.27703,0.28903,0.15646,0.058488,0.034612,4.8358e-005,0.014595
0.073097,0.14431,0.29957,0.29948,0.10395,0.056323,0.0040431,0.019219,0.25489,0.29625,0.19861,0.13993,0.061536,0.035576,0.0011267,0.012076
0.075671,0.14727,0.29904,0.28565,0.11644,0.046225,2.0342e-005,0.029684,0.18934,0.32937,0.22781,0.16059,0.052995,0.03677,3.8385e-005,0.003088
0.08728,0.17979,0.28963,0.24411,0.12772,0.062202,0.00052045,0.0087497,0.19848,0.36149,0.22216,0.12393,0.037064,0.048397,0.00057312,0.0079093
0.075156,0.10132,0.3204,0.31528,0.09812,0.063797,0.0007401,0.025182,0.22248,0.30141,0.26013,0.13362,0.054681,0.012327,0.0063037,0.0090469
0.059536,0.15399,0.30507,0.29426,0.099428,0.063524,0.0025391,0.021652,0.24505,0.30511,0.22235,0.10944,0.085648,0.021409,0.0017543,0.0092276
0.046862,0.17069,0.3089,0.27169,0.096308,0.067558,0.00078837,0.037201,0.25742,0.30386,0.26029,0.088578,0.065061,0.018056,0.0022388,0.0044915
0.054097,0.16898,0.28465,0.29362,0.11276,0.066605,0.00023747,0.019065,0.23591,0.2864,0.2868,0.071903,0.074216,0.041119,0.001295,0.0023607
0.06546,0.18074,0.29685,0.27951,0.099057,0.058266,0.004987,0.015133,0.20334,0.31445,0.25501,0.078864,0.10225,0.034752,6.8725e-005,0.011268
0.063172,0.1933,0.29116,0.26347,0.10192,0.068038,0.0036709,0.015262,0.18748,0.326,0.29894,0.086847,0.066681,0.023617,0.0035909,0.0068391
0.055348,0.18689,0.30165,0.26477,0.11202,0.058692,0.0026615,0.017966,0.17506,0.36722,0.29199,0.074106,0.073187,0.012237,0.00048867,0.0057141
0.096543,0.20686,0.29741,0.25057,0.086782,0.051462,0.0012647,0.0091117,0.20427,0.29757,0.34045,0.079348,0.065344,0.00744,5.1338e-006,0.0055803
0.088568,0.16574,0.30309,0.27991,0.10691,0.042014,0.00078873,0.012976,0.21552,0.32165,0.2978,0.091692,0.049374,0.01651,0.00014402,0.007313
0.12041,0.14695,0.23465,0.28948,0.1297,0.061476,0.00054665,0.016798,0.18827,0.35844,0.22796,0.10843,0.081341,0.030442,2.6552e-007,0.0051194
0.093556,0.15898,0.306,0.25853,0.0978,0.065311,0.00024923,0.019578,0.21766,0.32966,0.24121,0.11808,0.085114,0.0067838,0.00039745,0.0011029
0.046876,0.17402,0.34871,0.24141,0.077867,0.095652,0.0017261,0.01374,0.19555,0.3533,0.24404,0.10632,0.079789,0.015358,0.0049395,0.00070679
0.065681,0.17109,0.27014,0.27928,0.12308,0.070976,0.00070369,0.019053,0.1881,0.33338,0.23296,0.15259,0.063128,0.022678,0.00080077,0.0063662
0.062988,0.16158,0.28165,0.29145,0.1133,0.070361,0.00021188,0.018452,0.23122,0.33976,0.23691,0.10888,0.041301,0.030108,0.0069924,0.0048316
0.06503,0.19675,0.2812,0.27257,0.10577,0.067345,0.0050426,0.0062947,0.23671,0.36346,0.22222,0.10768,0.052436,0.015546,0.00041455,0.0015259
0.066367,0.17793,0.27437,0.27166,0.091027,0.082847,0.0036027,0.032197,0.2679,0.29633,0.24839,0.08533,0.074802,0.02222,0.0027734,0.0022575
0.060623,0.19974,0.30684,0.27775,0.089572,0.046003,0.00041192,0.019052,0.19811,0.25516,0.29266,0.089304,0.12357,0.023353,0.0033594,0.014487
0.048271,0.21586,0.25898,0.32775,0.078712,0.057202,0.00098665,0.01224,0.23751,0.26791,0.20931,0.12345,0.098189,0.051334,0.0026845,0.0096106
0.052884,0.18533,0.33156,0.27299,0.091311,0.044261,0.0019546,0.019704,0.27333,0.27108,0.2416,0.10448,0.086217,0.016203,0.0007436,0.0063423
0.083326,0.17621,0.28642,0.27667,0.097708,0.043155,0.0012385,0.035275,0.23115,0.25631,0.28732,0.10453,0.072079,0.031356,0.013519,0.0037273
0.06803,0.14935,0.29703,0.29628,0.10697,0.069699,0.0019061,0.010734,0.21567,0.29417,0.29284,0.08119,0.073155,0.027674,0.0054192,0.0098777
0.059458,0.18877,0.30739,0.25026,0.11488,0.05553,0.00089357,0.022811,0.21784,0.24142,0.28842,0.11912,0.066957,0.056582,0.0049448,0.0047169
0.050351,0.19282,0.29902,0.27106,0.10114,0.064389,0.0032946,0.017922,0.21652,0.26054,0.27714,0.094812,0.11393,0.030604,0.0010543,0.005404
0.077249,0.17451,0.26567,0.27662,0.11116,0.076615,0.00078239,0.017401,0.25381,0.32161,0.21899,0.10413,0.058083,0.035381,0.0019221,0.0060753
0.074924,0.16628,0.27001,0.2899,0.11312,0.06706,0.0036346,0.015075,0.27452,0.27985,0.21211,0.11745,0.073714,0.02988,0.0093793,0.0030954
0.065489,0.15897,0.28285,0.33774,0.076208,0.065382,0.0019788,0.011385,0.32212,0.26526,0.21775,0.13932,0.043002,0.005653,0.0004309,0.0064607
0.063697,0.1564,0.30521,0.33811,0.082429,0.035094,0.003844,0.015216,0.27957,0.2925,0.19639,0.14096,0.071783,0.014196,0.0018,0.0027968
0.080876,0.15858,0.3094,0.27268,0.12496,0.037891,7.0763e-007,0.015609,0.26664,0.33139,0.18442,0.10434,0.076382,0.034889,0.00066574,0.0012679
0.067874,0.14777,0.28584,0.30759,0.11872,0.050197,0.0005723,0.021435,0.23885,0.31021,0.2398,0.07703,0.086996,0.044314,0.0022582,0.00054406
0.083099,0.15108,0.25077,0.30618,0.1294,0.058145,2.9217e-007,0.02133,0.23189,0.26946,0.29842,0.088554,0.071605,0.033577,0.0004574,0.0060394
0.047398,0.14623,0.23459,0.34423,0.13012,0.073703,0.0021101,0.021615,0.26926,0.28684,0.24811,0.099441,0.07478,0.0087336,0.002519,0.010308
0.052255,0.14607,0.27782,0.34132,0.11866,0.037809,0.00043323,0.025629,0.24874,0.29615,0.25348,0.098187,0.080459,0.011843,0.0041907,0.0069503
0.056883,0.14911,0.26878,0.32722,0.11154,0.055429,0.0011114,0.029927,0.24471,0.30319,0.21725,0.099373,0.093541,0.027834,0.0066511,0.0074463
0.081886,0.17604,0.29169,0.30581,0.090677,0.035919,0.0008404,0.017136,0.20878,0.34704,0.20054,0.12222,0.0915,0.028652,0.00023885,0.0010299
0.061254,0.21327,0.2666,0.3013,0.089845,0.046489,2.5483e-005,0.021219,0.23384,0.38087,0.17164,0.11506,0.072791,0.015266,0.00091732,0.0096088
0.068657,0.19602,0.2614,0.31977,0.091598,0.047905,0.0011649,0.01349,0.2677,0.30799,0.19782,0.11181,0.060916,0.043674,0.0080535,0.0020345
0.07947,0.17363,0.24388,0.32094,0.11916,0.052077,0.0035533,0.0072992,0.25376,0.27669,0.23477,0.11945,0.067685,0.037722,0.0045775,0.0053546
0.11148,0.1502,0.26776,0.30405,0.12877,0.031608,0.00055294,0.0055813,0.25061,0.27148,0.27778,0.11049,0.066448,0.0087092,0.0022254,0.012252
0.082553,0.10859,0.28872,0.33915,0.12123,0.040056,0.0018892,0.01782,0.23816,0.32277,0.27053,0.088572,0.068854,0.0050229,0.0020482,0.0040378
0.06598,0.14599,0.25712,0.3143,0.16565,0.035018,0.0008222,0.015115,0.30237,0.26809,0.22766,0.098073,0.078884,0.0084438,0.001853,0.014618
0.091227,0.1432,0.25984,0.28272,0.15621,0.053847,0.0021466,0.01081,0.23881,0.24116,0.24902,0.1272,0.11309,0.028795,0.00065643,0.0012759
0.063088,0.12557,0.26258,0.35377,0.14346,0.035135,0.0031835,0.013214,0.23902,0.23835,0.23275,0.12167,0.1289,0.017201,0.00072461,0.021368
0.077177,0.15204,0.29804,0.28866,0.12224,0.045197,0.0020313,0.014611,0.24874,0.29856,0.20978,0.12076,0.076958,0.034208,0.0060463,0.0049612
0.065451,0.146,0.28686,0.31184,0.12722,0.042121,0.0027185,0.017786,0.30666,0.25546,0.23938,0.13015,0.038356,0.023097,0.0012176,0.0056847
0.085817,0.14982,0.29305,0.30066,0.11741,0.036098,8.8368e-005,0.017052,0.31236,0.25495,0.22459,0.12256,0.05541,0.015509,0.00058349,0.014035
0.072361,0.11748,0.31655,0.28796,0.11763,0.059021,0.0014627,0.027532,0.27634,0.28071,0.23556,0.11855,0.068141,0.014385,0.0013499,0.0049685
0.05867,0.14821,0.34063,0.27827,0.09847,0.05789,0.001672,0.016189,0.24566,0.28239,0.23262,0.11237,0.086412,0.022375,0.00091324,0.017267
0.075706,0.20351,0.26034,0.2607,0.11107,0.074828,0.0090673,0.0047856,0.22276,0.25675,0.3166,0.087353,0.086181,0.02564,0.002282,0.0024303
0.064725,0.15856,0.3006,0.27476,0.11866,0.069501,0.0025096,0.010686,0.19609,0.28109,0.30625,0.10116,0.084225,0.021404,0.0023935,0.0073953
0.057805,0.1736,0.32533,0.25971,0.10069,0.067986,0.00019195,0.014688,0.17621,0.26602,0.35868,0.093737,0.08115,0.021119,0.00018341,0.0028978
0.049441,0.16695,0.30655,0.26044,0.13355,0.068078,0.00010934,0.014874,0.21535,0.29493,0.29954,0.074094,0.076992,0.035424,0.0025387,0.0011356
0.060599,0.14296,0.30293,0.321,0.093423,0.057064,0.0065218,0.015507,0.24777,0.25732,0.26423,0.1204,0.084347,0.023146,0.00094364,0.0018481
0.079688,0.15014,0.27217,0.33479,0.084719,0.051296,0.0043772,0.022813,0.19485,0.27982,0.24378,0.13579,0.096731,0.023073,0.0083173,0.017636
0.078391,0.1314,0.27807,0.31986,0.08226,0.092002,0.0053506,0.01267,0.21526,0.30959,0.22993,0.10598,0.084555,0.031894,0.0049159,0.017871
0.080998,0.13742,0.3052,0.31624,0.081978,0.060201,0.0028624,0.015099,0.19942,0.32561,0.19868,0.13195,0.090287,0.036302,0.0086708,0.0090733
0.081428,0.16011,0.28765,0.29475,0.10071,0.060676,1.0616e-005,0.014667,0.22795,0.30348,0.22582,0.10544,0.087795,0.041921,0.0052806,0.0023273
0.049112,0.14352,0.31167,0.2615,0.11321,0.084538,0.0082346,0.028222,0.21205,0.29392,0.23797,0.14025,0.090473,0.020719,0.0018181,0.002798
0.060274,0.19042,0.28122,0.2686,0.090204,0.070785,0.0050216,0.033474,0.18112,0.27446,0.26348,0.15745,0.10486,0.013445,0.00013357,0.0050535
0.057636,0.16334,0.30362,0.28401,0.098737,0.066016,0.0063697,0.020268,0.19709,0.30113,0.23621,0.12052,0.096203,0.026269,0.0033064,0.019279
0.077835,0.14078,0.32953,0.23779,0.11024,0.077611,0.0050018,0.021209,0.23372,0.24645,0.32026,0.11136,0.051737,0.0085647,3.2163e-007,0.027903
0.074959,0.13682,0.32468,0.25419,0.15104,0.047103,0.0012594,0.009958,0.19872,0.2992,0.28703,0.14036,0.057937,0.0037523,0.00032884,0.012681
0.081235,0.13251,0.34055,0.23747,0.13264,0.061624,0.005213,0.0087619,0.21139,0.31132,0.27385,0.11734,0.063005,0.014874,0.0026486,0.0055671
0.097729,0.17389,0.30399,0.23791,0.099276,0.058315,0.015443,0.013445,0.14177,0.33906,0.3659,0.094786,0.034877,0.010116,0.00020765,0.013291
0.10875,0.14868,0.29345,0.25231,0.11725,0.060783,0.0011126,0.017672,0.16539,0.30306,0.34911,0.10479,0.055169,0.0084233,0.0048981,0.0091549
0.06982,0.14882,0.32937,0.27037,0.12189,0.035583,0.0011996,0.022951,0.18354,0.29467,0.31165,0.11829,0.05864,0.022511,0.00094873,0.0097504
0.071616,0.1611,0.2644,0.31849,0.14093,0.026006,0.001525,0.015935,0.19433,0.32948,0.2614,0.10084,0.067182,0.021109,0.00331,0.022352
0.087624,0.15721,0.26896,0.30328,0.1121,0.033336,0.0025256,0.034972,0.17948,0.29774,0.2947,0.11247,0.067617,0.017064,0.00036025,0.030566
0.09071,0.14189,0.31372,0.31301,0.084836,0.041071,0.0036074,0.011164,0.22363,0.29518,0.20751,0.11009,0.085518,0.043301,0.02241,0.012362
0.10803,0.14386,0.27454,0.29114,0.1023,0.064194,0.00084442,0.015099,0.18615,0.29379,0.25362,0.13792,0.058137,0.035267,0.0034807,0.031633
0.058488,0.14321,0.28462,0.3356,0.10445,0.06282,6.2317e-005,0.010754,0.2448,0.28472,0.23562,0.11153,0.065017,0.027964,0.0034836,0.026872
0.044903,0.1511,0.32092,0.29835,0.084361,0.093527,4.5289e-005,0.0067853,0.1848,0.27541,0.26233,0.16382,0.06456,0.029526,0.0035119,0.016045
0.081941,0.16243,0.28805,0.32098,0.085632,0.051268,0.00056332,0.0091358,0.17187,0.31735,0.25683,0.12882,0.088128,0.034393,6.4866e-005,0.0025416
0.06925,0.13825,0.29355,0.31502,0.1126,0.040231,7.3618e-005,0.031032,0.16806,0.3014,0.27328,0.15997,0.065079,0.027732,0.00067295,0.0038138
0.085901,0.14233,0.34966,0.26989,0.098387,0.038465,3.543e-006,0.015365,0.18607,0.25944,0.26171,0.1631,0.081667,0.029433,0.0098587,0.0087222
0.074106,0.17534,0.31652,0.29592,0.0862,0.039757,7.2763e-005,0.01208,0.27657,0.2374,0.2196,0.15403,0.074512,0.017454,0.0012098,0.019227
0.067007,0.16435,0.34144,0.2632,0.076844,0.074281,0.0030298,0.0098447,0.20281,0.35691,0.23093,0.1219,0.068896,0.013466,4.0635e-006,0.0050762
0.082247,0.18308,0.30646,0.27268,0.089595,0.060825,0.00031534,0.0047976,0.18939,0.27865,0.25207,0.15479,0.079,0.020571,0.0066779,0.018858
0.079973,0.22011,0.30248,0.25327,0.088376,0.032019,0.00010398,0.023669,0.20449,0.28466,0.28257,0.13308,0.064243,0.0097679,0.0027196,0.018462
0.074912,0.17177,0.30917,0.28789,0.080618,0.050854,0.00029248,0.024486,0.21218,0.22858,0.26419,0.16923,0.090033,0.027391,0.0062496,0.0021387
0.075356,0.193,0.29502,0.26764,0.080817,0.079578,3.6096e-008,0.0085906,0.21715,0.2537,0.20475,0.17492,0.097801,0.034716,0.0023458,0.01462
0.09479,0.11607,0.3199,0.30522,0.074731,0.075716,1.3296e-005,0.013567,0.20539,0.28012,0.22942,0.18968,0.062554,0.027369,0.0015846,0.0038793
0.11678,0.155,0.24964,0.24363,0.12236,0.086949,0.00048873,0.025148,0.20073,0.29798,0.25606,0.14591,0.063841,0.02832,0.0023072,0.00485
0.076794,0.15513,0.33641,0.26351,0.098336,0.055517,0.00011054,0.014186,0.17119,0.27803,0.25523,0.18347,0.098767,0.0056395,0.00034013,0.0073289
0.056379,0.15646,0.36622,0.27651,0.079041,0.043033,0.00016504,0.022197,0.19787,0.29389,0.20758,0.20299,0.08428,0.0067351,0.00046347,0.0061826
0.083504,0.16797,0.3285,0.26473,0.10513,0.037773,0.00011312,0.012278,0.19446,0.26009,0.28455,0.13972,0.10292,0.0064105,0.0080915,0.0037514
0.081257,0.19399,0.31115,0.2548,0.1166,0.031433,0.0012169,0.0095606,0.20913,0.28533,0.21131,0.17572,0.10067,0.011524,0.0021827,0.0041226
0.06313,0.19929,0.32808,0.25821,0.089636,0.0556,0.00023155,0.0058295,0.19606,0.36528,0.19509,0.12524,0.091191,0.020565,0.0042814,0.0022971
0.099137,0.19986,0.33714,0.2067,0.080757,0.059221,1.9156e-005,0.017166,0.21477,0.32401,0.23167,0.15304,0.062242,0.0098343,0.00022995,0.0042046
0.065047,0.18336,0.29006,0.27671,0.10144,0.066515,0.0041034,0.012763,0.2619,0.33016,0.16883,0.1509,0.063943,0.019295,0.0030068,0.0019618
0.061713,0.17615,0.31342,0.28642,0.10657,0.031044,0.00032266,0.024362,0.21444,0.32071,0.20565,0.14487,0.08001,0.023586,0.0083096,0.0024259
0.062784,0.17858,0.28468,0.31528,0.099012,0.033495,0.0019361,0.024224,0.20336,0.3291,0.23949,0.14392,0.058716,0.012026,0.0023593,0.011023
0.062895,0.15145,0.30946,0.34979,0.072574,0.029178,0.00072959,0.023923,0.21848,0.32066,0.20259,0.13924,0.090388,0.015386,0.0073718,0.0058792
0.068157,0.13648,0.24585,0.37801,0.10311,0.038109,2.5689e-006,0.030275,0.22489,0.27771,0.19382,0.19576,0.062279,0.030657,0.0017588,0.013126
0.10226,0.15203,0.283,0.31306,0.083564,0.055399,0.0012554,0.0094399,0.19494,0.29271,0.24292,0.14753,0.071746,0.044386,1.2582e-005,0.005759
0.053434,0.14594,0.31766,0.31013,0.074786,0.084835,4.8148e-008,0.013217,0.19349,0.28213,0.26643,0.11911,0.10655,0.029295,0.00025951,0.002737
0.04733,0.19478,0.26638,0.32219,0.093152,0.056556,0.00026442,0.019352,0.15399,0.29001,0.25532,0.16917,0.079485,0.027063,0.0058498,0.019109
0.086443,0.1632,0.28631,0.30672,0.087815,0.047769,0.0066894,0.015054,0.15604,0.27136,0.2841,0.17244,0.060718,0.034333,0.0035311,0.017476
0.098091,0.18423,0.23477,0.27663,0.11961,0.058414,0.0011448,0.027111,0.21208,0.27314,0.23838,0.15498,0.08896,0.01951,0.0074758,0.0054812
0.11938,0.15635,0.29756,0.24254,0.1129,0.052044,0.00041444,0.018816,0.22183,0.27611,0.22977,0.14196,0.077412,0.037586,0.002545,0.012792
0.10366,0.15632,0.26984,0.25892,0.12677,0.053484,2.6151e-005,0.030989,0.2089,0.26549,0.22169,0.13789,0.099604,0.049813,5.0298e-006,0.016601
0.063077,0.1509,0.26527,0.34751,0.086455,0.062508,0.0024792,0.021794,0.2492,0.25438,0.18879,0.16142,0.094721,0.042517,0.00071889,0.0082475
0.062924,0.17077,0.30479,0.29863,0.10576,0.043354,1.8275e-005,0.013754,0.25793,0.31255,0.19604,0.12034,0.071856,0.038619,0.00014792,0.002505
0.074702,0.21022,0.23092,0.27965,0.11342,0.064969,0.0018601,0.02425,0.25644,0.27584,0.17581,0.13204,0.10408,0.049115,4.3163e-005,0.0066325
0.14051,0.15098,0.27629,0.25267,0.096057,0.058531,5.7551e-005,0.024911,0.2277,0.34459,0.18656,0.13175,0.078445,0.022502,0.0012115,0.0072431
0.074255,0.1785,0.25576,0.32804,0.099857,0.045711,4.0864e-005,0.017838,0.25057,0.30779,0.22156,0.1362,0.049271,0.024573,0.0008401,0.00919
0.077696,0.17889,0.25703,0.31464,0.11414,0.037731,0.0039835,0.015886,0.23924,0.26333,0.27214,0.11971,0.083843,0.014081,0.00025344,0.0074001
0.060096,0.18334,0.29228,0.26868,0.12948,0.042155,2.949e-006,0.023961,0.19704,0.27173,0.2924,0.13351,0.059807,0.03306,0.0017053,0.010745
0.077271,0.17885,0.28371,0.25584,0.12753,0.049336,7.8429e-007,0.027461,0.15034,0.29647,0.29382,0.12891,0.064921,0.047486,0.00027638,0.01778
0.071922,0.17,0.30168,0.28741,0.098664,0.050115,2.4123e-005,0.02019,0.18055,0.31608,0.25571,0.14422,0.072855,0.025462,0.00058098,0.0045517
0.10301,0.17185,0.22516,0.31318,0.097397,0.068684,0.0014119,0.019312,0.18995,0.2695,0.28639,0.13695,0.065214,0.040354,0.0067563,0.0048834
0.10286,0.15438,0.27763,0.27576,0.069026,0.10051,2.1627e-005,0.019815,0.18833,0.2868,0.26629,0.14312,0.052351,0.053712,0.00063188,0.0087572
0.049413,0.13089,0.34643,0.3094,0.10903,0.043506,0.00051271,0.010811,0.18072,0.3057,0.26094,0.15449,0.061124,0.027777,0.0039711,0.0052821
0.08243,0.13846,0.30301,0.31093,0.092044,0.05569,0.0033607,0.014077,0.17011,0.31328,0.26523,0.15277,0.066344,0.024182,0.0051053,0.0029847
0.075946,0.14185,0.29211,0.31487,0.092641,0.070821,0.0012021,0.010554,0.17032,0.29253,0.24106,0.17819,0.080287,0.026786,0.0037005,0.007126
0.070885,0.15579,0.31668,0.29044,0.10051,0.049048,0.0032063,0.01344,0.12896,0.32369,0.2781,0.15062,0.071935,0.035951,0.0060648,0.0046845
0.08349,0.17736,0.27999,0.27857,0.12259,0.04819,5.9806e-005,0.009746,0.18487,0.33502,0.21642,0.17519,0.055449,0.019214,0.0053412,0.0084913
0.06026,0.13404,0.29655,0.32224,0.1066,0.057361,0.00020674,0.022736,0.16464,0.35276,0.26102,0.11423,0.055144,0.03371,0.0096844,0.0088143
0.070345,0.096915,0.38206,0.25295,0.11083,0.068721,0.00022404,0.017959,0.19086,0.28,0.24371,0.14812,0.064437,0.04742,0.012834,0.012627
0.080709,0.11259,0.32994,0.24142,0.13699,0.071054,0.00024232,0.027061,0.27029,0.24371,0.21978,0.12501,0.065714,0.039595,0.0089498,0.02695
0.096909,0.13009,0.30773,0.27117,0.13803,0.047404,0.00079841,0.007858,0.23128,0.24336,0.27215,0.09254,0.093078,0.041944,0.010861,0.014795
0.090907,0.12734,0.26766,0.28876,0.094167,0.093488,0.0014654,0.036211,0.19243,0.29427,0.25615,0.11833,0.061115,0.026832,0.012665,0.038206
0.066095,0.11423,0.28325,0.31434,0.1104,0.087818,0.00034528,0.023518,0.17581,0.32385,0.21779,0.14461,0.078439,0.032715,0.014676,0.012104
0.10241,0.14721,0.30298,0.28535,0.08187,0.060713,0.00024483,0.019209,0.17298,0.3407,0.22617,0.11354,0.070376,0.060287,0.012508,0.0034363
0.10631,0.11465,0.29601,0.35615,0.066212,0.046489,0.00065284,0.013518,0.23602,0.2966,0.23885,0.10312,0.074181,0.031826,0.015478,0.0039331
0.1174,0.15845,0.30076,0.27427,0.078348,0.06082,0.0021743,0.0077821,0.21797,0.29118,0.2078,0.11829,0.091483,0.0483,0.0018758,0.023092
0.095865,0.14302,0.2779,0.26008,0.14931,0.05943,0.003507,0.010895,0.18697,0.26466,0.24551,0.14419,0.10604,0.038189,0.0052932,0.0091562
0.08549,0.19406,0.33995,0.21236,0.099694,0.054192,0.0032368,0.011012,0.22828,0.24404,0.21915,0.1514,0.091085,0.052631,0.004125,0.0092884
0.095511,0.18609,0.28161,0.26082,0.087342,0.070796,0.00018601,0.017646,0.234,0.29756,0.23099,0.12072,0.060888,0.027128,0.016045,0.012665
0.063548,0.20679,0.30859,0.24297,0.081624,0.069545,0.00048968,0.026443,0.29112,0.2195,0.25586,0.12736,0.069102,0.02579,0.008691,0.0025739
0.093618,0.15556,0.31719,0.26931,0.091388,0.046673,0.003007,0.023257,0.24208,0.30402,0.22828,0.095486,0.10635,0.015166,0.0057363,0.0028954
0.085217,0.18502,0.30857,0.28979,0.076006,0.035399,0.00083837,0.019161,0.21568,0.30262,0.21578,0.091834,0.10935,0.04211,0.020326,0.0023013
0.077972,0.1933,0.2803,0.30336,0.086683,0.030532,0.0011318,0.026716,0.27321,0.25296,0.23936,0.096729,0.079178,0.039377,0.015665,0.0035198
0.062721,0.16841,0.33558,0.29917,0.095909,0.01475,0.00029814,0.023163,0.21483,0.31634,0.19652,0.12271,0.086411,0.038238,0.014468,0.01049
0.065262,0.18024,0.31584,0.28225,0.081519,0.034301,0.0011709,0.039426,0.2275,0.32934,0.17517,0.12349,0.097486,0.036942,0.0081874,0.0018791
0.091259,0.16157,0.28666,0.29989,0.091925,0.044995,0.0007756,0.02293,0.22477,0.34822,0.2104,0.092158,0.079557,0.025147,0.0033615,0.016387
0.074242,0.18795,0.30215,0.25063,0.093296,0.060707,0.0015289,0.029508,0.2485,0.26034,0.22479,0.13098,0.081166,0.03448,0.0094177,0.010323
0.058443,0.17361,0.34888,0.25297,0.094417,0.059075,0.00028031,0.012325,0.25915,0.28723,0.22459,0.11757,0.060146,0.032073,0.014754,0.0044879
0.064641,0.15945,0.32507,0.28288,0.1034,0.054761,8.2114e-007,0.0098036,0.21028,0.24616,0.24755,0.13088,0.10493,0.043843,0.0040315,0.012325
0.07799,0.17697,0.27209,0.28167,0.12629,0.048683,0.0035335,0.012779,0.20063,0.27049,0.27775,0.11586,0.069074,0.05555,0.00081858,0.0098371
0.10354,0.12918,0.32893,0.26594,0.10421,0.047109,0.0062094,0.014883,0.25428,0.26289,0.23965,0.13139,0.070125,0.028454,0.0062155,0.006998
0.080701,0.16973,0.31128,0.26793,0.13268,0.023175,0.0056842,0.0088181,0.21246,0.26721,0.26772,0.1103,0.11181,0.02296,0.0038727,0.0036601
0.093447,0.15895,0.3139,0.24638,0.12387,0.038722,0.00040846,0.024319,0.24885,0.25929,0.20908,0.11757,0.081368,0.059322,0.014469,0.010057
0.091857,0.16086,0.35424,0.21986,0.11623,0.037966,0.0015943,0.017386,0.30551,0.23805,0.22027,0.13078,0.066626,0.027792,0.0019135,0.0090544
0.080371,0.15175,0.36268,0.27214,0.086969,0.04169,2.5189e-005,0.0043721,0.27311,0.29432,0.22329,0.080045,0.049026,0.03136,0.008032,0.040824
0.068331,0.18205,0.33227,0.25386,0.099317,0.041006,0.00224,0.020927,0.19527,0.31771,0.23541,0.11838,0.064356,0.0485,0.0068888,0.013489
0.084499,0.15774,0.2846,0.2878,0.11565,0.049842,0.0013362,0.018541,0.22918,0.28777,0.23562,0.10662,0.070797,0.045242,0.01042,0.014355
0.07336,0.13811,0.299,0.25632,0.13941,0.074451,0.00011786,0.019233,0.20821,0.29382,0.24884,0.10971,0.083189,0.037626,0.0090016,0.0095948
0.088143,0.12317,0.28961,0.28327,0.13457,0.068028,0.0041892,0.0090256,0.18433,0.34315,0.22057,0.1112,0.096033,0.02732,0.0086567,0.008747
0.089629,0.14161,0.30414,0.27036,0.096952,0.079024,0.0054391,0.01285,0.2344,0.30203,0.22339,0.12529,0.079155,0.025236,0.0030497,0.0074468
0.085814,0.14361,0.29805,0.25716,0.12061,0.073522,0.0016995,0.019532,0.26932,0.2189,0.27237,0.13257,0.066941,0.032521,0.0059628,0.00142
0.10537,0.14209,0.29512,0.26452,0.10767,0.06969,0.00023125,0.015303,0.27656,0.18417,0.28731,0.11905,0.079635,0.044491,0.0072133,0.0015723
0.10614,0.14898,0.3021,0.24586,0.096929,0.080497,0.001547,0.017955,0.21235,0.25274,0.24153,0.15984,0.098175,0.027057,0.00078848,0.0075105
0.060729,0.1057,0.29833,0.31529,0.11239,0.080299,1.6178e-005,0.027245,0.21235,0.29935,0.26039,0.14342,0.048005,0.032212,0.0016415,0.0026333
0.072901,0.11447,0.32227,0.33914,0.093194,0.042446,0.00042278,0.015159,0.19591,0.24641,0.30848,0.14796,0.057955,0.028894,0.002717,0.01167
0.10222,0.12069,0.29423,0.32652,0.10136,0.0397,1.8359e-005,0.01527,0.23954,0.24152,0.26255,0.19351,0.034347,0.021853,0.00027053,0.0064169
0.095548,0.18324,0.26572,0.28776,0.089988,0.055573,2.0367e-005,0.022151,0.23183,0.22696,0.26506,0.18786,0.054361,0.020843,0.00034283,0.012738
0.088304,0.15444,0.34643,0.26312,0.084273,0.052866,2.3605e-006,0.010562,0.24898,0.26746,0.25763,0.11715,0.062254,0.031076,0.0013616,0.014097
0.069014,0.15474,0.29135,0.30204,0.13086,0.0342,0.0097507,0.0080492,0.22538,0.26123,0.28941,0.11448,0.071377,0.028821,0.0045358,0.0047697
0.065924,0.12943,0.32663,0.27792,0.1054,0.074975,0.0075567,0.012172,0.20813,0.30629,0.25169,0.10417,0.09918,0.024434,0.0017029,0.0044022
0.072057,0.12614,0.27997,0.33445,0.087582,0.078681,0.0084623,0.012658,0.18825,0.26386,0.28823,0.11997,0.10374,0.020127,3.2472e-005,0.015788
0.066411,0.13707,0.32141,0.27753,0.075302,0.10122,4.4073e-005,0.02102,0.21953,0.23888,0.28613,0.13188,0.083579,0.034133,0.00012833,0.0057506
0.067884,0.1542,0.27411,0.30483,0.10465,0.07119,1.4671e-006,0.023127,0.20914,0.26791,0.2414,0.13886,0.084803,0.054554,1.9543e-006,0.0033318
0.069399,0.15548,0.31096,0.28396,0.10091,0.054776,6.9491e-006,0.024514,0.16566,0.27459,0.27246,0.15712,0.087757,0.030841,0.0019716,0.009597
0.067754,0.13838,0.28092,0.3152,0.11509,0.060249,0.0011267,0.021274,0.23035,0.23643,0.23729,0.17675,0.094353,0.016349,0.00020144,0.0082761
0.085873,0.17362,0.26362,0.24644,0.14215,0.065311,0.00097404,0.022008,0.23594,0.26233,0.26008,0.13172,0.078304,0.024341,0.0011633,0.0061147
0.05708,0.14222,0.28041,0.30179,0.12909,0.0656,0.004483,0.01933,0.21957,0.27191,0.23596,0.14732,0.086773,0.030861,0.001699,0.0059077
0.07603,0.15831,0.2312,0.34245,0.084606,0.075089,0.0038903,0.028429,0.17691,0.3171,0.24782,0.13074,0.090547,0.02262,0.0062607,0.008013
0.060824,0.18078,0.27897,0.29885,0.097501,0.066235,0.0061171,0.010718,0.23262,0.25866,0.22254,0.15872,0.075363,0.037639,0.0010541,0.013413
0.057648,0.19111,0.27369,0.27497,0.1041,0.061898,0.0034273,0.033168,0.26759,0.24936,0.21123,0.14113,0.080652,0.041451,0.00074513,0.0078388
0.042765,0.15702,0.316,0.28108,0.099078,0.071231,0.0038277,0.029003,0.22092,0.32455,0.22041,0.11003,0.063582,0.054657,0.0022818,0.003569
0.0908,0.13177,0.31119,0.29077,0.11288,0.046658,0.0012708,0.014662,0.25369,0.27304,0.18543,0.15573,0.077282,0.043269,0.0053554,0.0062101
0.079421,0.13818,0.31636,0.27256,0.10551,0.071005,0.001485,0.015483,0.24142,0.28614,0.21689,0.12824,0.079562,0.033657,0.00048137,0.013607
0.053442,0.12568,0.36615,0.2441,0.088649,0.088757,0.0009941,0.032231,0.22558,0.2614,0.22016,0.15168,0.090775,0.040711,0.0025387,0.0071537
0.094962,0.14407,0.34438,0.22848,0.081158,0.092137,0.0019341,0.012878,0.23035,0.29285,0.22144,0.16037,0.065163,0.027257,0.00011835,0.0024384
0.088104,0.13356,0.3382,0.27538,0.094758,0.050263,0.0021552,0.017581,0.1924,0.30119,0.29591,0.12413,0.045589,0.035554,0.00019466,0.0050388
0.043623,0.13121,0.31683,0.29274,0.10705,0.087498,0.0054629,0.01558,0.22452,0.31376,0.21816,0.14481,0.052564,0.036694,3.2721e-005,0.009456
0.077717,0.1837,0.27805,0.25575,0.099513,0.094662,1.6071e-005,0.010592,0.21155,0.30635,0.23412,0.13208,0.077169,0.028256,2.0404e-005,0.010449
0.073655,0.14373,0.32778,0.2661,0.10349,0.076016,0.0033363,0.0058928,0.15905,0.3487,0.24518,0.12051,0.097279,0.024913,0.00074446,0.0036224
0.075282,0.12474,0.3425,0.25017,0.1411,0.053689,3.9457e-005,0.012484,0.1719,0.28031,0.33386,0.11619,0.063633,0.019506,0.011104,0.0034973
0.061191,0.16846,0.36238,0.22784,0.089326,0.078729,0.0016206,0.010457,0.22916,0.29657,0.29555,0.10972,0.047966,0.0089292,0.006825,0.0052705
0.061225,0.15926,0.29885,0.27674,0.095197,0.090107,0.0014865,0.017138,0.18337,0.29981,0.25461,0.14454,0.0534,0.020051,0.0035618,0.04065
0.096369,0.15385,0.28075,0.24827,0.11154,0.083394,0.00067949,0.025142,0.223,0.27646,0.25114,0.12954,0.064754,0.02753,0.0018611,0.025714
0.11936,0.20087,0.29742,0.22358,0.095571,0.048148,0.00027998,0.014767,0.25042,0.28791,0.23906,0.12822,0.045667,0.031809,0.00067447,0.01624
0.11539,0.14314,0.32129,0.2704,0.066339,0.070438,0.0019355,0.011063,0.22605,0.3312,0.20567,0.13883,0.045937,0.03678,0.0043979,0.011131
0.11297,0.15814,0.29849,0.2451,0.090115,0.072858,0.00055863,0.02177,0.20511,0.28683,0.25835,0.15763,0.05044,0.031161,0.0010961,0.0093791
0.11538,0.13338,0.28067,0.26835,0.10479,0.075614,0.0043884,0.017413,0.20651,0.3031,0.25405,0.15036,0.055495,0.021274,0.00059274,0.0086235
0.081944,0.1468,0.30672,0.27314,0.12448,0.043713,0.00012385,0.023072,0.23926,0.29215,0.24585,0.12541,0.063929,0.023493,0.00014909,0.0097533
0.075837,0.1996,0.29064,0.24429,0.096189,0.08095,0.00024191,0.012247,0.26464,0.23984,0.24074,0.14942,0.079434,0.017117,0.0021718,0.0066534
0.049661,0.20155,0.30256,0.27078,0.098944,0.055744,0.00078096,0.019986,0.27303,0.24056,0.21621,0.18442,0.062158,0.01438,6.6892e-005,0.0091803
0.09886,0.18112,0.32483,0.24544,0.088795,0.051792,9.5413e-005,0.0090639,0.26623,0.23847,0.24172,0.14151,0.076393,0.031396,1.6253e-005,0.0042535
0.09173,0.19055,0.2955,0.24383,0.081469,0.063725,0.010511,0.022678,0.25409,0.29491,0.23759,0.10764,0.08221,0.022842,1.1076e-006,0.00071113
0.051217,0.17116,0.2891,0.30875,0.102,0.047691,0.012702,0.017381,0.27123,0.25091,0.23496,0.14514,0.073439,0.020742,5.9214e-005,0.0035145
0.042064,0.19318,0.2628,0.33437,0.091577,0.049233,0.0067859,0.019991,0.28128,0.23062,0.23239,0.17975,0.030869,0.016373,0.0037688,0.024964
0.065144,0.17725,0.25893,0.35115,0.080757,0.045095,0.003606,0.01807,0.21003,0.23122,0.3275,0.13356,0.044224,0.043278,0.0010998,0.0090844
0.059516,0.14996,0.29781,0.29532,0.11452,0.056197,0.002244,0.024438,0.2199,0.32829,0.25123,0.090774,0.086942,0.012678,0.0023135,0.0078848
0.083127,0.14228,0.26991,0.30034,0.11792,0.064655,0.0016305,0.020137,0.20375,0.2886,0.23158,0.15369,0.095821,0.0092304,0.0085534,0.008778
0.082616,0.15931,0.23842,0.3207,0.12588,0.057444,0.0036311,0.011995,0.28739,0.24882,0.24924,0.1225,0.086396,0.0028739,0.00059008,0.0021806
0.050283,0.13729,0.28624,0.33724,0.13959,0.035715,0.0031848,0.010453,0.30805,0.22152,0.24257,0.12211,0.082975,0.014021,0.0022006,0.0065567
0.067307,0.17467,0.30575,0.30435,0.1121,0.02498,0.00010286,0.010738,0.24771,0.28891,0.21691,0.14076,0.084254,0.017468,0.0015462,0.0024426
0.080854,0.1761,0.29544,0.2735,0.1274,0.028959,1.6076e-005,0.017732,0.26503,0.26162,0.24858,0.12118,0.085947,0.0049381,0.00038937,0.012318
0.073419,0.14561,0.24063,0.33944,0.13006,0.049646,3.5395e-005,0.021161,0.25669,0.26382,0.20632,0.14486,0.09393,0.011601,0.0033928,0.019382
0.075942,0.15807,0.28142,0.27011,0.13599,0.056645,0.00037545,0.021455,0.26429,0.29749,0.21236,0.1203,0.097339,0.0053631,0.00050758,0.0023631
0.069589,0.17369,0.27198,0.2644,0.12718,0.067227,0.0046924,0.021239,0.22488,0.30853,0.30518,0.068056,0.077025,0.0062718,0.0028567,0.007199
0.073705,0.18002,0.30607,0.27418,0.11765,0.039536,0.00012602,0.0087119,0.23901,0.31106,0.23009,0.071281,0.10279,0.038942,0.0051789,0.0016428
0.07581,0.12846,0.30827,0.28635,0.1306,0.053447,1.4303e-009,0.017066,0.26985,0.24847,0.19438,0.14696,0.094805,0.04347,5.0701e-005,0.0020137
0.066116,0.1402,0.33946,0.26466,0.12161,0.044825,8.819e-005,0.023036,0.21411,0.32452,0.22296,0.13651,0.081344,0.018077,6.8722e-005,0.0024076
0.057905,0.18058,0.31434,0.30189,0.086103,0.04814,0.00031345,0.010728,0.19664,0.39051,0.21004,0.12234,0.061561,0.012361,4.0693e-009,0.006549
0.069517,0.18477,0.31761,0.23776,0.10073,0.067953,0.001883,0.019786,0.21343,0.24747,0.30646,0.11363,0.096905,0.021651,0.00029799,0.00014478
0.081276,0.20077,0.26951,0.24932,0.10662,0.079518,0.00053238,0.012442,0.24099,0.22536,0.30403,0.10502,0.10742,0.013689,0.001195,0.0022911
0.11141,0.2037,0.25946,0.26095,0.081949,0.063378,0.00057539,0.018589,0.26986,0.21266,0.3079,0.078754,0.10908,0.017414,0.00020031,0.0041292
0.084629,0.16128,0.28166,0.27404,0.097445,0.082694,0.00061922,0.017641,0.2678,0.30638,0.27181,0.057222,0.069675,0.021303,0.0021355,0.0036806
0.08598,0.11021,0.33048,0.25782,0.13546,0.0665,0.0014499,0.012097,0.23762,0.27469,0.26392,0.12086,0.080392,0.014975,0.00074591,0.0067926
0.097353,0.13186,0.31185,0.24722,0.10951,0.076638,0.00037251,0.025183,0.2253,0.27722,0.31248,0.11279,0.039371,0.021419,0.0014471,0.009976
0.073305,0.14389,0.33141,0.28322,0.090542,0.05691,0.0016599,0.019055,0.2971,0.26348,0.24973,0.10006,0.051891,0.021197,0.00081057,0.01574
0.074492,0.13958,0.31607,0.23946,0.11661,0.095697,0.0013822,0.0167,0.29088,0.21586,0.30254,0.099312,0.062293,0.018277,0.00073596,0.010107
0.065261,0.13746,0.2895,0.2621,0.16297,0.066258,2.9427e-006,0.016442,0.29546,0.22688,0.26433,0.11823,0.072322,0.021072,9.367e-006,0.0016948
0.10446,0.1465,0.27969,0.30733,0.11421,0.041436,0.00010897,0.0062783,0.26293,0.22775,0.27427,0.14062,0.069779,0.023046,2.1615e-007,0.0015951
0.07205,0.17124,0.26006,0.31517,0.09848,0.067072,0.0030753,0.012843,0.25282,0.3159,0.22923,0.12261,0.055335,0.015746,0.0072807,0.0010718
0.07491,0.15569,0.28317,0.29427,0.10904,0.069389,0.00096051,0.012574,0.2096,0.3214,0.22302,0.10638,0.07236,0.022845,0.0059368,0.038457
0.064324,0.16285,0.27027,0.25726,0.13236,0.098134,0.003118,0.011678,0.22563,0.30872,0.20136,0.1525,0.053316,0.031015,0.0003001,0.027155
0.082531,0.16196,0.2727,0.28081,0.10431,0.075732,0.0047284,0.017224,0.22821,0.32998,0.20907,0.10653,0.082015,0.02615,0.0033337,0.01471
0.073954,0.16331,0.29583,0.27167,0.09946,0.080524,0.0014866,0.013763,0.28954,0.3104,0.1975,0.076444,0.087804,0.02103,0.0033228,0.013962
0.051554,0.16745,0.26139,0.29046,0.13485,0.084186,0.00014942,0.0099646,0.22047,0.31389,0.24253,0.095617,0.096239,0.019406,0.0029872,0.0088628
0.068284,0.14404,0.33466,0.25351,0.1064,0.086565,0.00068073,0.0058641,0.20878,0.34901,0.21058,0.11011,0.094181,0.01753,0.0007554,0.0090603
0.058432,0.1699,0.28148,0.29514,0.11641,0.060733,5.8538e-006,0.017896,0.24375,0.29462,0.23076,0.11116,0.085044,0.015917,0.00063968,0.018104
0.063682,0.17307,0.2675,0.30856,0.11404,0.064484,0.00020243,0.0084635,0.22367,0.28335,0.27731,0.11225,0.069119,0.023004,0.0079552,0.0033577
0.072992,0.17157,0.24261,0.27632,0.14064,0.074419,0.0035633,0.017889,0.23458,0.28183,0.24925,0.11544,0.08324,0.015092,0.0088288,0.011732
0.057454,0.13703,0.28422,0.28935,0.10969,0.10147,0.0041213,0.016649,0.22459,0.30135,0.25957,0.098586,0.071308,0.018241,0.0084421,0.01792
0.062645,0.11169,0.29617,0.32622,0.082599,0.081277,0.008263,0.031135,0.25678,0.32815,0.23066,0.079882,0.081474,0.018021,0.00041355,0.0046202
0.081547,0.10664,0.27532,0.33687,0.1401,0.034099,0.00016364,0.025258,0.23622,0.29873,0.30132,0.091677,0.061385,0.0089418,0.00027571,0.0014491
0.097552,0.11614,0.29367,0.29946,0.093985,0.064887,0.0031535,0.031147,0.31088,0.26635,0.25368,0.083608,0.057464,0.012996,0.00050734,0.014504
0.086075,0.12308,0.29264,0.29132,0.12616,0.059523,0.0012689,0.019946,0.26366,0.27783,0.2569,0.097212,0.077508,0.016462,0.0037568,0.0066665
0.087438,0.1352,0.31624,0.29149,0.10524,0.05521,0.00041668,0.0087627,0.22055,0.30935,0.23713,0.077512,0.10695,0.034229,0.0015955,0.012678
0.08192,0.12491,0.29619,0.33318,0.081295,0.066415,0.00073703,0.015349,0.19257,0.29824,0.2807,0.13629,0.074303,0.010827,0.0013624,0.0057037
0.066017,0.13278,0.32852,0.28786,0.11969,0.052228,0.00067787,0.012236,0.22089,0.21486,0.30033,0.14923,0.08333,0.019284,0.0081903,0.0038813
0.053624,0.13117,0.32777,0.3433,0.089149,0.039078,0.00071164,0.015204,0.21496,0.26651,0.32273,0.10298,0.071272,0.017891,0.0018111,0.0018446
0.072984,0.12051,0.33065,0.32062,0.09165,0.040756,0.0045632,0.018268,0.1774,0.29999,0.23377,0.13132,0.1161,0.014934,0.015138,0.011358
0.069096,0.15151,0.33285,0.28169,0.10094,0.051418,0.0029772,0.0095137,0.17237,0.34668,0.20605,0.15364,0.10624,0.013054,0.00067701,0.0012809
0.072578,0.13211,0.32035,0.29847,0.083788,0.064004,0.012528,0.016175,0.18046,0.33732,0.21881,0.13591,0.096141,0.027409,0.0023171,0.0016268
0.088901,0.13482,0.33089,0.23646,0.10524,0.06465,0.015153,0.023901,0.23932,0.31185,0.22842,0.11316,0.08886,0.014303,0.0020351,0.002051
0.10648,0.16883,0.24719,0.31065,0.082135,0.072605,0.0036168,0.0085012,0.22793,0.27494,0.21237,0.15791,0.10533,0.013124,0.0042653,0.0041244
0.071049,0.17917,0.26304,0.2709,0.10376,0.068561,0.012357,0.031165,0.23923,0.25743,0.25154,0.15031,0.078552,0.017532,0.0018333,0.003573
0.10299,0.19437,0.30297,0.23131,0.09208,0.053808,0.0044765,0.017992,0.22149,0.37219,0.19619,0.096135,0.075376,0.037846,0.00010207,0.00066844
0.061402,0.14191,0.3006,0.29534,0.087425,0.063509,0.0078185,0.041999,0.25575,0.32115,0.20329,0.10243,0.087926,0.025271,0.0033949,0.00079582
0.071217,0.13023,0.31493,0.2912,0.099479,0.064185,0.0097511,0.019015,0.17356,0.37487,0.23639,0.098554,0.090715,0.025531,0.00013865,0.0002349
0.052492,0.18604,0.30866,0.26026,0.081653,0.07576,0.0096898,0.025455,0.21197,0.32926,0.22647,0.11452,0.081223,0.02356,0.0057574,0.0072503
0.070374,0.17661,0.31471,0.23015,0.11369,0.076273,0.008049,0.010155,0.22236,0.35686,0.21956,0.13282,0.049294,0.013537,0.0014234,0.004147
0.068893,0.16799,0.32456,0.25835,0.10557,0.055897,0.0065537,0.012188,0.20014,0.33693,0.22719,0.13901,0.061115,0.016039,0.00028733,0.019283
0.060423,0.14886,0.28694,0.31793,0.10816,0.051999,0.0023414,0.023345,0.24943,0.27171,0.27304,0.12514,0.051457,0.013312,5.1701e-005,0.015857
0.10401,0.19546,0.27749,0.27372,0.085254,0.052828,0.003541,0.0076973,0.24671,0.2891,0.20976,0.13886,0.075133,0.027945,0.0026854,0.0098041
0.067075,0.14588,0.25345,0.32245,0.09782,0.090687,0.0092911,0.013342,0.26328,0.30581,0.16365,0.15979,0.046291,0.048299,0.0051359,0.0077547
0.063836,0.14004,0.2609,0.30318,0.11275,0.096923,0.0031662,0.019209,0.19765,0.3383,0.24354,0.10978,0.061047,0.045302,0.0024041,0.0019727
0.058036,0.15517,0.28577,0.28814,0.11753,0.053294,0.0058094,0.036239,0.19666,0.36683,0.2269,0.10231,0.066758,0.035094,0.00036097,0.0050748
0.073974,0.18257,0.23929,0.3023,0.10866,0.076699,0.0031394,0.013373,0.23279,0.25454,0.25435,0.1254,0.073527,0.04966,0.00061438,0.0091323
0.073105,0.17465,0.28258,0.28541,0.10198,0.067442,0.00088921,0.013957,0.19388,0.29398,0.25573,0.14132,0.0775,0.03291,2.8491e-006,0.0046815
0.06006,0.17671,0.24811,0.28345,0.13158,0.087442,0.0015138,0.011132,0.24861,0.30877,0.21172,0.13719,0.060087,0.022941,5.043e-005,0.010635
0.074607,0.15979,0.26878,0.26255,0.12034,0.090866,0.00729,0.015777,0.25348,0.30387,0.21296,0.141,0.057563,0.017359,0.0010161,0.012749
0.075763,0.17122,0.31472,0.26343,0.10364,0.058868,0.0017274,0.010635,0.29126,0.29392,0.23757,0.071496,0.064999,0.039172,5.3677e-005,0.0015258
0.067547,0.17723,0.30714,0.23876,0.10979,0.070146,0.018506,0.010884,0.24302,0.31035,0.25383,0.078681,0.068702,0.029331,8.2417e-005,0.016
0.095449,0.15362,0.27216,0.2821,0.11443,0.056101,0.0051898,0.02095,0.25745,0.28687,0.2448,0.11416,0.059769,0.027665,3.7264e-006,0.0092855
0.077387,0.16466,0.28905,0.2687,0.089402,0.084083,0.0051116,0.0216,0.23789,0.36124,0.21314,0.10081,0.049945,0.025356,0.00030536,0.011314
0.072092,0.16269,0.2942,0.2875,0.097533,0.070322,0.0034828,0.012181,0.18505,0.26342,0.33264,0.11833,0.042507,0.042026,0.00038905,0.015628
0.078846,0.17399,0.33331,0.26661,0.063026,0.076921,3.6568e-006,0.0072976,0.23011,0.28171,0.29235,0.091521,0.044515,0.048269,0.00040876,0.011114
0.072618,0.13731,0.32407,0.26733,0.094579,0.077038,5.9307e-006,0.027045,0.24937,0.27461,0.23901,0.1209,0.07592,0.029656,0.0047393,0.0057984
0.065758,0.15945,0.30093,0.28808,0.098572,0.057431,7.2269e-005,0.029703,0.25123,0.3307,0.22856,0.11807,0.039615,0.027235,0.0036987,0.00089577
0.060967,0.15737,0.32747,0.26158,0.098373,0.064477,0.0029972,0.026763,0.198,0.36503,0.21869,0.14799,0.036449,0.026052,0.0027673,0.0050271
0.050892,0.15486,0.25741,0.35477,0.097794,0.071316,0.0016322,0.011313,0.19947,0.34258,0.19761,0.15076,0.04321,0.049182,0.010694,0.0064977
0.070939,0.20395,0.24588,0.28895,0.1062,0.061866,0.0033074,0.018921,0.23525,0.29551,0.25042,0.13774,0.05233,0.017964,0.00052754,0.010259
0.066102,0.17113,0.27229,0.27089,0.14422,0.063078,0.0036646,0.0086214,0.20547,0.28237,0.21854,0.15989,0.082458,0.038331,0.0090717,0.0038664
0.084221,0.13102,0.30886,0.25374,0.15503,0.052171,0.0013632,0.013598,0.20173,0.30337,0.21534,0.15689,0.082643,0.028648,0.0022489,0.0091298
0.077348,0.14112,0.30604,0.30334,0.10775,0.043211,0.0098778,0.01131,0.19951,0.36433,0.21734,0.1018,0.075898,0.030351,0.0093856,0.0013828
0.067819,0.12413,0.36458,0.26734,0.099149,0.052483,0.0036525,0.020849,0.22805,0.29512,0.25006,0.090711,0.077404,0.053272,0.002277,0.0031119
0.064111,0.10294,0.32941,0.27708,0.10632,0.084611,0.003932,0.031592,0.20475,0.34311,0.23156,0.098046,0.053759,0.057551,0.0011386,0.010091
0.059301,0.14621,0.32643,0.28915,0.096705,0.068054,0.0024966,0.011652,0.21351,0.37292,0.1658,0.12969,0.076776,0.033629,0.00056428,0.0071188
0.057975,0.15403,0.29944,0.30563,0.10023,0.069727,0.0056428,0.0073311,0.17841,0.3307,0.21042,0.14298,0.089095,0.039038,0.0012702,0.0080909
0.085142,0.14802,0.28388,0.27867,0.11632,0.07339,0.0029453,0.01164,0.25578,0.30939,0.1598,0.14919,0.084326,0.036997,0.00016217,0.0043636
0.0781,0.1631,0.25588,0.28495,0.14692,0.062725,0.0014348,0.0068864,0.23317,0.30506,0.22399,0.14585,0.055492,0.034665,0.00041492,0.0013522
0.089851,0.15361,0.29483,0.26013,0.11986,0.068834,0.0008321,0.012062,0.21309,0.37233,0.16439,0.15478,0.037312,0.05096,0.0020226,0.0051075
0.1065,0.14449,0.31957,0.24081,0.092184,0.070205,0.0026182,0.023613,0.24914,0.36423,0.19884,0.12912,0.034811,0.011581,0.0093639,0.0029188
0.071757,0.14289,0.32927,0.28328,0.10128,0.054446,0.0027284,0.014347,0.20851,0.3526,0.17825,0.14704,0.085088,0.019244,0.0057094,0.0035483
0.05277,0.16839,0.30996,0.27246,0.10586,0.068293,0.0017388,0.020529,0.25029,0.28466,0.22982,0.12724,0.091087,0.014741,0.00077279,0.0013835
0.052094,0.13333,0.31786,0.30406,0.10662,0.058218,0.0019659,0.025847,0.2196,0.27821,0.2191,0.17752,0.075538,0.01113,0.0021583,0.016748
0.072822,0.12825,0.28582,0.31582,0.11724,0.068056,0.00099435,0.010992,0.21863,0.2889,0.26162,0.15848,0.058925,0.0088527,0.0015867,0.0030071
0.057803,0.16501,0.29407,0.29207,0.10945,0.055331,0.0038993,0.022367,0.26604,0.33912,0.20579,0.11138,0.047039,0.02543,2.5396e-006,0.0052003
0.088934,0.12482,0.32743,0.2792,0.095767,0.058508,0.0054922,0.019853,0.20496,0.33661,0.23694,0.12258,0.037069,0.034398,0.00013898,0.0273
0.061902,0.1397,0.33974,0.3035,0.083544,0.045698,0.0097373,0.016171,0.22101,0.36698,0.22684,0.10081,0.058465,0.018022,0.0023096,0.0055693
0.084191,0.15244,0.29248,0.26742,0.12368,0.06472,0.0012384,0.013829,0.208,0.3325,0.20785,0.1246,0.09092,0.016026,0.0039755,0.016131
0.072654,0.13589,0.33376,0.24416,0.11839,0.065861,0.0018982,0.027389,0.15716,0.36594,0.21587,0.13784,0.094826,0.018181,0.00018708,0.0099919
0.044363,0.14354,0.31121,0.31134,0.13316,0.048575,0.0003558,0.0074697,0.17221,0.33067,0.20773,0.19411,0.064293,0.01914,0.0001993,0.01165
0.047472,0.17787,0.34861,0.25953,0.094576,0.046766,0.00070288,0.024476,0.20444,0.28498,0.28153,0.14362,0.04193,0.034059,0.0020601,0.0073869
0.060985,0.15021,0.34993,0.2993,0.083903,0.041507,0.0017807,0.012376,0.29514,0.22035,0.23597,0.15711,0.066789,0.018398,0.00059276,0.0056536
0.049621,0.13632,0.37749,0.28933,0.081702,0.044209,0.0032171,0.018109,0.23748,0.26069,0.24814,0.15259,0.064453,0.023744,0.0013777,0.011531
0.048987,0.17553,0.36064,0.28358,0.068075,0.038356,0.0062738,0.018556,0.2059,0.28449,0.24197,0.15206,0.082082,0.029889,8.348e-005,0.003535
0.069941,0.18029,0.33956,0.26712,0.077238,0.045971,0.0029539,0.016918,0.2146,0.28058,0.24892,0.17305,0.057658,0.015722,0.00012342,0.0093431
0.070553,0.15719,0.33076,0.24217,0.11427,0.055386,0.0043316,0.025344,0.22957,0.25145,0.29518,0.10665,0.076933,0.032176,0.0047657,0.0032678
0.055603,0.16174,0.32367,0.26425,0.088561,0.076849,0.0029353,0.026392,0.24734,0.2905,0.25342,0.12675,0.053815,0.023151,6.2366e-005,0.0049602
0.054632,0.1581,0.30957,0.31849,0.084723,0.041818,0.0015586,0.031113,0.23535,0.31134,0.25537,0.11563,0.050708,0.027999,0.00010166,0.0034937
0.05952,0.12961,0.28732,0.34719,0.11299,0.03769,0.00077468,0.024909,0.24394,0.28616,0.26393,0.12505,0.044905,0.021194,0.0034144,0.011402
0.069041,0.14793,0.27175,0.32004,0.13008,0.047019,0.0048286,0.0093038,0.2316,0.26733,0.27473,0.11881,0.069017,0.025588,0.00017275,0.012758
0.077506,0.16829,0.29372,0.29555,0.091579,0.057266,0.00495,0.011143,0.23331,0.2709,0.20206,0.15276,0.10646,0.034115,3.1888e-005,0.00035809
0.073867,0.13894,0.33348,0.28197,0.097926,0.060541,0.0029849,0.01029,0.25443,0.25514,0.22968,0.14205,0.089479,0.027601,0.0011779,0.00045052
0.069838,0.11886,0.31084,0.25972,0.17055,0.056008,0.0006238,0.013552,0.24152,0.30933,0.24076,0.12003,0.058994,0.0214,0.0060717,0.0018905
0.062963,0.15294,0.35527,0.25945,0.10125,0.049727,0.0037116,0.014692,0.22594,0.32699,0.26494,0.097306,0.067375,0.013507,0.0017534,0.002185
0.067523,0.14153,0.32511,0.27914,0.10259,0.06537,0.0035069,0.015214,0.19821,0.26731,0.24295,0.12253,0.10271,0.051843,0.0035466,0.010898
0.072261,0.16692,0.29423,0.27514,0.10871,0.067621,0.0061894,0.0089311,0.27237,0.26696,0.22934,0.1586,0.055463,0.011103,0.0007328,0.0054383
0.072713,0.15897,0.28656,0.24868,0.14587,0.077442,0.0036989,0.0060806,0.20959,0.29949,0.24122,0.13779,0.073602,0.031148,3.7941e-005,0.0071155
0.081033,0.15573,0.3017,0.28226,0.11315,0.051362,0.0039834,0.010779,0.18521,0.31378,0.28068,0.12347,0.080697,0.010673,0.00117,0.0043224
0.09099,0.14406,0.31631,0.25628,0.11957,0.057002,0.0009477,0.01484,0.28297,0.25035,0.21847,0.14301,0.070699,0.024425,8.6074e-008,0.010072
0.082556,0.13858,0.33048,0.24722,0.12898,0.059355,0.00010005,0.012728,0.23586,0.2979,0.21426,0.14672,0.070378,0.033043,0.0016149,0.0002341
0.08017,0.14532,0.30955,0.25867,0.12348,0.062396,0.0010069,0.019403,0.1995,0.27942,0.27511,0.12974,0.079563,0.027812,0.00083925,0.0080228
0.085079,0.13796,0.31028,0.29201,0.09845,0.058525,0.00012129,0.017578,0.17579,0.33734,0.24179,0.12132,0.062507,0.053435,0.00022813,0.0075854
0.084414,0.14449,0.27667,0.29278,0.071627,0.097495,0.0070982,0.025432,0.21812,0.29267,0.24169,0.13945,0.049579,0.049134,0.0021488,0.0072067
0.053032,0.10662,0.32274,0.32661,0.09421,0.069287,0.00026453,0.02723,0.17938,0.3653,0.19749,0.14418,0.077889,0.022428,0.0019396,0.011391
0.060868,0.15685,0.2871,0.31957,0.08529,0.068272,0.0026192,0.019428,0.23476,0.29843,0.23684,0.13556,0.071414,0.016054,0.0022203,0.0047189
0.054955,0.16476,0.27325,0.29578,0.12965,0.068657,0.0021949,0.010761,0.23106,0.29831,0.19067,0.13596,0.10703,0.024239,0.0033252,0.0093958
0.08519,0.16407,0.28905,0.27989,0.091028,0.063355,0.00084852,0.026579,0.16362,0.40642,0.17355,0.12404,0.079186,0.031066,0.0010162,0.021105
0.088652,0.14381,0.27541,0.2669,0.14302,0.062939,0.0018785,0.017386,0.19329,0.39959,0.17362,0.12142,0.078341,0.019959,0.0019286,0.011854
0.10589,0.16799,0.31221,0.21515,0.14527,0.037803,0.00065117,0.015045,0.21147,0.37791,0.14962,0.13204,0.089281,0.020352,0.00072927,0.018595
0.10437,0.17585,0.29834,0.22984,0.14673,0.027751,0.0010738,0.016049,0.24423,0.29416,0.21783,0.12666,0.080093,0.01223,0.013671,0.011121
0.096257,0.1664,0.2948,0.24489,0.1206,0.055543,0.001003,0.020509,0.24042,0.32928,0.2283,0.097418,0.070806,0.017461,0.0073622,0.0089559
0.070035,0.17054,0.31307,0.26604,0.097571,0.062326,0.001409,0.019004,0.23467,0.3543,0.21747,0.083593,0.066115,0.025766,0.010257,0.0078342
0.10738,0.16467,0.2921,0.27197,0.094159,0.052475,0.0042741,0.012962,0.22316,0.381,0.23246,0.067881,0.062932,0.021151,0.0076013,0.0038077
0.097483,0.16742,0.32573,0.26638,0.072453,0.050855,0.011269,0.0084136,0.20805,0.3532,0.26335,0.074529,0.060736,0.032155,0.0056851,0.0022889
0.099511,0.15963,0.30592,0.29649,0.059926,0.05679,0.0011051,0.020627,0.22739,0.31372,0.2727,0.096614,0.058723,0.025889,0.0034935,0.0014656
0.10643,0.13571,0.26739,0.32911,0.10134,0.046614,0.00085698,0.012552,0.18805,0.30266,0.29567,0.082572,0.093795,0.022821,0.0049943,0.0094352
0.068354,0.17581,0.30389,0.24447,0.12661,0.04981,0.0019747,0.029075,0.17148,0.32964,0.21816,0.12185,0.11862,0.027888,0.0039734,0.0083831
0.064666,0.1201,0.31343,0.31613,0.1108,0.05909,0.0037443,0.01205,0.17569,0.30664,0.24658,0.11957,0.092487,0.047896,0.0033883,0.0077455
0.05479,0.13566,0.27192,0.34513,0.12201,0.045556,0.0011984,0.023733,0.18923,0.34414,0.17371,0.17845,0.082636,0.027942,0.0019282,0.0019602
0.081333,0.16831,0.29583,0.23195,0.14481,0.048017,0.0048524,0.024902,0.18442,0.34537,0.22501,0.11696,0.09272,0.025629,0.0057504,0.0041383
0.089574,0.14989,0.30854,0.25655,0.13026,0.047264,0.00087731,0.017045,0.1949,0.28336,0.27852,0.10605,0.084938,0.036024,0.0052807,0.01092
0.09436,0.16152,0.34679,0.25482,0.089652,0.03816,0.00059931,0.0141,0.20495,0.29419,0.24676,0.1148,0.080251,0.046153,0.0017816,0.011108
0.073644,0.17092,0.26468,0.31539,0.082831,0.083271,3.1911e-005,0.0092285,0.17665,0.33704,0.25378,0.11637,0.076293,0.023898,0.0075545,0.0084149
0.082308,0.18227,0.27275,0.26973,0.11573,0.052916,0.0044294,0.019869,0.1693,0.32799,0.25931,0.10251,0.064066,0.046815,0.0087146,0.021297
0.086018,0.15841,0.30793,0.27025,0.097373,0.062016,0.00067807,0.017334,0.2365,0.33134,0.21741,0.11718,0.036635,0.030649,0.0033894,0.026889
0.08092,0.1226,0.32684,0.26112,0.13139,0.051449,0.0041629,0.021523,0.21988,0.3262,0.25031,0.082455,0.0759,0.026936,0.0092374,0.0090787
0.064904,0.15888,0.31034,0.26409,0.103,0.083612,0.0020709,0.013101,0.25485,0.30807,0.203,0.10587,0.068975,0.027339,0.0082092,0.023683
0.080121,0.16125,0.31199,0.24569,0.12817,0.049288,0.0050305,0.018455,0.23141,0.28742,0.20475,0.12466,0.079614,0.029703,0.0089361,0.033515
0.082524,0.17199,0.2945,0.25538,0.10451,0.065853,0.0013747,0.023857,0.284,0.26224,0.21314,0.096356,0.093542,0.035609,0.0079171,0.0071997
0.064454,0.16427,0.32931,0.27747,0.087538,0.071463,0.0012003,0.0042854,0.3017,0.27583,0.20618,0.085473,0.09845,0.024972,6.2597e-005,0.0073285
0.052544,0.13885,0.36528,0.24173,0.097334,0.091383,0.0066965,0.0061874,0.26435,0.31712,0.19887,0.10526,0.080212,0.021958,0.0068365,0.0053874
0.041242,0.18219,0.34545,0.24919,0.092875,0.077172,0.0012923,0.010597,0.28887,0.27056,0.23263,0.08897,0.066362,0.015798,0.020459,0.016352
0.05276,0.15986,0.34252,0.22434,0.12195,0.074842,0.0063669,0.017362,0.22491,0.26775,0.27725,0.10999,0.074252,0.022825,0.0021549,0.020862
0.0528,0.16016,0.34826,0.21535,0.14141,0.054873,0.0049455,0.022193,0.18661,0.26685,0.29696,0.13833,0.070368,0.020475,0.0025993,0.017819
0.06782,0.16746,0.28644,0.2857,0.11337,0.05449,0.0035569,0.021157,0.20148,0.29658,0.26558,0.11821,0.079006,0.025611,0.0043658,0.0091704
0.052504,0.14194,0.31664,0.30801,0.12015,0.046563,0.0010511,0.01314,0.18017,0.36555,0.22295,0.13311,0.069334,0.018385,0.0020791,0.0084296
0.088697,0.1798,0.30122,0.27312,0.10267,0.033274,0.0045428,0.016677,0.27642,0.28082,0.1984,0.12175,0.081198,0.021775,0.0080039,0.011633
0.079545,0.16034,0.27392,0.32844,0.097471,0.04408,5.7016e-005,0.016148,0.20257,0.30787,0.24033,0.13525,0.086607,0.013599,0.0060363,0.0077438
0.085996,0.18124,0.26105,0.29123,0.12385,0.039999,0.00076639,0.015864,0.20728,0.27223,0.27908,0.16235,0.04367,0.032836,0.00017059,0.0023727
0.058507,0.2078,0.27495,0.25425,0.1078,0.081216,0.0010322,0.014439,0.17338,0.26655,0.26637,0.15121,0.079406,0.039025,0.0015855,0.022476
0.054814,0.14671,0.2902,0.30567,0.13258,0.053545,0.00022849,0.016254,0.20104,0.32296,0.23497,0.13572,0.052657,0.02338,0.0052157,0.024046
0.061401,0.18229,0.30679,0.25572,0.10671,0.067551,0.00069756,0.018843,0.22198,0.33007,0.19523,0.16264,0.042456,0.029175,0.0010649,0.017393
0.063318,0.16694,0.30851,0.30313,0.094044,0.045063,0.0044438,0.014546,0.1672,0.31071,0.25671,0.13054,0.085089,0.025582,0.0046096,0.019557
0.056412,0.17644,0.25875,0.3533,0.11007,0.0327,7.8874e-006,0.012323,0.23662,0.29203,0.25675,0.10464,0.069036,0.020272,0.0067837,0.013867
0.070429,0.12684,0.31088,0.31482,0.097999,0.058602,0.004922,0.015507,0.25397,0.32238,0.22257,0.094956,0.067412,0.034901,0.00052385,0.0032886
0.052332,0.14111,0.31276,0.30918,0.098812,0.065908,0.0011683,0.018729,0.248,0.29256,0.20394,0.15336,0.059792,0.016664,0.0015292,0.024156
0.083431,0.15718,0.29568,0.28244,0.081739,0.086574,0.001702,0.011254,0.20034,0.34947,0.16566,0.19318,0.067871,0.013663,0.00060948,0.0091978
0.089398,0.14805,0.2961,0.2803,0.10882,0.048301,0.0020298,0.027004,0.23985,0.3232,0.19239,0.15665,0.073622,0.011688,3.7676e-006,0.0025956
0.07017,0.13592,0.35407,0.26051,0.11595,0.039196,0.0026414,0.021545,0.22098,0.31919,0.22933,0.12438,0.076747,0.023881,0.0022713,0.0032273
0.077549,0.12859,0.35754,0.28907,0.080649,0.046132,0.00033761,0.020143,0.25091,0.30357,0.18856,0.13801,0.090778,0.026496,0.0008545,0.00081694
0.078383,0.14574,0.31772,0.30218,0.099903,0.048739,1.387e-005,0.0073137,0.24893,0.30933,0.22726,0.11815,0.051919,0.028702,0.0048978,0.010805
0.0482,0.19381,0.29721,0.28579,0.10963,0.037117,3.2328e-007,0.028247,0.20884,0.31121,0.25249,0.11135,0.079352,0.027488,0.0011586,0.0081098
0.054878,0.17721,0.31307,0.27743,0.11944,0.049678,4.0643e-005,0.0082538,0.19565,0.31112,0.24614,0.12313,0.08739,0.028682,0.00097108,0.0069105
0.10663,0.20479,0.27118,0.2624,0.10594,0.042344,4.0083e-007,0.0067097,0.22702,0.32862,0.25751,0.093521,0.079857,0.011369,0.0001592,0.0019429
0.082177,0.18042,0.30178,0.26132,0.1012,0.055834,3.0423e-005,0.017243,0.20945,0.29745,0.25142,0.10717,0.093707,0.037442,1.742e-006,0.0033617
0.084732,0.17792,0.27298,0.27467,0.11982,0.047226,0.0090891,0.013563,0.20708,0.3238,0.19727,0.13283,0.093398,0.037442,0.0026401,0.0055503
0.096623,0.15054,0.29295,0.26601,0.098055,0.077752,0.00075002,0.01732,0.23807,0.31445,0.22347,0.11155,0.075801,0.026119,1.4733e-005,0.010524
0.084285,0.13597,0.32703,0.25133,0.1224,0.063871,4.8107e-005,0.01506,0.20246,0.37783,0.22387,0.097724,0.068468,0.026398,0.00014064,0.0031144
0.066872,0.14788,0.33206,0.28409,0.10513,0.052478,0.00075164,0.010734,0.20284,0.37797,0.22015,0.11568,0.068323,0.011204,9.1413e-005,0.0037445
0.070774,0.13061,0.31556,0.31911,0.10755,0.041745,0.0010176,0.013631,0.25115,0.35149,0.21518,0.086418,0.070799,0.020372,0.0021867,0.0024019
0.083866,0.1461,0.29584,0.2797,0.11282,0.065396,0.00010652,0.016171,0.19956,0.31758,0.2664,0.10685,0.080981,0.020913,0.0050144,0.0026933
0.10294,0.1552,0.26317,0.30152,0.1018,0.062847,1.7524e-010,0.012524,0.21229,0.32213,0.25967,0.10076,0.079298,0.020005,0.0036671,0.0021859
0.10523,0.13762,0.26323,0.28818,0.10824,0.062039,0.00053638,0.034926,0.18693,0.31085,0.301,0.099104,0.051051,0.030841,0.0023167,0.017903
0.12058,0.15366,0.26204,0.25917,0.1184,0.06642,0.0018643,0.017867,0.19295,0.28225,0.29882,0.10711,0.06481,0.034559,0.0084415,0.011053
0.073464,0.16864,0.25664,0.33531,0.10842,0.043075,0.0021815,0.012274,0.1999,0.26231,0.33859,0.10647,0.058449,0.022926,0.0046496,0.0066982
0.072136,0.20152,0.25718,0.30719,0.12312,0.027156,0.0010556,0.010648,0.16282,0.34826,0.29471,0.11802,0.038111,0.034964,5.1566e-005,0.0030802
0.060689,0.17756,0.24181,0.34106,0.12947,0.024012,0.0057266,0.019673,0.23083,0.31827,0.26083,0.08898,0.052263,0.038262,0.0017089,0.0088598
0.082378,0.16734,0.28937,0.28892,0.12083,0.021825,0.008497,0.020833,0.22841,0.3663,0.21565,0.087327,0.059883,0.030184,0.0028264,0.009419
0.088473,0.16537,0.30142,0.27219,0.12152,0.040524,0.0032428,0.0072648,0.25702,0.29669,0.23771,0.11505,0.072843,0.019068,4.5051e-005,0.0015693
0.079579,0.20029,0.2957,0.25764,0.11601,0.033831,0.0020688,0.014889,0.21709,0.32271,0.22487,0.15572,0.0544,0.02066,8.6634e-005,0.0044737
0.071958,0.15585,0.27765,0.29843,0.12123,0.061451,0.0050376,0.0083934,0.20273,0.32478,0.21775,0.1552,0.072865,0.024037,0.00021617,0.0024169
0.10005,0.16838,0.26775,0.26242,0.12342,0.066089,0.0044366,0.0074535,0.23621,0.30951,0.24168,0.12079,0.060842,0.023316,4.3993e-006,0.0076535
0.0826,0.15342,0.26928,0.30221,0.098579,0.071583,0.0015978,0.020735,0.19957,0.30177,0.27196,0.13694,0.061319,0.020817,0.0024129,0.0052097
0.079921,0.12648,0.30898,0.28756,0.067392,0.084546,0.00042625,0.044699,0.20479,0.28976,0.25236,0.13501,0.050763,0.041806,0.0047947,0.02073
0.09652,0.14313,0.29762,0.26302,0.10499,0.066133,4.9169e-005,0.028544,0.1995,0.31384,0.28475,0.095381,0.058972,0.035571,0.0021777,0.0098117
0.083018,0.12719,0.29386,0.30944,0.11378,0.058661,0.0025299,0.011515,0.21757,0.25274,0.30332,0.14058,0.05373,0.016546,0.002146,0.013361
0.086135,0.15473,0.27958,0.2991,0.10837,0.045304,0.002945,0.023842,0.2013,0.29395,0.30934,0.11576,0.047837,0.018004,0.0027555,0.011062
0.090613,0.20496,0.26159,0.24851,0.095067,0.068992,0.00039251,0.029874,0.21585,0.28231,0.2992,0.11363,0.064966,0.0095393,0.00052977,0.013964
0.05125,0.1978,0.28688,0.2895,0.10945,0.049283,0.00058664,0.015257,0.21368,0.29318,0.27342,0.12676,0.049946,0.034571,0.00087191,0.0075749
0.055947,0.17885,0.29007,0.29202,0.11071,0.054476,0.0038615,0.014062,0.18059,0.29809,0.26132,0.13004,0.084555,0.040347,0.00087316,0.004188
0.072523,0.13759,0.32124,0.30306,0.093801,0.052061,0.0015651,0.018155,0.19974,0.2908,0.26375,0.132,0.063133,0.044173,0.003116,0.003279
0.073455,0.15837,0.30202,0.27869,0.096775,0.080736,0.00072522,0.0092223,0.18538,0.31881,0.25144,0.1476,0.051665,0.033802,0.00064059,0.010656
0.058935,0.17928,0.28924,0.29812,0.1013,0.05853,0.00072668,0.013873,0.18967,0.27609,0.28176,0.1207,0.076926,0.05039,0.0022284,0.0022377
0.047092,0.12626,0.36753,0.29841,0.079573,0.061295,0.0051424,0.014698,0.19304,0.29883,0.26236,0.11748,0.097588,0.023479,0.00065458,0.0065683
0.048967,0.18058,0.29366,0.29227,0.090468,0.066883,0.0011127,0.026058,0.21751,0.28981,0.24546,0.13688,0.071465,0.02808,0.0073068,0.0034958
0.070854,0.17256,0.3054,0.21711,0.11892,0.072707,0.0033726,0.039073,0.22753,0.27528,0.24206,0.13646,0.082626,0.028844,0.0037637,0.0034462
0.089552,0.16811,0.32078,0.25457,0.10646,0.040722,0.006163,0.013645,0.24174,0.26015,0.26768,0.14649,0.064788,0.015001,1.5573e-006,0.0041434
0.071523,0.13107,0.29048,0.31602,0.12569,0.045537,0.0017344,0.017934,0.22351,0.2275,0.27278,0.16109,0.08736,0.019543,0.0037873,0.0044273
0.067041,0.1669,0.27181,0.24493,0.15194,0.077737,0.004118,0.015522,0.22614,0.2797,0.24199,0.1337,0.072331,0.024958,0.005076,0.016105
0.10772,0.16985,0.25975,0.25987,0.11208,0.076759,0.001232,0.012726,0.18704,0.34208,0.24078,0.12675,0.06716,0.027942,6.4169e-005,0.0081814
0.11453,0.16837,0.2568,0.23893,0.1422,0.057177,0.00070586,0.021285,0.18092,0.33172,0.22986,0.1645,0.062553,0.026326,4.4326e-005,0.0040781
0.073901,0.13732,0.29437,0.27148,0.11609,0.077388,0.0036819,0.025762,0.21137,0.29063,0.29869,0.095989,0.070335,0.02899,0.00063115,0.0033749
0.064003,0.17692,0.29105,0.27696,0.11079,0.056073,0.00013574,0.024073,0.22248,0.29261,0.24653,0.11954,0.077323,0.03248,0.0057489,0.003293
0.065825,0.16975,0.28035,0.28067,0.13126,0.056808,2.8282e-005,0.015305,0.18405,0.35728,0.20593,0.13635,0.0803,0.030179,0.00075553,0.0051478
0.093748,0.12179,0.30556,0.29393,0.14571,0.03012,1.5828e-006,0.009147,0.16292,0.3541,0.23513,0.1241,0.082624,0.03506,0.002017,0.0040371
0.070168,0.08848,0.34772,0.28358,0.1425,0.038324,0.00044138,0.028777,0.16101,0.30849,0.24235,0.16252,0.07475,0.033805,0.0027722,0.0143
0.070938,0.10482,0.28851,0.32715,0.13702,0.058072,0.0023623,0.011126,0.21806,0.26768,0.19407,0.21177,0.075361,0.025724,1.4566e-007,0.0073327
0.070621,0.17554,0.26938,0.29911,0.07856,0.08809,0.0044057,0.014298,0.23985,0.28786,0.21525,0.18133,0.04688,0.018601,0.0022292,0.0079905
0.073628,0.18258,0.28139,0.30356,0.071694,0.079626,0.00015853,0.007361,0.20054,0.27281,0.27932,0.16834,0.040333,0.019459,0.0012735,0.017928
0.043742,0.17714,0.27072,0.33241,0.10539,0.058056,0.0029121,0.0096188,0.22129,0.33861,0.18021,0.16971,0.047637,0.029936,0.00059973,0.012006
0.071183,0.16982,0.26581,0.30908,0.10343,0.056513,0.0023103,0.021854,0.18657,0.33611,0.19158,0.18057,0.054778,0.031628,0.00029588,0.018463
0.059769,0.13805,0.30853,0.32618,0.10267,0.046672,0.0044216,0.013707,0.16064,0.30966,0.23248,0.1643,0.096466,0.025509,0.004485,0.0064661
0.064092,0.15222,0.30072,0.34129,0.085461,0.046643,0.0020998,0.0074697,0.18847,0.2796,0.2527,0.15738,0.080783,0.030956,0.0084831,0.001627
0.1086,0.14365,0.26954,0.27536,0.099358,0.072353,0.011126,0.020015,0.20909,0.28768,0.26294,0.12986,0.042844,0.046952,0.014367,0.0062717
0.090412,0.15004,0.28514,0.28317,0.088909,0.072399,0.0041091,0.02581,0.25893,0.26451,0.22757,0.14439,0.063264,0.022332,0.010784,0.008219
0.089492,0.17803,0.26336,0.25123,0.10713,0.078937,0.0053444,0.02648,0.21908,0.33316,0.24264,0.11334,0.0536,0.016389,0.0045149,0.017267
0.094291,0.16997,0.27419,0.25118,0.1286,0.055255,0.00044241,0.026073,0.24212,0.26298,0.21842,0.13448,0.1095,0.017333,0.0075884,0.0075928
0.060764,0.17307,0.30055,0.28978,0.096242,0.056538,0.0022856,0.020769,0.21488,0.31173,0.23975,0.13471,0.078291,0.012357,0.0068362,0.0014511
0.058406,0.17659,0.27114,0.27814,0.11652,0.062345,0.0096331,0.027222,0.24408,0.3098,0.20705,0.14691,0.065334,0.017338,0.0023914,0.007091
0.09635,0.15134,0.28315,0.28339,0.096371,0.068662,0.0012892,0.019455,0.22811,0.27166,0.24652,0.13016,0.07936,0.02956,0.0020273,0.012595
0.06354,0.17587,0.2919,0.24216,0.11793,0.07788,0.0061242,0.024605,0.26971,0.29086,0.21238,0.1036,0.09037,0.014194,0.00067716,0.018215
0.07531,0.1439,0.30394,0.31258,0.0915,0.054814,0.003193,0.014766,0.24123,0.34098,0.23311,0.092905,0.053837,0.02345,0.0014865,0.012996
0.066562,0.14924,0.2618,0.3115,0.13008,0.055772,0.0023302,0.02272,0.2109,0.33473,0.2469,0.086734,0.066057,0.032091,0.0013149,0.021271
0.083722,0.1498,0.2429,0.30079,0.14241,0.04641,0.0060357,0.027935,0.24229,0.3641,0.18791,0.071196,0.061331,0.02724,7.3568e-005,0.045858
0.10339,0.15397,0.24626,0.31661,0.098568,0.065117,0.00050854,0.015574,0.24717,0.29376,0.21078,0.094103,0.078082,0.046318,0.0070852,0.022705
0.084673,0.14149,0.27223,0.26431,0.13762,0.064392,0.0016465,0.033637,0.19457,0.33835,0.24911,0.12456,0.05385,0.014427,0.0050926,0.020044
0.072772,0.15296,0.26165,0.30291,0.11348,0.076951,0.0059119,0.013363,0.24415,0.28138,0.25812,0.1239,0.059217,0.018336,0.012885,0.00201
0.063639,0.13841,0.27339,0.27581,0.10291,0.11103,0.014812,0.019991,0.2572,0.29432,0.22721,0.097451,0.076749,0.036616,0.0033868,0.0070643
0.078318,0.15404,0.29112,0.27249,0.090307,0.077361,0.001095,0.035275,0.23415,0.29947,0.21436,0.11315,0.1108,0.016867,0.00095018,0.010256
0.091165,0.12998,0.31095,0.27982,0.098688,0.067518,0.00015286,0.021725,0.22345,0.27553,0.20867,0.14314,0.097194,0.01997,0.01036,0.021675
0.094722,0.18735,0.27311,0.25477,0.089593,0.066425,0.001078,0.032954,0.22348,0.33443,0.21075,0.10291,0.074545,0.047488,0.0010363,0.0053579
0.041446,0.18803,0.28076,0.27644,0.14298,0.049558,0.0052742,0.015497,0.20657,0.34744,0.24049,0.105,0.054502,0.03114,0.0018702,0.01299
0.056529,0.16351,0.30464,0.2545,0.14186,0.053104,0.00050459,0.025363,0.269,0.29923,0.25417,0.094906,0.04494,0.028227,0.0013257,0.0082052
0.066298,0.16995,0.34759,0.23394,0.10858,0.06699,0.00019776,0.0064532,0.20953,0.27719,0.25647,0.11879,0.086422,0.035062,0.0065077,0.01003
0.072119,0.15893,0.27302,0.28425,0.12199,0.06686,8.1712e-005,0.022744,0.2164,0.26873,0.29457,0.12586,0.057417,0.03161,0.00048441,0.0049297
0.06087,0.19453,0.26737,0.28426,0.12138,0.052089,0.0020049,0.0175,0.23063,0.27069,0.26388,0.12234,0.067249,0.039634,0.00023128,0.005353
0.05544,0.16525,0.31252,0.27202,0.13111,0.047699,5.0836e-006,0.015949,0.23808,0.26185,0.26477,0.13845,0.055821,0.033035,0.0013456,0.006644
0.079389,0.16983,0.30223,0.276,0.10325,0.057617,0.00087555,0.010808,0.22131,0.29866,0.22631,0.12963,0.084901,0.023613,8.8255e-005,0.015492
0.085518,0.16715,0.37716,0.22548,0.080559,0.044284,0.0042834,0.015562,0.19454,0.32236,0.21716,0.1413,0.095533,0.018468,0.0026004,0.0080394
0.068437,0.19713,0.33535,0.21881,0.10016,0.05226,0.00013595,0.027713,0.22204,0.29017,0.23592,0.13997,0.088709,0.012355,0.006225,0.0046078
0.064158,0.1848,0.35053,0.24794,0.089227,0.051123,0.003335,0.0088821,0.20777,0.26706,0.2619,0.14173,0.090657,0.025111,0.0051324,0.00065094
0.059165,0.19621,0.28134,0.2499,0.13209,0.061221,0.001751,0.018316,0.18561,0.2998,0.2742,0.12398,0.069043,0.042996,1.9193e-006,0.0043655
0.060797,0.20539,0.2618,0.25243,0.15435,0.044218,0.00029129,0.020728,0.22493,0.31626,0.25725,0.10241,0.051054,0.04306,5.1743e-005,0.0049887
0.07861,0.17813,0.27592,0.25759,0.10445,0.091604,0.0043174,0.0093811,0.21881,0.27577,0.27781,0.098665,0.075258,0.030611,0.0076288,0.015452
0.090612,0.22911,0.2692,0.24247,0.08524,0.06897,5.6967e-006,0.014395,0.25504,0.30912,0.21592,0.09035,0.076599,0.034217,0.00052241,0.018233
0.062374,0.17242,0.30653,0.27143,0.11983,0.051999,2.5927e-006,0.015414,0.15766,0.31993,0.32228,0.089935,0.07529,0.029907,0.0040118,0.00098726
0.073398,0.15499,0.32221,0.29244,0.09284,0.054946,0.0010028,0.0081796,0.20687,0.27828,0.31429,0.097959,0.060942,0.037607,6.8968e-005,0.0039826
0.077713,0.15149,0.27251,0.30439,0.11425,0.055361,0.0017015,0.022588,0.22472,0.32573,0.28053,0.087186,0.050456,0.028851,0.00018365,0.0023482
0.068094,0.16737,0.28364,0.25314,0.15827,0.055618,0.001133,0.012735,0.21881,0.3449,0.23493,0.10881,0.058367,0.033086,0.00051538,0.00058049
0.074266,0.13812,0.29575,0.2674,0.1459,0.067692,0.0027049,0.0081687,0.23196,0.27535,0.24861,0.12291,0.092579,0.027631,7.9257e-005,0.00087773
0.079626,0.15277,0.34257,0.26821,0.092625,0.050196,0.0029971,0.011002,0.23878,0.28381,0.27081,0.0974,0.052949,0.050739,0.00037749,0.0051339
0.094628,0.17451,0.26851,0.2639,0.11063,0.044936,0.0028187,0.040071,0.30129,0.26957,0.24119,0.10981,0.050263,0.025805,0.00075908,0.0013066
0.077785,0.15531,0.23149,0.34293,0.09475,0.074403,0.0086278,0.014704,0.30307,0.22986,0.23584,0.14009,0.040466,0.043408,8.2603e-005,0.0071818
0.090181,0.1748,0.2321,0.33019,0.09795,0.059884,0.00092841,0.013968,0.21441,0.25186,0.32743,0.11417,0.049536,0.035624,0.00018283,0.0067847
0.091317,0.16296,0.26949,0.27046,0.10174,0.077413,0.00047239,0.026147,0.2993,0.21927,0.28137,0.11189,0.04712,0.027714,1.1729e-005,0.013334
0.072522,0.16715,0.27739,0.26146,0.11261,0.087989,0.0007867,0.020097,0.21625,0.27265,0.27952,0.16187,0.034257,0.026684,0.0026396,0.006131
0.086397,0.13878,0.26485,0.29021,0.1195,0.071852,0.00086402,0.027553,0.16366,0.33794,0.28769,0.10897,0.058081,0.037241,0.00053386,0.0058808
0.068511,0.17248,0.28277,0.27761,0.095545,0.070591,0.0052099,0.027283,0.19078,0.28021,0.29666,0.10606,0.088957,0.033612,2.7182e-006,0.0037215
0.091979,0.13967,0.2835,0.2802,0.097868,0.085508,4.7273e-007,0.021279,0.19689,0.26019,0.31485,0.12414,0.070213,0.032715,5.0966e-005,0.00095739
0.10712,0.18173,0.29694,0.22241,0.10816,0.053904,1.6531e-007,0.029744,0.28038,0.283,0.21874,0.14422,0.06177,0.0076475,0.00029291,0.0039484
0.076947,0.16398,0.31459,0.23059,0.12802,0.058129,0.0028474,0.024898,0.25359,0.28467,0.21193,0.18741,0.053761,0.0068186,6.516e-005,0.0017539
0.099384,0.18791,0.26698,0.25728,0.092106,0.081949,0.00010929,0.014286,0.20352,0.28153,0.2746,0.13264,0.068811,0.011375,0.0054473,0.022077
0.087692,0.15605,0.26118,0.27134,0.10032,0.095485,5.8335e-006,0.027921,0.265,0.2276,0.26562,0.15882,0.05052,0.017605,0.00090302,0.013938
0.066859,0.17133,0.27748,0.26983,0.11381,0.086472,4.9997e-005,0.014166,0.24904,0.32478,0.23689,0.12371,0.04624,0.014033,0.00041354,0.0048863
0.092578,0.17683,0.26509,0.27526,0.10693,0.076705,3.3627e-005,0.0065752,0.21014,0.25288,0.33023,0.12649,0.058795,0.019414,0.0003458,0.001716
0.1046,0.17236,0.2808,0.24094,0.10399,0.088769,0.0015118,0.0070295,0.17519,0.28945,0.20419,0.19465,0.086322,0.031724,0.0066677,0.011799
0.075194,0.16885,0.2648,0.29371,0.14333,0.037184,0.0053112,0.011622,0.20269,0.258,0.23602,0.16233,0.097734,0.033203,0.008936,0.0010792
0.074921,0.12913,0.28034,0.31042,0.12024,0.071425,0.0016238,0.011892,0.24933,0.2482,0.28026,0.1484,0.036454,0.025133,0.0019806,0.010242
0.06837,0.18651,0.27952,0.2961,0.078811,0.074965,0.00057187,0.015156,0.24544,0.25484,0.28416,0.12888,0.057318,0.024424,0.0007903,0.0041461
0.068653,0.15245,0.29425,0.31478,0.10702,0.05089,0.00016011,0.011792,0.27419,0.28934,0.26593,0.1048,0.040559,0.020321,9.7933e-006,0.0048436
0.092427,0.14468,0.3433,0.24644,0.080521,0.07134,0.005172,0.016119,0.21539,0.31421,0.26,0.10769,0.08986,0.011885,0.00015691,0.00080746
0.064641,0.17672,0.26068,0.32166,0.10129,0.063323,0.0017294,0.0099626,0.26132,0.28315,0.23466,0.12534,0.057796,0.033293,0.001239,0.0031959
0.063273,0.16011,0.29668,0.32931,0.097165,0.044286,0.00025429,0.0089327,0.26302,0.24484,0.28413,0.13354,0.058331,0.01599,3.3109e-005,0.00011648
0.067555,0.12393,0.28166,0.33133,0.11806,0.054587,0.0029835,0.019894,0.27218,0.30461,0.22262,0.10553,0.075218,0.012475,0.00079774,0.0065714
0.077462,0.12524,0.32807,0.32464,0.10132,0.038155,0.00014969,0.0049533,0.24706,0.28261,0.28358,0.099373,0.05596,0.022007,0.00026991,0.0091438
0.098326,0.12269,0.30708,0.30328,0.095773,0.055197,0.00093662,0.016714,0.2169,0.30475,0.23974,0.11518,0.069194,0.039529,4.0969e-008,0.014712
0.082197,0.11982,0.30994,0.29655,0.10861,0.071354,0.0022362,0.0092838,0.20331,0.2717,0.25241,0.16847,0.0524,0.036871,0.00073015,0.014115
0.109,0.13091,0.3336,0.25555,0.090942,0.060215,0.0017582,0.018029,0.18927,0.26044,0.27178,0.15903,0.077505,0.035866,0.0019573,0.0041522
0.097603,0.12651,0.33509,0.23748,0.097681,0.078636,0.00085034,0.026146,0.18884,0.28534,0.28665,0.1366,0.048839,0.042166,2.6838e-005,0.011536
0.10193,0.13006,0.29878,0.27408,0.10751,0.068296,4.8826e-007,0.019346,0.20564,0.26485,0.29609,0.10877,0.084119,0.021567,0.0066946,0.012268
0.085564,0.14735,0.28549,0.31113,0.10683,0.041628,0.00014617,0.02187,0.2128,0.23588,0.27697,0.15532,0.068691,0.031056,0.012655,0.0066275
0.09887,0.13714,0.25722,0.28913,0.11068,0.070395,9.6608e-006,0.036561,0.19734,0.28702,0.28544,0.14516,0.057465,0.021932,0.00077745,0.0048636
0.085036,0.12501,0.32642,0.30619,0.10316,0.031937,1.2997e-007,0.022251,0.2521,0.31434,0.26511,0.093677,0.040957,0.03014,1.1228e-006,0.003669
0.083793,0.13581,0.30488,0.30972,0.11495,0.036074,0.0011116,0.013658,0.25108,0.27477,0.28924,0.093686,0.04379,0.045724,1.0642e-005,0.0017011
0.094889,0.15419,0.32367,0.28726,0.081704,0.04965,8.0759e-009,0.0086439,0.2037,0.31256,0.26404,0.09699,0.046762,0.051526,0.019218,0.0052077
0.065382,0.11481,0.33877,0.32592,0.081148,0.055046,0.00072506,0.018189,0.22967,0.26584,0.26574,0.13301,0.080103,0.019208,0.0010494,0.0053658
0.080018,0.15137,0.29454,0.27824,0.1085,0.065981,0.00032181,0.021022,0.25786,0.2326,0.23339,0.13785,0.092697,0.029179,0.0028135,0.013599
0.045528,0.12914,0.34735,0.25573,0.13958,0.062739,0.0039526,0.015983,0.27064,0.25618,0.228,0.12911,0.075221,0.031309,0.0048147,0.0047361
0.054301,0.12002,0.32003,0.27419,0.15348,0.052241,0.0027971,0.022947,0.25553,0.2875,0.25548,0.10417,0.078273,0.015043,1.1109e-005,0.0040062
0.092302,0.14371,0.32881,0.22311,0.13765,0.044903,0.0012667,0.028245,0.20784,0.31007,0.26962,0.10903,0.078758,0.022375,1.6963e-008,0.0022988
0.053798,0.13971,0.35353,0.24823,0.1386,0.050453,0.00088992,0.014778,0.19526,0.30663,0.29451,0.095793,0.07085,0.021579,0.00049925,0.014878
0.072523,0.16768,0.25946,0.30685,0.10016,0.067384,0.0019206,0.024016,0.21874,0.28916,0.2465,0.14703,0.056308,0.031945,0.00107,0.0092429
0.056946,0.17271,0.28344,0.29471,0.10409,0.061332,0.00046008,0.026311,0.22434,0.29601,0.2557,0.10546,0.086657,0.0266,0.0021372,0.0030886
0.071838,0.14567,0.28529,0.30832,0.11332,0.041941,0.0037907,0.029829,0.19856,0.30176,0.24763,0.15211,0.061612,0.03198,0.001182,0.0051692
0.067251,0.14552,0.31439,0.28889,0.10447,0.058956,0.0021009,0.018422,0.23923,0.25932,0.242,0.12089,0.060163,0.067961,0.0047833,0.0056638
0.05348,0.14291,0.27375,0.3053,0.13021,0.072194,0.010138,0.012014,0.26246,0.22736,0.26055,0.15857,0.06784,0.019455,3.4534e-005,0.003736
0.056485,0.17441,0.21935,0.2982,0.12823,0.09654,0.0088759,0.01791,0.2824,0.26935,0.21531,0.14652,0.052456,0.025695,0.0015849,0.0066887
0.051441,0.15976,0.25903,0.31423,0.14682,0.05059,0.0069717,0.011163,0.28794,0.30072,0.19076,0.1084,0.063945,0.032968,0.013088,0.0021717
0.061261,0.15025,0.30951,0.2769,0.10656,0.058178,0.0030618,0.03428,0.23115,0.29332,0.25692,0.12594,0.076259,0.0073007,0.0037124,0.0053924
0.094699,0.13529,0.25037,0.32939,0.10235,0.056005,0.019985,0.011917,0.23208,0.29451,0.22686,0.14121,0.078102,0.018998,0.00024082,0.0080022
0.065024,0.16603,0.28802,0.31665,0.10296,0.038248,0.00090246,0.02216,0.23252,0.29826,0.2088,0.14285,0.080502,0.021328,0.0035145,0.012226
0.085107,0.15964,0.29702,0.28656,0.090994,0.052835,0.0029179,0.024929,0.18778,0.31061,0.21423,0.15526,0.10067,0.026999,0.0028136,0.0016275
0.10927,0.14497,0.29216,0.25286,0.12005,0.047142,0.00065308,0.032894,0.16448,0.32629,0.21821,0.17278,0.075902,0.031328,0.0055395,0.0054643
0.078553,0.10166,0.31331,0.28291,0.14217,0.049003,0.0018941,0.030492,0.21778,0.28186,0.28713,0.11227,0.052614,0.025763,0.00045577,0.022139
0.097612,0.12073,0.32136,0.28314,0.104,0.045563,0.0053625,0.022249,0.17141,0.24823,0.27526,0.17299,0.065394,0.045682,0.0018298,0.019204
0.082829,0.13502,0.33345,0.26129,0.11067,0.056718,0.00054355,0.019484,0.17941,0.2881,0.28097,0.15661,0.051461,0.023173,0.0088669,0.011403
0.086943,0.14617,0.2831,0.31141,0.11109,0.045955,0.00096287,0.014362,0.19206,0.32725,0.26388,0.11598,0.066693,0.028948,0.0011765,0.0040102
0.077673,0.15272,0.28818,0.30056,0.091212,0.06872,0.0011766,0.019759,0.20746,0.25925,0.28569,0.14807,0.062697,0.03024,0.003868,0.0027378
0.089201,0.1734,0.27133,0.29455,0.099008,0.059465,0.005507,0.0075331,0.20359,0.24283,0.27012,0.13519,0.089944,0.043052,0.0094243,0.0058438
0.091408,0.14468,0.30721,0.28042,0.088236,0.068963,0.0016788,0.017409,0.20767,0.28869,0.23212,0.18326,0.063204,0.019649,4.1045e-005,0.0053601
0.06828,0.13097,0.32301,0.30937,0.10514,0.055218,0.00068419,0.0073241,0.24512,0.28776,0.2235,0.090245,0.078895,0.05704,0.002604,0.014836
0.064949,0.18515,0.31511,0.27276,0.096479,0.05303,1.1723e-005,0.012514,0.2505,0.28225,0.25708,0.10203,0.079464,0.012514,0.002533,0.01363
0.055436,0.12241,0.29051,0.35009,0.10689,0.06721,0.0001444,0.0073127,0.25802,0.3255,0.228,0.10577,0.031344,0.044154,0.00054707,0.0066665
0.081747,0.18741,0.25247,0.29326,0.09308,0.066146,0.00020514,0.025678,0.25075,0.32944,0.25032,0.07767,0.059972,0.015755,0.0044313,0.011665
0.092325,0.13266,0.26124,0.28545,0.13974,0.072092,0.0024324,0.014058,0.2082,0.33144,0.26515,0.11739,0.064452,0.0063563,0.00011696,0.0068944
0.084598,0.19905,0.22587,0.28709,0.12194,0.073076,0.00033939,0.0080336,0.17213,0.29078,0.27729,0.16442,0.08821,0.0056179,0.0001965,0.0013619
0.060375,0.14479,0.30881,0.28628,0.11914,0.065319,0.0018231,0.013462,0.24868,0.26919,0.22344,0.16538,0.084223,0.0047452,0.0035072,0.0008408
0.066195,0.13665,0.27759,0.2677,0.11166,0.11239,0.0081065,0.019695,0.22423,0.29773,0.2246,0.16137,0.066091,0.023771,0.00011364,0.0020872
0.061286,0.173,0.28538,0.25158,0.090991,0.1084,0.0039426,0.025428,0.21077,0.33137,0.23417,0.13659,0.060835,0.022993,0.00099036,0.0022723
0.037781,0.17588,0.32124,0.2289,0.12159,0.086351,0.0026934,0.025565,0.21892,0.26984,0.25391,0.13526,0.073062,0.043939,0.0034765,0.0015813
0.069116,0.19239,0.2754,0.27448,0.10798,0.046187,0.0027823,0.031664,0.19656,0.36632,0.22339,0.094033,0.072209,0.036944,0.0036602,0.0068905
0.063995,0.20288,0.28141,0.25637,0.12305,0.062146,0.003502,0.0066483,0.21465,0.34346,0.24271,0.08338,0.077037,0.026578,0.0059845,0.0061971
0.071733,0.11891,0.30148,0.30276,0.10413,0.08327,0.00044433,0.017276,0.25096,0.35559,0.21857,0.085439,0.068886,0.013927,0.00037999,0.0062413
0.062839,0.1573,0.27273,0.3191,0.11794,0.058071,0.00045094,0.011563,0.28126,0.30428,0.245,0.086212,0.055714,0.02406,1.0664e-005,0.0034546
0.078633,0.18575,0.24848,0.30108,0.10262,0.068433,8.9819e-005,0.014916,0.26883,0.29473,0.23562,0.10109,0.074919,0.023363,3.0524e-008,0.0014419
0.071738,0.13747,0.29553,0.30772,0.11663,0.061537,6.0116e-005,0.0093093,0.27583,0.30181,0.23662,0.12576,0.033369,0.022331,5.92e-005,0.004222
0.056095,0.12704,0.26991,0.35522,0.10558,0.064836,0.0030754,0.018238,0.21877,0.2864,0.23081,0.098625,0.10044,0.052929,0.010713,0.0013178
0.075612,0.15906,0.27226,0.34169,0.10757,0.029283,0.00035007,0.014173,0.1974,0.32075,0.22812,0.099262,0.11435,0.028904,0.002989,0.0082145
0.084734,0.11221,0.3158,0.30377,0.13037,0.044313,0.00074176,0.008069,0.23803,0.318,0.20159,0.096764,0.10133,0.040587,0.0024718,0.0012297
0.06466,0.14678,0.31007,0.29118,0.09723,0.064625,1.6642e-005,0.025436,0.17887,0.31465,0.25261,0.13413,0.069624,0.041893,0.0059324,0.0022916
0.047995,0.15197,0.2803,0.32755,0.074621,0.10227,3.117e-006,0.015297,0.23566,0.29061,0.26346,0.10403,0.068818,0.027441,0.0012171,0.0087596
0.051161,0.19593,0.23009,0.37103,0.098147,0.042341,0.0018397,0.009464,0.18312,0.32855,0.25904,0.1309,0.065437,0.015163,8.5446e-005,0.017707
0.096116,0.16273,0.22863,0.31543,0.11821,0.057492,0.0021691,0.01922,0.22214,0.30569,0.24847,0.13987,0.068525,0.0077497,0.0016208,0.005934
0.07461,0.13874,0.29323,0.26855,0.14974,0.055468,0.0013418,0.018322,0.18273,0.32002,0.30116,0.097018,0.078559,0.017034,0.0001124,0.0033651
0.069796,0.15192,0.29529,0.28468,0.11133,0.065783,0.0098445,0.011351,0.19225,0.36783,0.21568,0.1212,0.079187,0.016247,0.0027234,0.0048798
0.057371,0.17583,0.26081,0.29027,0.13332,0.058382,0.00075258,0.023263,0.19045,0.37431,0.22299,0.13514,0.053785,0.019597,0.00084366,0.0028831
0.077532,0.14165,0.27629,0.28005,0.13892,0.071575,0.0045596,0.0094144,0.22685,0.34728,0.2356,0.11963,0.04043,0.016429,0.0016082,0.01218
0.080399,0.15934,0.29411,0.28367,0.083849,0.086143,0.0042723,0.0082236,0.22616,0.31385,0.24082,0.11725,0.065149,0.022047,0.0020675,0.012667
0.071729,0.14923,0.25617,0.31671,0.12585,0.065036,0.0035224,0.011745,0.18236,0.30421,0.24396,0.11981,0.075514,0.055222,0.0041854,0.014735
0.098227,0.13683,0.27917,0.29622,0.10394,0.070155,0.0024552,0.012999,0.25278,0.34207,0.21679,0.076729,0.076989,0.028353,0.0028758,0.0034147
0.07884,0.13839,0.26609,0.33294,0.09965,0.065217,0.00099096,0.017884,0.19371,0.35699,0.21515,0.092975,0.080084,0.048929,0.0018964,0.010276
0.070326,0.15881,0.29243,0.25881,0.10644,0.077168,0.0027039,0.03331,0.22365,0.3207,0.22546,0.13307,0.066505,0.024836,0.00078502,0.0049881
0.053883,0.16274,0.33256,0.24917,0.11685,0.066511,0.0017695,0.016522,0.21018,0.28746,0.20883,0.12475,0.14274,0.022823,8.3118e-005,0.0031318
0.067431,0.18946,0.29622,0.25926,0.12472,0.040722,0.001076,0.021114,0.21483,0.32842,0.21294,0.10303,0.086072,0.042593,0.0019649,0.010148
0.070358,0.21284,0.25054,0.24646,0.14931,0.048987,0.0023947,0.019107,0.22291,0.32482,0.22663,0.1198,0.07222,0.020338,0.0046357,0.0086454
0.070615,0.1686,0.26179,0.28633,0.12862,0.066007,0.0002,0.017832,0.27456,0.30379,0.22139,0.11962,0.052175,0.012957,0.007257,0.0082502
0.076865,0.15713,0.28004,0.31205,0.10112,0.041494,0.003178,0.028117,0.24672,0.29314,0.25002,0.13347,0.054144,0.016905,0.0014309,0.0041653
0.085996,0.13661,0.31171,0.26737,0.11424,0.049463,9.006e-005,0.034511,0.19171,0.37966,0.18125,0.1531,0.080276,0.0077352,0.0031722,0.0031028
0.069891,0.16915,0.32292,0.2542,0.11366,0.042375,0.00014746,0.027648,0.24586,0.33635,0.19365,0.14787,0.06002,0.0089609,0.0015832,0.0056957
0.085478,0.19004,0.29573,0.2504,0.10596,0.05393,0.00052271,0.017944,0.16596,0.36258,0.2424,0.14402,0.064151,0.010299,0.0011713,0.0094155
0.042801,0.18357,0.31946,0.24977,0.095698,0.087096,0.00073827,0.020867,0.16619,0.3515,0.2519,0.12155,0.065414,0.034236,0.0050089,0.0041995
0.089692,0.18996,0.2907,0.26711,0.11382,0.037794,0.0031226,0.0077925,0.18664,0.34284,0.23319,0.12941,0.077028,0.02254,0.00064779,0.0077108
0.11808,0.15016,0.31191,0.2629,0.093747,0.054612,0.00097755,0.0076204,0.19983,0.31625,0.23534,0.12913,0.081286,0.020426,0.0062263,0.011514
0.10238,0.1537,0.29245,0.24442,0.11378,0.076887,0.0088341,0.0075426,0.21666,0.25111,0.2572,0.15134,0.10008,0.019437,2.6153e-005,0.0041504
0.068906,0.14733,0.31761,0.26937,0.12922,0.052738,0.00079245,0.014031,0.23218,0.23821,0.31953,0.10831,0.075189,0.01064,0.0069356,0.009006
0.064198,0.15669,0.25083,0.24673,0.18859,0.067688,0.002412,0.022859,0.22898,0.27214,0.26237,0.11905,0.093734,0.012246,0.0055048,0.0059755
0.063947,0.17639,0.27695,0.27619,0.14064,0.038455,0.0070003,0.020431,0.18427,0.28405,0.25067,0.13186,0.09928,0.037857,0.00098559,0.011035
0.078875,0.17929,0.33876,0.25571,0.074904,0.05188,0.0050126,0.015577,0.19737,0.31097,0.22976,0.12441,0.080425,0.041517,0.00029177,0.015251
0.084105,0.19429,0.28899,0.27782,0.085555,0.047074,0.0032288,0.01893,0.21676,0.24948,0.31569,0.13417,0.061015,0.01383,0.00087573,0.0081847
0.068101,0.18863,0.29494,0.28365,0.10464,0.038188,0.0023459,0.019499,0.20372,0.30382,0.27298,0.1099,0.071852,0.027816,0.0034277,0.0064781
0.062113,0.15585,0.32621,0.28047,0.079903,0.073103,0.00094497,0.02141,0.22577,0.31768,0.25325,0.11669,0.054013,0.025293,0.00075598,0.0065537
0.064123,0.1214,0.32755,0.30764,0.097316,0.056335,0.0044079,0.021227,0.25562,0.33429,0.21345,0.11199,0.051845,0.025063,7.0958e-006,0.0077333
0.084411,0.14108,0.28035,0.28606,0.15105,0.042455,0.002535,0.012056,0.26123,0.29856,0.20766,0.1277,0.046062,0.039566,0.00040743,0.018818
0.067591,0.16586,0.26297,0.29671,0.13236,0.04977,0.00041059,0.02434,0.21363,0.33174,0.25733,0.10969,0.049249,0.034371,4.2537e-009,0.0039984
0.077589,0.13535,0.3024,0.29885,0.1045,0.070163,2.7806e-006,0.011144,0.19511,0.29039,0.26944,0.1359,0.08022,0.023094,0.00012776,0.0057179
0.074858,0.13282,0.23952,0.34075,0.1083,0.088367,5.2428e-005,0.015333,0.17021,0.32614,0.26163,0.10755,0.085745,0.035837,0.0011853,0.011706
0.07049,0.18904,0.23524,0.31825,0.11089,0.050786,0.00059763,0.024705,0.24811,0.2844,0.27004,0.097922,0.0695,0.025836,7.8706e-005,0.0041144
0.078934,0.18053,0.30078,0.23226,0.11789,0.069582,4.6824e-005,0.01998,0.25192,0.28553,0.25307,0.08057,0.088263,0.035882,0.0003359,0.0044306
0.093082,0.1518,0.27318,0.30734,0.09098,0.064766,0.00053873,0.018306,0.23229,0.29216,0.25932,0.11555,0.057196,0.036492,0.0022781,0.0047182
0.07342,0.18801,0.32436,0.26295,0.088672,0.041003,0.00012264,0.021464,0.20701,0.29381,0.25859,0.13368,0.069053,0.032479,0.00085387,0.0045304
0.10079,0.11238,0.30256,0.28583,0.11933,0.064418,0.0027203,0.011974,0.1971,0.2949,0.22572,0.13732,0.092737,0.036036,0.0089955,0.0071906
0.078757,0.15277,0.35611,0.22741,0.1067,0.058598,0.0010264,0.018621,0.22445,0.32712,0.24942,0.094372,0.075252,0.020685,0.0038961,0.0048038
0.08265,0.13556,0.36938,0.22716,0.10634,0.067859,0.0034361,0.0076201,0.25391,0.31121,0.2294,0.082043,0.093422,0.025414,0.0027761,0.0018289
0.093006,0.1424,0.28976,0.2848,0.093459,0.067635,0.002966,0.025971,0.18724,0.29333,0.25341,0.14375,0.098563,0.019463,0.0026979,0.001551
0.095283,0.16801,0.31296,0.24861,0.087862,0.064257,0.00083694,0.022182,0.1806,0.32759,0.24306,0.14264,0.075435,0.018925,0.0042622,0.0074913
0.080268,0.1609,0.3243,0.27319,0.08963,0.054683,0.0039933,0.013026,0.17424,0.32759,0.27147,0.098714,0.096752,0.027717,6.3836e-019,0.0035216
0.060871,0.1783,0.31607,0.29132,0.071819,0.062353,0.00020005,0.019069,0.24899,0.27583,0.23923,0.1237,0.093016,0.016096,4.3129e-005,0.0030894
0.067514,0.18865,0.29295,0.2691,0.073342,0.076363,0.0024943,0.029585,0.23772,0.25521,0.28897,0.12561,0.066359,0.022566,9.4551e-006,0.0035573
0.060892,0.19462,0.26509,0.28427,0.095102,0.075323,0.0018075,0.022888,0.2575,0.29287,0.254,0.11385,0.055197,0.025562,1.3742e-005,0.0010139
0.064627,0.1589,0.28447,0.28666,0.11371,0.076347,0.00072072,0.014563,0.24509,0.29511,0.25747,0.12789,0.046482,0.02437,0.00042043,0.0031641
0.070231,0.14294,0.29521,0.28924,0.092058,0.078299,0.001775,0.03025,0.29457,0.28487,0.18601,0.1276,0.067384,0.027391,0.001313,0.01086
0.072247,0.12964,0.31489,0.28543,0.11307,0.071665,0.0021217,0.010947,0.2233,0.29577,0.25998,0.11827,0.067962,0.018254,0.0022052,0.01426
0.073137,0.13917,0.3146,0.24274,0.1262,0.080866,0.0022351,0.021047,0.21376,0.32046,0.29377,0.097343,0.040867,0.026101,0.00096701,0.0067347
0.054415,0.11905,0.33759,0.28906,0.094954,0.073737,0.0036253,0.027563,0.26876,0.33451,0.22532,0.073047,0.076948,0.016173,0.00021418,0.0050153
0.067875,0.15718,0.29628,0.27408,0.11084,0.078049,0.0025112,0.01318,0.31401,0.31229,0.21063,0.071107,0.071132,0.020334,1.5985e-005,0.0004777
0.074912,0.13585,0.28603,0.31532,0.11618,0.052152,0.0032887,0.016275,0.25963,0.34748,0.20406,0.090945,0.07894,0.016967,1.5696e-009,0.0019806
0.069362,0.14128,0.29447,0.31877,0.10418,0.053331,0.00012311,0.018484,0.259,0.35541,0.18304,0.1041,0.082892,0.0097945,0.00072097,0.0050413
0.06416,0.15701,0.27938,0.31899,0.13108,0.037876,0.00040358,0.011096,0.23365,0.30741,0.23482,0.1081,0.095009,0.017601,0.00011713,0.0032939
0.057729,0.19437,0.26565,0.30514,0.10064,0.055642,0.001108,0.019719,0.19029,0.30734,0.28201,0.10111,0.08542,0.033037,0.00022405,0.00055973
0.053281,0.17714,0.28323,0.29766,0.11061,0.047111,0.0010711,0.029884,0.21674,0.35002,0.21808,0.09064,0.085068,0.036321,1.8736e-005,0.0031143
0.073988,0.14282,0.31573,0.28917,0.10022,0.067813,0.0040734,0.006195,0.19508,0.28537,0.27163,0.12797,0.082367,0.027618,0.00068827,0.009279
0.070917,0.13222,0.26866,0.32934,0.10134,0.068399,0.003818,0.02531,0.19219,0.30854,0.27178,0.10323,0.10518,0.01042,0.00072547,0.0079334
0.055956,0.1559,0.28025,0.31097,0.11349,0.057852,2.6129e-007,0.025586,0.24923,0.25021,0.21642,0.10777,0.13372,0.036029,0.0017708,0.0048572
0.09768,0.11689,0.24942,0.33234,0.10888,0.071658,0.00073589,0.022406,0.20611,0.28721,0.19915,0.12397,0.13634,0.043812,0.0012805,0.0021309
0.088946,0.16047,0.24994,0.3208,0.097449,0.064498,0.0015944,0.01631,0.21077,0.32308,0.19386,0.12169,0.10607,0.043704,0.00027981,0.00055224
0.094205,0.13877,0.27615,0.30642,0.1136,0.055679,0.0023407,0.012832,0.19846,0.39186,0.20297,0.11799,0.06173,0.024213,0.00055322,0.0022253
0.076102,0.14756,0.30853,0.30628,0.080855,0.057272,0.0018166,0.021576,0.33665,0.3162,0.19447,0.06205,0.060381,0.025151,0.002689,0.0024053
0.063159,0.12795,0.33761,0.30605,0.083972,0.054792,0.011145,0.015328,0.27333,0.28397,0.22822,0.07255,0.098427,0.03429,0.00071155,0.0085049
0.05978,0.15952,0.32865,0.29658,0.082325,0.057068,0.002905,0.013172,0.25953,0.28705,0.22667,0.075274,0.082318,0.044118,0.00011161,0.024937
0.074954,0.16121,0.3083,0.28591,0.061819,0.080493,2.4637e-005,0.027299,0.2221,0.30681,0.24707,0.083924,0.087864,0.019191,0.0025409,0.030502
0.067521,0.1528,0.3009,0.26799,0.11565,0.065859,0.0001182,0.029163,0.20024,0.38114,0.22919,0.072134,0.084907,0.0090215,0.0037787,0.019589
0.10516,0.14119,0.29703,0.25831,0.079872,0.093396,5.8134e-005,0.024985,0.18858,0.36505,0.23555,0.09046,0.077395,0.027914,0.0017091,0.013341
0.057538,0.15596,0.31077,0.27886,0.11805,0.054308,0.00059046,0.023915,0.17786,0.35587,0.25451,0.1029,0.063185,0.029199,0.0017865,0.014678
0.051646,0.19327,0.28064,0.33275,0.075437,0.053836,0.0010974,0.01132,0.24529,0.32039,0.22471,0.1468,0.044978,0.016164,0.00028149,0.0013888
0.071826,0.16246,0.31054,0.30125,0.086362,0.037339,0.00033316,0.029899,0.28889,0.28043,0.25121,0.11115,0.042321,0.015348,0.003566,0.0070761
0.076822,0.21481,0.24562,0.28012,0.10062,0.048999,3.1891e-005,0.03299,0.28489,0.31025,0.24905,0.077932,0.064861,0.011896,0.00031625,0.00080336
0.035946,0.15216,0.29093,0.33221,0.094616,0.067923,0.0022256,0.023995,0.23298,0.31944,0.26433,0.11247,0.062417,0.0073237,0.00032601,0.00071898
0.053855,0.1572,0.2845,0.36131,0.083861,0.053587,0.0007291,0.0049608,0.25999,0.34521,0.22338,0.10445,0.059723,0.0035722,7.496e-011,0.003666
0.065683,0.18953,0.29782,0.32024,0.08213,0.029418,6.618e-005,0.015116,0.22519,0.3242,0.22032,0.14675,0.067539,0.0086486,0.0001327,0.0072226
0.069433,0.20754,0.26091,0.29114,0.099753,0.055526,0.00027818,0.015424,0.2376,0.33213,0.2652,0.084781,0.063307,0.014902,0.00076768,0.0013174
0.037685,0.17393,0.30526,0.27994,0.11787,0.061348,0.0027061,0.021265,0.25999,0.26804,0.27122,0.12638,0.05074,0.021324,0.0014647,0.00084726
0.065124,0.14999,0.33669,0.27767,0.087238,0.065066,0.0010267,0.017202,0.22185,0.26973,0.24946,0.18914,0.042988,0.017332,1.8877e-005,0.0094942
0.053958,0.15797,0.35237,0.27378,0.081181,0.061468,0.0015627,0.017704,0.22257,0.24973,0.21863,0.16175,0.11357,0.029473,3.867e-005,0.0042494
0.077551,0.13737,0.36191,0.22345,0.12219,0.06072,0.0013862,0.015412,0.20687,0.27267,0.27775,0.15421,0.069487,0.015194,0.00017904,0.0036451
0.07124,0.18773,0.33002,0.24675,0.092531,0.057232,0.00065119,0.013849,0.19323,0.30647,0.27581,0.14401,0.069512,0.0090902,5.392e-005,0.0018143
0.06884,0.12856,0.37314,0.2622,0.098221,0.047095,0.00013314,0.021807,0.17309,0.31832,0.20628,0.19024,0.069552,0.035609,0.0012805,0.0056215
0.066141,0.1228,0.32887,0.29664,0.13302,0.041549,0.00155,0.0094301,0.17504,0.28127,0.25502,0.15421,0.074221,0.049274,0.00012407,0.010844
0.078686,0.14382,0.28205,0.31522,0.12904,0.033221,0.00051457,0.017451,0.19732,0.33451,0.2117,0.15086,0.077504,0.021241,0.0012903,0.0055761
0.061932,0.15259,0.31912,0.31477,0.11145,0.024649,7.0196e-005,0.01543,0.17486,0.2867,0.22244,0.20633,0.084502,0.015714,0.00026734,0.0091855
0.096448,0.16527,0.28951,0.28498,0.10799,0.030032,0.0048072,0.020958,0.17677,0.31826,0.26238,0.14153,0.077404,0.022557,3.4913e-006,0.0010967
0.1116,0.15215,0.27754,0.25744,0.10964,0.072369,0.0011343,0.018131,0.20874,0.27154,0.2765,0.12561,0.074496,0.023455,0.0077376,0.011917
0.098492,0.17268,0.32783,0.24677,0.088318,0.029287,0.0058002,0.030819,0.21453,0.28005,0.2297,0.1522,0.099349,0.0079269,0.0073709,0.0088682
0.08568,0.18811,0.32378,0.26099,0.083311,0.046586,0.0032408,0.0083084,0.20857,0.30065,0.22539,0.16379,0.072371,0.012899,0.0038037,0.012527
0.072793,0.23668,0.30758,0.25627,0.087034,0.030588,0.0013245,0.0077223,0.19812,0.31071,0.25542,0.12489,0.065647,0.024328,0.0054704,0.015419
0.047772,0.16634,0.36733,0.22082,0.082043,0.089927,0.0054794,0.020297,0.16553,0.30132,0.22882,0.14992,0.085962,0.052148,0.0022324,0.01406
0.094505,0.18351,0.29749,0.24943,0.10701,0.048154,0.0018706,0.018023,0.20376,0.28989,0.21025,0.15933,0.083605,0.03306,0.012606,0.0074906
0.071457,0.17956,0.32344,0.22186,0.096303,0.084709,0.0042006,0.018467,0.22031,0.20891,0.29196,0.1355,0.091211,0.036341,0.008929,0.0068491
0.077263,0.17245,0.34392,0.2148,0.11355,0.062328,0.0019739,0.013706,0.21275,0.30958,0.20154,0.11536,0.12498,0.023754,0.0038017,0.0082284
0.10756,0.16234,0.29287,0.24848,0.12379,0.045246,0.0037755,0.015941,0.2024,0.24253,0.2338,0.15264,0.11426,0.044852,0.0014866,0.0080203
0.076075,0.16746,0.27785,0.27697,0.11879,0.054042,0.00056501,0.028241,0.22685,0.32462,0.20129,0.14554,0.049244,0.026779,0.0061027,0.019574
0.099206,0.15569,0.26731,0.29852,0.097124,0.067838,0.0026809,0.011628,0.22667,0.29604,0.19774,0.15183,0.069236,0.030518,0.0095359,0.018432
0.1219,0.14285,0.29032,0.23291,0.12681,0.072124,0.00092936,0.012159,0.19327,0.29489,0.27264,0.13456,0.066289,0.025614,0.0016992,0.011034
0.10746,0.15704,0.32643,0.25177,0.072649,0.066665,0.0031797,0.014799,0.20413,0.33336,0.18439,0.15595,0.085833,0.028814,0.0017748,0.0057529
0.10062,0.14152,0.3051,0.28989,0.079304,0.06992,0.0020128,0.011643,0.23063,0.29666,0.23207,0.14003,0.070124,0.021703,0.00011421,0.0086655
0.091232,0.17134,0.24605,0.2979,0.067635,0.10195,0.00076797,0.023128,0.16678,0.33095,0.23047,0.13349,0.086508,0.0085838,0.025606,0.017605
0.078697,0.17543,0.30536,0.26567,0.085856,0.063643,0.0056688,0.019668,0.17814,0.32502,0.25666,0.16155,0.058701,0.010106,0.0014407,0.0083693
0.096284,0.1586,0.3085,0.30089,0.08951,0.031488,0.0015065,0.013222,0.18697,0.25507,0.27488,0.18113,0.08605,0.012539,0.00033894,0.0030224
0.096519,0.17231,0.33715,0.21261,0.10138,0.048988,0.0021812,0.028854,0.19455,0.31009,0.242,0.12373,0.085239,0.034642,0.00056536,0.0091812
0.095735,0.16049,0.3161,0.22948,0.1025,0.058966,0.00045936,0.036278,0.20991,0.26769,0.27221,0.14579,0.056827,0.022468,0.0044396,0.020661
0.087269,0.18794,0.35004,0.19281,0.093584,0.060919,1.5344e-007,0.027439,0.20412,0.28019,0.21368,0.19093,0.076466,0.02751,0.00057898,0.0065231
0.097585,0.18148,0.30718,0.24795,0.09258,0.053247,7.1443e-005,0.01991,0.2408,0.28937,0.23031,0.1444,0.052724,0.031346,0.0020687,0.0089756
0.066552,0.21103,0.27101,0.24554,0.1113,0.06699,0.00048757,0.027095,0.21306,0.3438,0.24556,0.11322,0.054898,0.024034,0.0034928,0.0019398
0.077076,0.17412,0.28854,0.29369,0.088428,0.054413,0.0018444,0.021891,0.16205,0.25178,0.30306,0.18617,0.046174,0.0335,0.00072268,0.016544
0.058682,0.16779,0.3007,0.28262,0.10306,0.054446,0.0003192,0.032384,0.21193,0.24919,0.29264,0.15103,0.056917,0.023381,0.0025393,0.012369
0.067368,0.19323,0.27022,0.26321,0.12622,0.0578,0.00041015,0.02154,0.2351,0.28868,0.26475,0.1156,0.062998,0.026324,0.0002248,0.006318
0.063459,0.17232,0.29994,0.24471,0.1417,0.045526,0.012659,0.019689,0.19721,0.29472,0.27497,0.14399,0.059047,0.0095141,0.00012013,0.020434
0.087404,0.21045,0.2659,0.24578,0.12684,0.043487,0.0030625,0.017082,0.18057,0.27963,0.29692,0.13367,0.058907,0.033269,0.006627,0.01041
0.070852,0.20624,0.25524,0.29356,0.12189,0.041402,3.9101e-006,0.010809,0.18525,0.28901,0.2312,0.14542,0.073767,0.041476,0.006628,0.027244
0.091352,0.17351,0.30348,0.27003,0.074595,0.062681,0.0054358,0.018926,0.21007,0.28733,0.25644,0.17472,0.04547,0.021687,0.0003103,0.0039766
0.084372,0.11666,0.27251,0.30654,0.13878,0.067948,0.00032682,0.012857,0.20444,0.2719,0.25403,0.16178,0.065186,0.032068,0.0050144,0.0055905
0.066834,0.12429,0.26476,0.35019,0.13748,0.045145,0.0022903,0.0089973,0.21865,0.28686,0.23183,0.17876,0.038764,0.033854,0.0015895,0.0096817
0.068948,0.15407,0.29508,0.32094,0.097974,0.040715,0.0082938,0.01399,0.21164,0.30003,0.20446,0.14165,0.093726,0.043795,0.00069398,0.0040036
0.06246,0.16291,0.31121,0.26163,0.12351,0.046378,0.0057386,0.026177,0.21951,0.28999,0.19156,0.15867,0.083666,0.031661,0.0069412,0.018006
0.043178,0.16023,0.31035,0.31169,0.096508,0.070551,0.0012174,0.0062817,0.17691,0.31772,0.25856,0.12232,0.087238,0.018701,0.0081759,0.010375
0.050378,0.14988,0.31432,0.28214,0.11319,0.063772,0.0044915,0.021827,0.14242,0.25816,0.2192,0.18368,0.12859,0.052599,0.0022367,0.013106
0.034059,0.16218,0.32905,0.30831,0.10759,0.047365,0.0028772,0.0085642,0.15862,0.28478,0.30663,0.15264,0.043273,0.032984,0.0040202,0.017044
0.064392,0.17597,0.30905,0.25527,0.12474,0.05908,0.00035348,0.01114,0.15597,0.30055,0.29727,0.13715,0.052497,0.030625,0.018269,0.0076591
0.066952,0.192,0.33931,0.2227,0.092424,0.075828,8.8435e-008,0.010786,0.19921,0.30776,0.21015,0.15031,0.056671,0.038336,0.019196,0.01836
0.085811,0.138,0.29027,0.29638,0.12304,0.052219,0.00013186,0.014137,0.2416,0.28314,0.21093,0.12867,0.087977,0.029158,0.0052228,0.013306
0.09295,0.15144,0.28796,0.28765,0.12069,0.033419,0.0014723,0.024415,0.23117,0.28974,0.21235,0.13269,0.082181,0.040239,0.0057774,0.0058649
0.092082,0.1746,0.24363,0.32699,0.096601,0.044932,0.0022104,0.018957,0.16338,0.34665,0.20046,0.1423,0.096898,0.02915,0.014552,0.0066149
0.07094,0.15186,0.30429,0.31621,0.091569,0.042018,0.0054199,0.017689,0.23668,0.32268,0.21629,0.096038,0.072515,0.041691,0.0056139,0.008489
0.052229,0.13465,0.30352,0.32295,0.10057,0.054931,0.011538,0.019621,0.18139,0.3004,0.26428,0.12522,0.081104,0.024152,0.010052,0.013396
0.058636,0.1276,0.34925,0.28621,0.099027,0.052363,0.006348,0.020566,0.20365,0.28475,0.22056,0.11587,0.099289,0.040226,0.0064527,0.029208
0.079508,0.14893,0.28851,0.30852,0.075374,0.065114,0.013748,0.020292,0.20222,0.26606,0.25557,0.13861,0.090969,0.025493,0.011992,0.0090929
0.055396,0.16706,0.35509,0.25611,0.096898,0.06055,0.00076122,0.0081375,0.26641,0.26111,0.21173,0.12859,0.098674,0.0213,0.0065114,0.0056628
0.053,0.20131,0.33079,0.24832,0.091366,0.057084,0.0011041,0.017013,0.23186,0.27523,0.26598,0.12708,0.059292,0.024082,0.014028,0.0024404
0.056575,0.16391,0.33744,0.25508,0.11064,0.065811,0.0014366,0.0091148,0.23939,0.34355,0.20957,0.1037,0.067488,0.014508,0.012979,0.0088189
0.049097,0.15662,0.32674,0.27527,0.1158,0.055107,0.0016707,0.019703,0.21582,0.28013,0.23164,0.14243,0.062464,0.022877,0.032305,0.012342
0.053103,0.15918,0.33035,0.26908,0.10276,0.066424,0.004483,0.014635,0.26334,0.24614,0.22876,0.13479,0.065789,0.036896,0.008687,0.015604
0.066913,0.1844,0.2833,0.27034,0.091957,0.083214,0.00058133,0.019295,0.2126,0.21989,0.27591,0.13068,0.093654,0.037021,0.021603,0.0086504
0.060484,0.20799,0.26208,0.27411,0.096958,0.072511,0.0038844,0.021986,0.21857,0.22791,0.28243,0.11559,0.10485,0.02526,0.012027,0.013363
0.075953,0.18414,0.29681,0.25261,0.09991,0.056839,0.0044489,0.029284,0.18741,0.26185,0.27142,0.11643,0.10213,0.032133,0.0065347,0.022104
0.074944,0.16864,0.37215,0.21479,0.088269,0.06328,0.0030934,0.01483,0.19335,0.30482,0.28342,0.096369,0.06206,0.030371,0.001631,0.027983
0.076621,0.14815,0.33799,0.25633,0.07314,0.081995,0.0041451,0.021622,0.16191,0.28805,0.29888,0.098217,0.092187,0.021965,0.023524,0.015268
0.078988,0.13333,0.32506,0.25628,0.072712,0.095849,0.0084299,0.029351,0.16681,0.3438,0.20201,0.13163,0.10964,0.015611,0.014621,0.015876
0.097424,0.13477,0.31425,0.28803,0.069816,0.075078,0.0030875,0.017545,0.18227,0.28508,0.26965,0.16392,0.041424,0.026426,0.0093964,0.021836
0.07313,0.16795,0.33905,0.24666,0.079811,0.073082,0.0068444,0.013474,0.18073,0.28279,0.2667,0.1321,0.078967,0.037472,0.0085182,0.012724
0.0877,0.17201,0.3153,0.25949,0.097569,0.045432,0.0070429,0.015459,0.21606,0.33141,0.20942,0.14494,0.05802,0.030243,0.0050321,0.004872
0.078691,0.13952,0.30214,0.27852,0.13524,0.055381,0.0010639,0.0094445,0.24292,0.31514,0.20059,0.12016,0.074365,0.032117,0.012565,0.0021303
0.050207,0.1529,0.2983,0.2859,0.15098,0.050448,0.0014698,0.0097982,0.16601,0.30479,0.27507,0.11539,0.099708,0.022336,0.006355,0.010344
0.089538,0.15136,0.30152,0.27109,0.13858,0.036134,0.00011559,0.011665,0.21001,0.24496,0.27404,0.14024,0.075651,0.035077,0.010578,0.0094347
0.059863,0.13306,0.32446,0.2906,0.11765,0.047007,0.0086591,0.018704,0.22323,0.35004,0.18452,0.15014,0.05438,0.022954,0.005887,0.0088504
0.063256,0.15572,0.34583,0.26905,0.086297,0.059976,0.0018484,0.018024,0.23367,0.31498,0.23058,0.11239,0.068222,0.020965,0.007842,0.011348
0.080503,0.14021,0.31443,0.27839,0.10227,0.060687,0.0029436,0.020565,0.16207,0.34632,0.24399,0.128,0.081176,0.021419,0.0033554,0.013664
0.124,0.1324,0.30405,0.26731,0.085249,0.065867,0.003012,0.018109,0.19831,0.2996,0.27322,0.13088,0.05799,0.026047,0.0049568,0.0089921
0.093438,0.15864,0.30198,0.25853,0.097283,0.058694,0.00131,0.030127,0.18454,0.28022,0.22637,0.15334,0.080009,0.049787,0.018171,0.0075534
0.07074,0.19611,0.29827,0.2479,0.10615,0.05807,0.0078656,0.014904,0.18134,0.31393,0.26129,0.12683,0.066084,0.043253,0.00284,0.0044327
0.093556,0.18299,0.26619,0.22971,0.13331,0.072693,0.0062239,0.015333,0.17755,0.33208,0.23471,0.12818,0.070941,0.042463,0.0080417,0.0060341
0.056387,0.15995,0.27016,0.27492,0.16151,0.06338,0.0023945,0.0113,0.15879,0.29905,0.22923,0.15169,0.088997,0.0615,0.0060037,0.0047352
0.055124,0.1451,0.29872,0.28893,0.12823,0.072682,0.0027266,0.0084868,0.2113,0.28551,0.20724,0.13671,0.11244,0.025478,0.0034,0.017925
0.059217,0.14413,0.28683,0.3203,0.092418,0.081502,0.0015166,0.01409,0.21049,0.27442,0.22763,0.15109,0.074447,0.036033,0.0096895,0.016197
0.075032,0.14919,0.33284,0.28301,0.077062,0.064514,0.0069552,0.011399,0.26298,0.22759,0.2725,0.12264,0.068391,0.035065,0.0064373,0.0043988
0.070505,0.15581,0.32453,0.31012,0.058491,0.064871,0.00026161,0.015412,0.19056,0.27196,0.26377,0.17486,0.060561,0.028879,0.0028295,0.006588
0.065355,0.18336,0.27746,0.32216,0.082169,0.049744,0.00070142,0.019057,0.21393,0.27342,0.2462,0.15863,0.057047,0.042748,0.0056384,0.0023843
0.074574,0.15173,0.33538,0.25287,0.11078,0.058645,0.0012191,0.014807,0.18013,0.30552,0.26026,0.16625,0.062425,0.019071,0.00031453,0.006021
0.077979,0.14538,0.30404,0.28,0.11091,0.058499,0.00062451,0.022562,0.23122,0.28609,0.23205,0.15564,0.066629,0.026157,0.00018679,0.0020171
0.07536,0.21241,0.26739,0.26414,0.10753,0.055436,0.00087385,0.016862,0.25681,0.23575,0.25522,0.14056,0.075256,0.03473,0.00017664,0.00149
0.086977,0.14832,0.27625,0.29432,0.12442,0.057427,0.0001405,0.012151,0.23946,0.27917,0.22185,0.10241,0.093792,0.047584,0.0066004,0.0091298
0.06412,0.17965,0.31331,0.25324,0.095233,0.066007,0.00095167,0.027484,0.23894,0.31731,0.21514,0.1184,0.067013,0.033403,5.7774e-005,0.0097368
0.065156,0.15167,0.37094,0.23393,0.093212,0.06689,0.00018542,0.01801,0.23223,0.26765,0.27507,0.1338,0.072707,0.014796,0.0014314,0.0023194
0.071199,0.14572,0.32794,0.25392,0.11595,0.068727,0.0035361,0.013008,0.20276,0.24916,0.31226,0.15022,0.061696,0.019819,0.00042805,0.0036622
0.056243,0.16991,0.28335,0.25664,0.13824,0.062714,0.0055323,0.027372,0.16616,0.32929,0.24256,0.15341,0.071782,0.034004,0.00039447,0.0023931
0.067147,0.11444,0.36418,0.24087,0.13112,0.051326,0.0079151,0.023001,0.2114,0.32737,0.19644,0.1253,0.093714,0.03195,0.00023932,0.013577
0.061531,0.12951,0.33884,0.25005,0.1219,0.058658,0.0076513,0.031858,0.18751,0.32453,0.2067,0.12879,0.10844,0.036078,7.7018e-005,0.0078673
0.041152,0.16435,0.3058,0.29983,0.093262,0.074291,0.0051866,0.016127,0.22075,0.30865,0.21198,0.16898,0.06699,0.018385,0.0003317,0.0039344
0.06275,0.15718,0.27976,0.28219,0.11019,0.083494,0.00037611,0.024068,0.18384,0.32762,0.28671,0.1294,0.045965,0.016398,0.0019119,0.0081601
0.078263,0.14888,0.26075,0.28276,0.10384,0.10777,6.9711e-005,0.017658,0.23199,0.29148,0.26371,0.10941,0.084245,0.010792,0.0007395,0.0076309
0.090016,0.14647,0.28216,0.31359,0.11639,0.045345,0.00037785,0.0056512,0.1945,0.3232,0.30396,0.12041,0.042933,0.0099394,0.00018056,0.0048809
0.065287,0.14478,0.28074,0.31582,0.11514,0.063138,4.8824e-008,0.015094,0.23666,0.28864,0.23613,0.13632,0.054463,0.045865,0.0013029,0.00061001
0.066879,0.1705,0.25407,0.31821,0.11229,0.058512,0.0015137,0.018023,0.19577,0.29142,0.24599,0.1473,0.078291,0.040325,1.2819e-006,0.00089719
0.095177,0.20506,0.25954,0.29755,0.086729,0.047818,4.2328e-009,0.0081195,0.1769,0.29457,0.26346,0.14872,0.07843,0.021145,0.0051626,0.011617
0.088167,0.20149,0.25776,0.27666,0.11638,0.044356,0.0029118,0.012284,0.20377,0.28263,0.28789,0.11978,0.062938,0.034434,0.0021545,0.0064071
0.080076,0.16782,0.32674,0.30236,0.070218,0.030818,0.0093302,0.012632,0.20198,0.29779,0.23918,0.12501,0.10464,0.022767,0.0040809,0.0045549
0.068554,0.18766,0.32045,0.2855,0.08526,0.03683,7.3878e-005,0.015668,0.20539,0.29394,0.24964,0.11573,0.092891,0.019342,0.013463,0.0096095
0.065482,0.16677,0.3001,0.27542,0.1304,0.044317,0.0013017,0.016217,0.21649,0.28661,0.28493,0.10748,0.076086,0.010661,0.0092854,0.0084605
0.067772,0.15948,0.33793,0.26758,0.10726,0.053621,0.0025811,0.0037848,0.17991,0.31412,0.29916,0.10585,0.078481,0.014533,0.002261,0.0056898
0.079911,0.18354,0.22417,0.30985,0.11171,0.067228,0.0035319,0.020055,0.19816,0.39473,0.20981,0.093461,0.073031,0.01811,0.0041106,0.0085822
0.098749,0.17032,0.28151,0.27562,0.094464,0.061729,0.0022653,0.015337,0.22704,0.32575,0.26496,0.095742,0.063052,0.014127,0.0001977,0.0091403
0.060455,0.18352,0.27879,0.28996,0.11488,0.051366,0.001221,0.019808,0.22311,0.34153,0.24843,0.088796,0.053289,0.032451,0.0024561,0.0099268
0.078577,0.20195,0.25228,0.25484,0.10175,0.091434,0.00073996,0.018417,0.19242,0.33,0.26718,0.087372,0.08468,0.018017,0.003974,0.016359
0.057985,0.2024,0.27527,0.30249,0.087841,0.058657,0.0080554,0.007308,0.25224,0.24171,0.29821,0.11235,0.072354,0.01228,0.0070031,0.0038451
0.070765,0.14156,0.30003,0.28186,0.12563,0.060268,0.0029325,0.016951,0.26651,0.283,0.24001,0.1138,0.069813,0.013701,0.0059742,0.0071934
0.060913,0.1262,0.29307,0.35608,0.085819,0.05522,0.0046074,0.01809,0.17803,0.30582,0.26398,0.12937,0.078192,0.035249,0.00012068,0.0092342
0.07377,0.18225,0.28788,0.28974,0.1061,0.041651,0.0039201,0.014681,0.18991,0.27004,0.29538,0.13341,0.050147,0.02586,0.00074712,0.034496
0.073924,0.14655,0.27458,0.29037,0.12159,0.063977,0.00094051,0.028072,0.19069,0.28075,0.28445,0.14092,0.068117,0.019943,0.00078796,0.014343
0.071953,0.10448,0.30659,0.3298,0.096497,0.075138,0.00077669,0.014765,0.21905,0.30673,0.23327,0.13182,0.069348,0.031443,0.00015865,0.0081878
0.072489,0.1638,0.29479,0.28374,0.11863,0.05034,0.0014129,0.014798,0.17111,0.28026,0.27313,0.18615,0.067112,0.016367,4.4511e-005,0.0058296
0.068691,0.17708,0.29631,0.28809,0.078647,0.062658,0.00607,0.022449,0.16847,0.28665,0.32225,0.14321,0.06042,0.017082,0.00026643,0.0016597
0.082901,0.1383,0.31484,0.31904,0.068308,0.044348,0.00068382,0.031574,0.17332,0.32741,0.24486,0.18364,0.057617,0.011265,1.3733e-005,0.0018751
0.094518,0.15079,0.30455,0.29019,0.074805,0.059047,0.0014794,0.024621,0.22361,0.25653,0.30817,0.1066,0.063258,0.036978,1.4014e-005,0.0048358
0.10557,0.14984,0.26187,0.29882,0.10903,0.040472,0.00085126,0.03355,0.238,0.29107,0.20925,0.13144,0.094927,0.02413,0.0014563,0.0097326
0.082475,0.15512,0.27028,0.30262,0.12326,0.03476,0.0037264,0.027756,0.18167,0.33828,0.21808,0.11187,0.096818,0.033464,0.011232,0.0085859
0.079796,0.16233,0.27546,0.3006,0.10213,0.057825,7.1365e-005,0.021783,0.1987,0.32173,0.27098,0.12417,0.042912,0.03066,0.0024148,0.0084408
0.067047,0.19922,0.29657,0.26249,0.091199,0.059207,0.0067735,0.017503,0.22288,0.32561,0.23298,0.13845,0.050123,0.028023,0.00022058,0.0017023
0.054754,0.16243,0.32771,0.2709,0.093413,0.066336,0.0016578,0.022799,0.21452,0.32477,0.21645,0.16567,0.04294,0.031433,0.0023656,0.0018531
0.057277,0.20067,0.27895,0.27759,0.10313,0.059865,0.0068817,0.015629,0.23476,0.29968,0.21925,0.14661,0.081518,0.010343,0.0017289,0.006111
0.076841,0.16222,0.29166,0.28321,0.10724,0.043036,0.0016217,0.034173,0.22865,0.2513,0.2273,0.16658,0.091653,0.018857,0.0023289,0.01332
0.070346,0.17014,0.31547,0.28927,0.067362,0.066449,8.4609e-005,0.020886,0.18755,0.27357,0.27819,0.13594,0.077113,0.019822,0.0033108,0.024512
0.040816,0.18297,0.30042,0.305,0.08369,0.071696,0.0038091,0.011598,0.18882,0.30847,0.27574,0.10721,0.071745,0.023601,3.4102e-005,0.024384
0.051811,0.17732,0.32812,0.26948,0.11738,0.045256,0.00011046,0.010529,0.202,0.33835,0.25099,0.10689,0.061768,0.020645,0.00080306,0.018551
0.10039,0.17079,0.2938,0.25177,0.091943,0.073207,3.7146e-005,0.018049,0.21829,0.28207,0.28544,0.10461,0.069188,0.021735,0.00054924,0.018124
0.078726,0.1603,0.31875,0.26447,0.099564,0.069895,0.00055171,0.0077337,0.18893,0.25167,0.32416,0.1455,0.05481,0.029634,0.0046165,0.00067994
0.12702,0.15403,0.28699,0.23738,0.12302,0.064157,4.9796e-005,0.0073512,0.21363,0.29007,0.22948,0.16805,0.062614,0.031427,0.00010371,0.0046276
0.089978,0.16508,0.23085,0.30271,0.10535,0.076632,0.0002688,0.029133,0.23654,0.31384,0.27271,0.10367,0.051226,0.020433,0.0010587,0.00052486
0.067137,0.13647,0.27333,0.32372,0.10923,0.07078,0.0010469,0.018283,0.17926,0.30712,0.28555,0.16042,0.028845,0.035767,1.0571e-006,0.0030379
0.075183,0.17329,0.28552,0.29561,0.091327,0.063121,0.0021912,0.01376,0.19657,0.30637,0.25094,0.14231,0.066262,0.034111,1.1135e-005,0.0034307
0.071127,0.16371,0.30061,0.25665,0.10359,0.08196,0.0040384,0.018302,0.20687,0.29067,0.25621,0.15058,0.078277,0.010996,0.0036229,0.0027678
0.086615,0.1632,0.31164,0.27835,0.092361,0.0564,0.0035552,0.0078737,0.26544,0.261,0.26863,0.1135,0.055511,0.017986,3.9145e-008,0.017935
0.089005,0.18521,0.2688,0.31336,0.082241,0.046371,0.0031017,0.01191,0.20601,0.33894,0.24835,0.10336,0.085421,0.014738,0.0018525,0.0013291
0.077422,0.13983,0.30916,0.2906,0.11034,0.047299,0.00073437,0.024616,0.17656,0.32906,0.26663,0.10973,0.060849,0.044355,0.010474,0.0023454
0.063717,0.19589,0.28026,0.2825,0.1143,0.04611,0.0016723,0.015546,0.18592,0.33899,0.2409,0.098575,0.06638,0.054634,0.0075865,0.0070156
0.072558,0.1986,0.27889,0.29332,0.11533,0.030905,0.0037236,0.0066652,0.16388,0.31774,0.2754,0.13971,0.047341,0.048449,0.0067965,0.00067628
0.056916,0.19582,0.28015,0.29622,0.10295,0.054167,0.0024819,0.011282,0.23234,0.30277,0.2551,0.12803,0.044699,0.033361,0.0025313,0.0011847
0.071443,0.1785,0.29757,0.2247,0.11669,0.09467,0.0015748,0.014857,0.20681,0.29145,0.26442,0.13515,0.049789,0.044594,0.0024054,0.005379
0.091659,0.17117,0.26886,0.26235,0.11167,0.071261,0.0048597,0.018169,0.18931,0.34176,0.21863,0.16069,0.071568,0.015694,0.00034708,0.0019991
0.069179,0.15171,0.30378,0.28662,0.09945,0.058195,0.002871,0.028191,0.20497,0.34598,0.23591,0.15145,0.044531,0.015701,0.00016462,0.0012884
0.067497,0.17184,0.28316,0.28717,0.10147,0.064368,0.006863,0.017629,0.22474,0.3223,0.22337,0.11582,0.063094,0.034114,0.0024018,0.014149
0.10202,0.16091,0.26274,0.27998,0.11178,0.067684,0.00053157,0.014344,0.18618,0.32488,0.24996,0.13592,0.053477,0.036106,0.00027334,0.013197
0.074612,0.16809,0.27922,0.26155,0.12591,0.075704,0.0038377,0.011075,0.24474,0.27727,0.24119,0.12796,0.067141,0.025522,1.4484e-005,0.016169
0.063357,0.17925,0.25429,0.27505,0.13712,0.075742,0.0016271,0.013564,0.24236,0.27219,0.27771,0.1369,0.059626,0.008955,8.8297e-005,0.0021777
0.070101,0.18991,0.31521,0.22621,0.10441,0.077303,0.00086156,0.01599,0.22206,0.28827,0.23669,0.13115,0.10105,0.01853,0.00055182,0.0016956
0.089489,0.15524,0.26335,0.25139,0.1468,0.064539,0.0059243,0.023264,0.20472,0.28273,0.27503,0.13011,0.070274,0.033241,0.0019182,0.0019767
0.075218,0.16042,0.30937,0.25264,0.11851,0.061235,0.0010018,0.02161,0.21351,0.31954,0.24827,0.12132,0.071771,0.021598,0.0018911,0.0021105
0.088674,0.14197,0.33149,0.26027,0.10531,0.039909,0.00010997,0.032265,0.18415,0.29862,0.25867,0.11483,0.078409,0.055308,0.00019108,0.0098252
0.1014,0.14278,0.33412,0.24775,0.11862,0.03477,0.0017189,0.018836,0.1525,0.35177,0.23825,0.10918,0.090419,0.049515,0.001876,0.0064836
0.0761,0.11683,0.28992,0.32717,0.13055,0.047143,0.007805,0.0044918,0.18362,0.30074,0.23667,0.16871,0.07763,0.023285,0.0021181,0.0072362
0.10524,0.15198,0.31743,0.23361,0.12187,0.058678,0.0028512,0.0083324,0.2019,0.29189,0.24066,0.1702,0.062665,0.021506,0.00045524,0.010721
0.093154,0.15868,0.28929,0.27384,0.10736,0.062696,0.0025024,0.012485,0.22343,0.31813,0.21785,0.14813,0.07097,0.0094917,0.00079051,0.011206
0.12724,0.15257,0.30234,0.22412,0.11534,0.060082,0.0015097,0.016799,0.20866,0.34265,0.22056,0.1068,0.098222,0.01473,0.0025085,0.005863
0.089222,0.18939,0.2883,0.24578,0.13447,0.03691,0.0016553,0.014267,0.26459,0.37467,0.21725,0.065051,0.067461,0.0054416,0.00049662,0.0050375
0.088102,0.18636,0.29096,0.23777,0.10435,0.055863,0.00065537,0.035939,0.21936,0.39289,0.23347,0.067094,0.069446,0.010693,0.0024704,0.0045695
0.078311,0.17217,0.28935,0.26875,0.11168,0.072251,0.0014074,0.0060824,0.24226,0.31128,0.2493,0.099772,0.065989,0.025632,0.0047612,0.0010097
0.060214,0.14811,0.30631,0.30658,0.11276,0.049514,0.0023429,0.014173,0.22977,0.32988,0.25801,0.10515,0.054368,0.019571,5.5824e-008,0.0032527
0.068092,0.15209,0.31921,0.29718,0.090963,0.045343,0.0055142,0.021615,0.24051,0.30501,0.22236,0.12022,0.061059,0.038471,8.0132e-005,0.012276
0.079897,0.14265,0.31692,0.25566,0.1106,0.066044,0.0075376,0.020693,0.22645,0.29658,0.26137,0.11167,0.084953,0.016986,2.05e-005,0.0019728
0.06794,0.16055,0.34331,0.26,0.080143,0.057684,0.0042395,0.026126,0.222,0.35994,0.24351,0.1055,0.047493,0.016741,0.0014293,0.0033899
0.079868,0.16853,0.29191,0.27547,0.088233,0.079991,0.0024689,0.013534,0.19299,0.32039,0.2595,0.1414,0.045698,0.028043,0.006388,0.0055968
0.048068,0.133,0.28825,0.3255,0.13288,0.062739,3.6548e-005,0.0095303,0.25484,0.2732,0.24407,0.10934,0.09452,0.019264,0.00029862,0.0044658
0.06921,0.173,0.3411,0.26538,0.090212,0.043884,1.9741e-007,0.017214,0.2492,0.27233,0.24778,0.13843,0.047684,0.036919,0.0011824,0.0064834
0.087459,0.16451,0.33704,0.25922,0.077082,0.049392,0.0071209,0.018185,0.2635,0.27474,0.19273,0.17005,0.060394,0.026358,0.00050544,0.011714
0.07734,0.13662,0.31213,0.31569,0.093642,0.052018,0.004043,0.0085193,0.2289,0.28353,0.23629,0.15229,0.064662,0.018192,0.00042436,0.015709
0.04325,0.18946,0.30261,0.29366,0.11472,0.039085,0.0067482,0.010476,0.26297,0.25059,0.26688,0.085948,0.099011,0.020772,0.0067508,0.0070776
0.060442,0.15668,0.34743,0.27661,0.12611,0.019133,0.0073335,0.0062636,0.25753,0.25588,0.26261,0.12633,0.06643,0.024077,0.00066268,0.0064798
0.071169,0.16411,0.29479,0.31295,0.092372,0.032623,0.0048808,0.027102,0.22797,0.26862,0.25253,0.1601,0.064103,0.015464,0.0003595,0.010859
0.062214,0.15903,0.33151,0.30927,0.10017,0.016963,0.0027007,0.018136,0.23642,0.30346,0.30555,0.092042,0.04603,0.0075825,0.0069394,0.0019785
0.064038,0.1871,0.26129,0.30533,0.13452,0.029052,0.0016723,0.017003,0.1888,0.36096,0.19373,0.14953,0.062695,0.0216,0.0066433,0.016041
0.074109,0.17707,0.2916,0.31263,0.084709,0.035086,0.0095785,0.015222,0.25957,0.3018,0.21218,0.1107,0.091862,0.014105,0.0018227,0.0079507
0.065361,0.15105,0.30933,0.34606,0.084329,0.023449,0.0024975,0.017915,0.2468,0.31852,0.21318,0.13422,0.063638,0.013545,0.0046468,0.0054417
0.063957,0.12896,0.3088,0.357,0.11762,0.010914,0.0015277,0.011226,0.268,0.27996,0.2516,0.11804,0.048708,0.028779,0.0021493,0.0027685
0.099751,0.15311,0.31066,0.26193,0.11662,0.023484,0.0034569,0.030983,0.20924,0.28958,0.2664,0.12267,0.060288,0.042017,0.0021288,0.0076754
0.067895,0.17866,0.30052,0.25793,0.12875,0.045543,0.004063,0.01665,0.26622,0.27379,0.22115,0.09936,0.085357,0.049576,0.0011287,0.0034196
0.035826,0.17658,0.27282,0.32028,0.12698,0.046191,0.00097554,0.02035,0.24557,0.28311,0.20682,0.17368,0.059191,0.025281,0.00070184,0.0056537
0.055045,0.16134,0.3393,0.28064,0.10884,0.038311,0.00037783,0.016147,0.21236,0.29357,0.28204,0.12194,0.05424,0.034087,0.0014474,0.00031827
0.092915,0.12496,0.32515,0.30727,0.10504,0.028672,0.0012641,0.014727,0.21129,0.34248,0.23713,0.1369,0.050995,0.012245,0.00233,0.0066227
0.087028,0.1545,0.30675,0.31435,0.097389,0.026068,4.6116e-005,0.013857,0.18424,0.30757,0.29498,0.1202,0.05416,0.03674,1.5304e-005,0.0021061
0.075732,0.11124,0.36871,0.31829,0.07691,0.034883,0.0012929,0.012944,0.19311,0.28661,0.27777,0.13375,0.069191,0.026073,0.00011207,0.013376
0.059386,0.13568,0.35966,0.30208,0.10243,0.030267,0.0026635,0.0078449,0.23141,0.28007,0.23588,0.12191,0.091577,0.028391,0.00085579,0.0099007
0.068252,0.12245,0.30053,0.33773,0.11849,0.025545,0.0028542,0.02415,0.2224,0.32968,0.21179,0.11716,0.075182,0.033913,0.0047785,0.0051039
0.077645,0.12596,0.29884,0.34905,0.10687,0.032047,0.00059247,0.0089992,0.28255,0.28794,0.21394,0.12527,0.067891,0.020525,0.00017391,0.0017194
0.070558,0.13124,0.30784,0.32747,0.096353,0.04942,0.0042604,0.012852,0.3187,0.2945,0.19029,0.1318,0.035716,0.023479,0.00030606,0.0052118
0.070749,0.11067,0.32131,0.27803,0.12191,0.065643,0.0026262,0.029073,0.2803,0.29314,0.23765,0.099558,0.055712,0.025065,0.0021532,0.0064243
0.07942,0.13296,0.27115,0.2911,0.14202,0.053455,0.0038265,0.026069,0.27828,0.28558,0.21357,0.10733,0.06146,0.044478,0.0026455,0.0066622
0.072597,0.15011,0.33255,0.26516,0.11126,0.042127,0.0052612,0.020942,0.26239,0.29435,0.20034,0.13969,0.060897,0.038739,0.00011928,0.0034595
0.060464,0.15533,0.33594,0.28787,0.083974,0.065821,0.00013604,0.010465,0.21206,0.28761,0.24221,0.14455,0.078857,0.031159,0.00022972,0.0033228
0.07795,0.173,0.31941,0.23815,0.098702,0.079736,0.0016108,0.011445,0.22992,0.29954,0.25509,0.12957,0.053403,0.028379,0.00079868,0.0032944
0.064302,0.12408,0.31952,0.31037,0.10206,0.056315,0.0050585,0.018284,0.25309,0.25579,0.23592,0.094778,0.12312,0.033677,0.00063128,0.0030058
0.057882,0.13734,0.33728,0.26556,0.089399,0.089911,0.0033474,0.019287,0.26364,0.29187,0.25273,0.063087,0.086522,0.039832,1.2732e-005,0.0023086
0.057048,0.14413,0.29886,0.28382,0.11228,0.093151,0.00070145,0.0099985,0.21137,0.27756,0.29905,0.086733,0.098394,0.014,0.0001306,0.012764
0.052046,0.12601,0.28088,0.32437,0.11734,0.077086,0.00019287,0.022076,0.24003,0.25172,0.24401,0.1434,0.084436,0.02845,0.0060313,0.001917
0.056631,0.14758,0.2221,0.35705,0.1268,0.065906,0.0022886,0.021647,0.19923,0.28466,0.27347,0.11579,0.097019,0.023796,0.00050118,0.005529
0.063558,0.14323,0.24926,0.36097,0.12496,0.043752,0.00030699,0.013964,0.25769,0.29679,0.24478,0.088728,0.078365,0.024379,0.00013662,0.0091383
0.1063,0.17139,0.26813,0.32271,0.072977,0.048386,0.0010288,0.0090819,0.20474,0.34498,0.26174,0.10663,0.037918,0.028094,0.0012497,0.014639
0.079614,0.12941,0.32637,0.29809,0.091936,0.049656,0.0027699,0.02215,0.23433,0.31449,0.25852,0.10792,0.047389,0.028128,1.6491e-005,0.0091955
0.081047,0.13006,0.34105,0.27001,0.097089,0.069454,8.7962e-006,0.011285,0.24154,0.33927,0.21019,0.10749,0.064398,0.023146,0.0046633,0.0093045
0.080415,0.1736,0.29165,0.2533,0.12103,0.061533,0.0044882,0.013983,0.25501,0.31842,0.24451,0.10567,0.03022,0.025858,0.019184,0.0011238
0.090273,0.16419,0.31268,0.2478,0.12343,0.047488,0.0046706,0.0094686,0.28314,0.3177,0.18971,0.10798,0.058428,0.038489,0.0030618,0.0014937
0.075799,0.15246,0.36005,0.26434,0.091628,0.044337,0.0006779,0.010702,0.25382,0.27912,0.24946,0.10405,0.081709,0.030722,5.691e-005,0.0010589
0.068203,0.17505,0.32745,0.25058,0.10675,0.043489,0.0058642,0.022614,0.2984,0.2653,0.24241,0.087135,0.084211,0.019515,0.00057632,0.0024567
0.064051,0.15182,0.35399,0.27112,0.093066,0.04725,0.0069285,0.011773,0.22934,0.31719,0.25515,0.096488,0.079824,0.013266,0.00016595,0.0085689
0.063455,0.15689,0.34435,0.25856,0.095259,0.055741,0.0063601,0.019381,0.20928,0.358,0.25577,0.081024,0.061417,0.028212,0.0012084,0.0050879
0.070929,0.16488,0.31628,0.30575,0.096283,0.032406,0.0019021,0.011571,0.18164,0.29574,0.23903,0.11339,0.11963,0.043656,0.00062613,0.0062927
0.084609,0.14385,0.29381,0.30967,0.079894,0.072462,0.0016169,0.014095,0.24325,0.32026,0.22135,0.094869,0.10109,0.011205,0.0041754,0.0038067
0.068517,0.15863,0.28342,0.31905,0.071075,0.088698,0.0014752,0.0091322,0.20467,0.30224,0.29662,0.094263,0.08371,0.010829,0.0024586,0.0052068
0.06568,0.13316,0.2911,0.31392,0.099592,0.074495,0.0019066,0.020145,0.19746,0.3064,0.26444,0.1394,0.059579,0.017823,0.00010435,0.01479
0.055713,0.16556,0.3071,0.25846,0.11483,0.071203,0.0073803,0.019754,0.18751,0.37468,0.26425,0.091106,0.058864,0.0088924,5.0961e-005,0.014646
0.050332,0.14648,0.32511,0.27185,0.095899,0.089692,0.0061914,0.014459,0.21213,0.36766,0.28542,0.081034,0.039283,0.0029374,0.0001425,0.011398
0.041323,0.14695,0.33231,0.33599,0.067299,0.048439,0.0056393,0.022049,0.22368,0.3689,0.2494,0.086476,0.040705,0.0064173,9.8033e-005,0.024335
0.087479,0.17655,0.30952,0.31364,0.062242,0.033734,0.0016903,0.015145,0.21742,0.34364,0.22118,0.10211,0.093818,0.013925,0.0010197,0.006883
0.066153,0.16933,0.28174,0.28325,0.12173,0.045295,0.018357,0.014141,0.18412,0.33616,0.25061,0.10725,0.073266,0.035841,0.0003716,0.012385
0.087026,0.19137,0.22455,0.31981,0.085397,0.072846,0.0061013,0.012897,0.19755,0.30201,0.24489,0.14524,0.068731,0.029077,0.0017466,0.010753
0.065738,0.18939,0.24031,0.30446,0.10107,0.068956,0.007734,0.022341,0.27712,0.34189,0.16982,0.11719,0.07663,0.012613,0.00049349,0.0042437
0.064092,0.16925,0.2833,0.28742,0.083557,0.080783,0.0078125,0.023783,0.20333,0.34371,0.24199,0.11357,0.080994,0.0071662,0.00024896,0.0089831
0.054797,0.1761,0.28782,0.29305,0.10013,0.061177,0.0065488,0.020372,0.25661,0.27635,0.19818,0.14123,0.096815,0.0248,0.00014461,0.0058677
0.050983,0.12341,0.25256,0.36863,0.11094,0.053648,0.0030843,0.036729,0.22744,0.25244,0.20044,0.17185,0.090502,0.034501,9.9163e-006,0.022815
0.056342,0.19917,0.27759,0.27534,0.10162,0.066357,0.0026301,0.020954,0.18726,0.29501,0.23161,0.12474,0.10033,0.032767,0.014757,0.013531
0.051997,0.16239,0.32901,0.26948,0.1249,0.041127,0.00058541,0.020504,0.17367,0.30876,0.23074,0.16629,0.081983,0.036408,3.9963e-006,0.0021405
0.07137,0.17374,0.35532,0.25041,0.091064,0.039988,0.00039685,0.017719,0.23592,0.29828,0.21852,0.13166,0.06094,0.044166,0.0027156,0.0077846
0.075667,0.15775,0.31659,0.27761,0.1021,0.057169,0.00021653,0.012909,0.18301,0.30709,0.24221,0.16371,0.062555,0.035798,9.6202e-005,0.0055368
0.070483,0.17126,0.29034,0.28539,0.12106,0.045269,0.00473,0.011459,0.22101,0.27267,0.22025,0.1402,0.052668,0.074662,5.6112e-005,0.018488
0.070668,0.15191,0.33812,0.24393,0.10829,0.064513,0.0097452,0.012823,0.22893,0.25059,0.20914,0.18523,0.087925,0.033734,0.0034745,0.00097084
0.063517,0.17108,0.32568,0.22264,0.11826,0.082656,0.00081126,0.015361,0.23036,0.26775,0.2545,0.13622,0.075002,0.029718,0.00014743,0.0062966
0.085885,0.17462,0.28043,0.23944,0.14305,0.062977,0.00057242,0.013013,0.23335,0.30223,0.19277,0.13257,0.094484,0.027981,0.00025263,0.016366
0.081961,0.15536,0.31372,0.25042,0.11285,0.064501,0.0033136,0.017864,0.21267,0.32197,0.22251,0.10949,0.083179,0.038241,0.0071074,0.0048364
0.075204,0.16335,0.26855,0.31693,0.11085,0.045732,0.002493,0.0169,0.21066,0.3076,0.24222,0.09792,0.067778,0.044372,0.013919,0.01554
0.074509,0.14651,0.31852,0.26458,0.12817,0.04775,0.00010437,0.01986,0.19809,0.30929,0.28087,0.11444,0.052338,0.036808,0.00056421,0.0076043
0.085744,0.13865,0.29742,0.2972,0.10371,0.059822,0.00019638,0.01726,0.21453,0.31781,0.25915,0.11491,0.052925,0.027171,0.0009696,0.012531
0.065357,0.1516,0.27423,0.29512,0.1209,0.081733,0.0013572,0.0097102,0.1775,0.33355,0.2498,0.12196,0.048817,0.046848,0.0078225,0.013699
0.073427,0.1578,0.32181,0.26297,0.10957,0.067284,0.0014579,0.0056912,0.24769,0.29064,0.21132,0.12572,0.050115,0.061051,0.00084308,0.012622
0.072292,0.15511,0.29949,0.30251,0.08895,0.056923,0.0015318,0.023185,0.2151,0.27105,0.23879,0.13759,0.048375,0.073746,0.004761,0.010594
0.090873,0.13186,0.38842,0.23634,0.088059,0.049785,0.0041355,0.010534,0.22836,0.31588,0.21889,0.11694,0.062771,0.043274,0.0023202,0.011564
0.068173,0.16126,0.25128,0.30034,0.12326,0.064309,0.011872,0.0195,0.16494,0.29804,0.27264,0.1397,0.067396,0.041687,0.007176,0.0084123
0.08293,0.097284,0.23905,0.35201,0.11821,0.074231,0.001647,0.034644,0.1565,0.33423,0.27207,0.13325,0.060253,0.035484,0.0017424,0.0064781
0.070433,0.17035,0.23607,0.30013,0.13173,0.076018,1.2929e-005,0.015246,0.17478,0.29132,0.27742,0.15547,0.065305,0.021627,0.0045572,0.0095272
0.057843,0.18989,0.26481,0.31675,0.11108,0.046726,0.0012135,0.011684,0.17611,0.27017,0.28781,0.14653,0.080385,0.037264,0.00036567,0.001366
0.10132,0.14072,0.27102,0.33902,0.093387,0.046105,8.3661e-006,0.0084171,0.17834,0.23208,0.29217,0.14999,0.085816,0.031915,0.0064891,0.0232
0.10617,0.16172,0.25947,0.31162,0.11053,0.037569,0.00045492,0.012463,0.16798,0.2996,0.31311,0.096626,0.096369,0.020238,0.0017772,0.0043113
0.082619,0.13084,0.30376,0.28579,0.13023,0.038369,0.00036728,0.028025,0.24429,0.29588,0.26143,0.056492,0.088161,0.037961,8.2615e-005,0.015696
0.10162,0.16761,0.24295,0.32756,0.1019,0.04685,0.00041314,0.011087,0.21237,0.2821,0.31368,0.079901,0.066307,0.033756,0.0010321,0.010855
0.10046,0.18473,0.22384,0.31483,0.12151,0.036566,0.00060929,0.017462,0.23638,0.29587,0.28662,0.085633,0.040227,0.027783,0.0093191,0.018173
0.067561,0.12583,0.28553,0.30167,0.13134,0.060357,0.0044035,0.02331,0.25753,0.28018,0.32254,0.062114,0.05597,0.0060404,0.0019869,0.01364
0.09158,0.098586,0.27773,0.3308,0.1325,0.041757,0.0013638,0.025679,0.24718,0.26477,0.30722,0.096456,0.056619,0.020777,0.00091621,0.0060597
0.092298,0.14375,0.31749,0.27138,0.093142,0.060535,0.00064895,0.020752,0.25486,0.29025,0.24173,0.11182,0.064727,0.028446,0.00038401,0.007787
0.064822,0.16063,0.29949,0.28079,0.1053,0.059497,0.00092622,0.028548,0.25599,0.30762,0.25671,0.07573,0.055511,0.02915,0.00022329,0.019062
0.078198,0.13109,0.30051,0.29044,0.12641,0.051572,0.0023325,0.019449,0.30205,0.29889,0.20622,0.082909,0.082973,0.012478,0.0015617,0.012924
0.091705,0.16173,0.28987,0.28105,0.1079,0.049651,0.00018948,0.017904,0.23697,0.28055,0.28533,0.10659,0.058862,0.026762,0.00033921,0.0045902
0.081233,0.12811,0.29429,0.3087,0.10478,0.058439,3.714e-005,0.024409,0.22435,0.29076,0.28662,0.11333,0.063216,0.015887,0.00065919,0.0051679
0.067948,0.11583,0.30249,0.27485,0.12771,0.095309,1.6714e-007,0.015866,0.19955,0.29954,0.23894,0.10972,0.1189,0.017392,0.0016711,0.014274
0.089964,0.15832,0.29391,0.24489,0.13531,0.064385,0.00021962,0.012995,0.26492,0.25042,0.28166,0.091899,0.090415,0.012424,0.0018352,0.0064229
0.065647,0.15555,0.31121,0.25384,0.14894,0.047471,4.2858e-005,0.017296,0.15357,0.28202,0.34172,0.093758,0.086917,0.017588,0.00069738,0.023739
0.074098,0.20148,0.26189,0.29737,0.094402,0.056723,0.00088725,0.013144,0.20133,0.25377,0.3106,0.10815,0.095802,0.019385,0.00094506,0.010022
0.06865,0.14957,0.30959,0.28546,0.11277,0.058777,0.0016351,0.013541,0.20184,0.2759,0.23859,0.1458,0.10984,0.024148,0.002026,0.001853
0.07476,0.16899,0.26751,0.30402,0.10205,0.059571,0.0048791,0.018219,0.20194,0.30242,0.26398,0.12627,0.064996,0.028006,0.0078978,0.0044997
0.053907,0.18672,0.32997,0.25353,0.10207,0.057079,0.0069207,0.0097965,0.19477,0.29865,0.26641,0.13688,0.077796,0.019629,0.0014499,0.0044099
0.08882,0.11927,0.3036,0.24343,0.11483,0.091724,0.0062008,0.032123,0.12162,0.33936,0.25172,0.14995,0.10015,0.021346,0.001631,0.014211
0.092464,0.15308,0.30687,0.27105,0.085307,0.071603,0.0027761,0.016863,0.14347,0.30625,0.29432,0.12379,0.091059,0.033774,0.0028957,0.0044274
0.089369,0.16188,0.29921,0.29826,0.084409,0.044867,0.0013102,0.020702,0.21519,0.27235,0.25256,0.16921,0.061177,0.022261,0.0014493,0.0058013
0.079482,0.15048,0.27089,0.2804,0.15062,0.051963,0.0060209,0.01014,0.27126,0.21861,0.30546,0.10487,0.062671,0.02765,0.0018557,0.0076228
0.077418,0.18303,0.24615,0.28671,0.12509,0.054273,0.0059286,0.021392,0.22786,0.28971,0.27381,0.092043,0.067591,0.042063,0.00057217,0.006346
0.081738,0.16387,0.31415,0.25932,0.10825,0.056783,0.00064625,0.015243,0.26703,0.31749,0.24443,0.057182,0.063696,0.027699,0.0017278,0.020747
0.093056,0.15821,0.29284,0.25813,0.11134,0.070359,0.0017158,0.014345,0.26491,0.32564,0.23464,0.078556,0.0702,0.018721,0.00023814,0.0071018
0.086934,0.16619,0.26166,0.29155,0.11447,0.070629,0.00020627,0.0083525,0.22573,0.32766,0.23687,0.11655,0.068042,0.018538,0.0013913,0.0052192
0.089348,0.15614,0.26009,0.32674,0.111,0.045324,0.0011798,0.01017,0.23488,0.30839,0.22311,0.10546,0.097274,0.026542,0.0033187,0.001027
0.11119,0.13619,0.28161,0.30073,0.097173,0.064083,0.0010639,0.0079571,0.22176,0.32713,0.2121,0.072277,0.10834,0.036779,0.0091938,0.012418
0.070142,0.12894,0.2785,0.35913,0.12077,0.027396,0.0025196,0.012599,0.23481,0.3307,0.23726,0.084058,0.075829,0.031304,0.0021555,0.0038796
0.069946,0.16783,0.29591,0.30206,0.099853,0.054821,0.0031089,0.00647,0.26867,0.28875,0.24852,0.088522,0.059908,0.0277,0.0031048,0.014825
0.082335,0.16829,0.29147,0.28378,0.087497,0.075828,0.0018983,0.008897,0.29866,0.31834,0.22838,0.061849,0.053546,0.03044,0.0012479,0.0075392
0.066439,0.14614,0.34982,0.25476,0.10472,0.062203,5.8064e-006,0.015908,0.24364,0.37954,0.20896,0.06252,0.050455,0.045099,0.00053409,0.0092604
0.068307,0.1513,0.29778,0.27569,0.14044,0.047562,0.0023248,0.016596,0.23555,0.33054,0.23219,0.10121,0.047303,0.049318,0.00020599,0.003682
0.078693,0.19246,0.27793,0.25492,0.11429,0.054736,0.001231,0.025738,0.19036,0.3126,0.23048,0.11144,0.10902,0.038835,0.0016359,0.0056392
0.090934,0.18139,0.29099,0.25331,0.085719,0.07749,0.0032738,0.016898,0.25295,0.31464,0.24532,0.11006,0.052937,0.015399,0.00015311,0.008547
0.095991,0.16626,0.33065,0.22328,0.11061,0.053436,0.0013112,0.018473,0.17754,0.28411,0.24441,0.15387,0.08172,0.048447,0.0026351,0.0072651
0.093168,0.12264,0.38053,0.23667,0.090787,0.055749,0.00099079,0.019465,0.1939,0.32666,0.22243,0.089912,0.096725,0.05725,0.0033214,0.0097976
0.088465,0.11399,0.36997,0.26327,0.09248,0.05409,3.2752e-005,0.017706,0.22318,0.30062,0.26413,0.08494,0.079912,0.037593,0.00015686,0.0094709
0.067374,0.13345,0.29259,0.32236,0.089889,0.06324,0.00073937,0.030356,0.24339,0.31559,0.20542,0.13543,0.06451,0.026235,8.1714e-005,0.0093368
0.070808,0.1478,0.32956,0.2796,0.12772,0.031943,5.7857e-006,0.012564,0.26829,0.27326,0.20602,0.12747,0.087572,0.030937,1.3737e-005,0.0064267
0.10127,0.13618,0.28257,0.27544,0.13895,0.047235,0.0017895,0.016565,0.22027,0.29761,0.26506,0.12916,0.065373,0.015594,2.4605e-006,0.0069274
0.093226,0.10915,0.27966,0.32262,0.11262,0.060099,3.6546e-007,0.022621,0.23065,0.32318,0.21845,0.10252,0.073924,0.039349,0.005254,0.0066835
0.075913,0.15738,0.30181,0.26382,0.10608,0.070852,8.9675e-005,0.024057,0.19884,0.3503,0.19629,0.13134,0.08488,0.025586,0.00010947,0.01265
0.098856,0.13834,0.29906,0.28622,0.12507,0.039443,0.00022383,0.012788,0.21215,0.32956,0.20985,0.11711,0.089134,0.036732,0.00021485,0.0052445
0.090427,0.17206,0.32319,0.23984,0.10391,0.054308,0.00022074,0.016046,0.24622,0.35065,0.19241,0.099892,0.089318,0.0068004,4.2509e-006,0.014704
0.06815,0.15651,0.29046,0.25489,0.12854,0.065593,0.00021116,0.035651,0.25885,0.35932,0.2129,0.075406,0.077595,0.0044275,7.9553e-006,0.011499
0.080938,0.16927,0.30717,0.26541,0.12175,0.037719,3.2424e-005,0.017717,0.212,0.36184,0.26966,0.060722,0.066538,0.016272,0.0021975,0.01077
0.067143,0.17548,0.31818,0.27139,0.082689,0.070959,0.001819,0.012334,0.16534,0.39331,0.2947,0.074622,0.037267,0.030631,0.00060849,0.003526
0.064976,0.14721,0.29879,0.31114,0.071502,0.080276,0.003088,0.02302,0.17413,0.31178,0.33706,0.096453,0.050717,0.018027,2.9338e-005,0.011798
0.076171,0.15639,0.26998,0.31928,0.098791,0.065159,0.0019405,0.01229,0.2413,0.31094,0.25577,0.095304,0.070815,0.023459,5.7322e-005,0.002357
0.097292,0.15757,0.25588,0.30792,0.11621,0.034741,0.0050883,0.025307,0.22368,0.31498,0.23584,0.11881,0.068199,0.034326,0.00072121,0.0034493
0.084289,0.14234,0.34288,0.24551,0.10475,0.059844,0.0013515,0.019037,0.18467,0.34472,0.24287,0.10318,0.084532,0.021285,0.0051771,0.013575
0.096494,0.15783,0.28527,0.28766,0.10382,0.047976,0.007745,0.013208,0.22283,0.30113,0.25583,0.10446,0.082217,0.026228,0.0019588,0.005353
0.088731,0.11802,0.29008,0.29144,0.12161,0.067357,0.0041886,0.018572,0.20279,0.24874,0.29656,0.1296,0.083724,0.034154,1.4586e-006,0.0044278
0.10665,0.15189,0.27224,0.25609,0.13182,0.070868,0.0025443,0.0079041,0.21571,0.25174,0.32768,0.10786,0.05725,0.030583,0.00024128,0.0089393
0.058739,0.17762,0.24702,0.30073,0.12189,0.06274,0.0025632,0.028701,0.30079,0.33195,0.20276,0.074824,0.045206,0.038461,2.7519e-007,0.0060075
0.046914,0.14576,0.32259,0.26761,0.10618,0.066396,0.0045162,0.040037,0.21659,0.35545,0.24836,0.073209,0.067681,0.033445,0.00027447,0.0049964
0.062244,0.12611,0.2669,0.35488,0.10235,0.048336,0.0080677,0.03111,0.30883,0.32306,0.21229,0.070925,0.062147,0.010565,0.00020007,0.011983
0.080339,0.11152,0.23987,0.34136,0.12289,0.077447,0.0025375,0.024029,0.26886,0.26918,0.20694,0.13109,0.080484,0.033258,9.5676e-005,0.010094
0.087537,0.11396,0.26406,0.37055,0.088076,0.049904,0.0013703,0.024541,0.24449,0.32253,0.23024,0.095136,0.088401,0.011824,0.00021943,0.0071666
0.10974,0.13246,0.29757,0.2991,0.1016,0.049031,0.00060504,0.0098922,0.26714,0.32095,0.22599,0.062604,0.08754,0.032519,0.00019496,0.0030695
0.12047,0.13495,0.21245,0.32672,0.13515,0.043586,0.0003739,0.026291,0.26038,0.28776,0.26468,0.086576,0.064359,0.027835,0.004907,0.0035085
0.076082,0.13553,0.27851,0.29256,0.12407,0.083737,0.0012256,0.0082758,0.26852,0.3314,0.23032,0.075555,0.063889,0.018318,0.0048729,0.0071163
0.057304,0.17893,0.35151,0.25772,0.093736,0.049383,0.0037104,0.007706,0.21303,0.37541,0.22612,0.080051,0.064242,0.028727,0.0064704,0.0059412
0.069966,0.19923,0.27527,0.26884,0.1085,0.052546,0.00019857,0.02545,0.21979,0.34653,0.24768,0.10256,0.051578,0.01735,0.0049245,0.0095856
0.072926,0.19881,0.31435,0.25889,0.091689,0.054377,5.5355e-006,0.0089459,0.24417,0.33562,0.21813,0.099293,0.054999,0.040303,7.7823e-006,0.0074799
0.050395,0.21503,0.29989,0.28363,0.10083,0.032133,0.00050702,0.017586,0.19412,0.37765,0.20407,0.10519,0.087839,0.029781,0.00028235,0.0010799
0.06124,0.19429,0.26624,0.29307,0.11858,0.045698,0.00025435,0.020619,0.27052,0.35624,0.19786,0.075924,0.067511,0.022906,0.0019008,0.007133
0.069812,0.1808,0.27266,0.28627,0.1288,0.03853,2.0357e-005,0.023109,0.31694,0.28961,0.21339,0.092836,0.039599,0.026682,0.013585,0.0073564
0.058451,0.16345,0.28723,0.32977,0.1165,0.027674,0.00034749,0.01657,0.28627,0.25389,0.26452,0.091203,0.058144,0.039729,0.0017277,0.0045132
0.064,0.20079,0.28714,0.26781,0.12395,0.033417,0.0010227,0.02187,0.2749,0.29103,0.24038,0.093267,0.080018,0.016005,0.0010252,0.0033765
0.09702,0.13904,0.29676,0.30553,0.10972,0.035873,0.0033353,0.012721,0.24684,0.25872,0.28406,0.11898,0.064663,0.023378,4.938e-005,0.0033204
0.07465,0.13337,0.31429,0.31147,0.1076,0.039747,0.0034975,0.015369,0.25341,0.30775,0.24623,0.11988,0.057585,0.011106,0.00021783,0.0038211
0.078977,0.13952,0.27879,0.33231,0.089291,0.050703,0.00087042,0.029541,0.24104,0.36221,0.21727,0.12818,0.034378,0.010859,0.00098804,0.0050796
0.067726,0.13544,0.30245,0.2981,0.10048,0.081416,0.0025315,0.011852,0.25983,0.33204,0.22794,0.12741,0.026883,0.014618,3.8431e-005,0.011239
0.074593,0.14782,0.27636,0.30664,0.1146,0.061257,0.0035485,0.015183,0.2389,0.31283,0.19958,0.16727,0.04071,0.033882,0.00046516,0.0063653
0.093508,0.20263,0.24386,0.28016,0.10505,0.061788,0.0022814,0.010733,0.23042,0.30665,0.26613,0.11166,0.054489,0.030106,1.3337e-005,0.00054123
0.060868,0.18996,0.28052,0.27303,0.10145,0.075098,0.0022441,0.016833,0.25469,0.3071,0.23098,0.10415,0.055095,0.044939,0.00019705,0.0028526
0.050731,0.21757,0.24204,0.29327,0.10188,0.071237,0.011383,0.011886,0.1991,0.25157,0.31195,0.13498,0.063659,0.031857,3.608e-006,0.0068771
0.061528,0.22605,0.25797,0.29436,0.069247,0.068778,0.0052853,0.016782,0.18616,0.28541,0.25841,0.15703,0.060991,0.032706,5.3438e-005,0.019237
0.059206,0.17688,0.23797,0.30218,0.13084,0.060601,0.0010488,0.031278,0.27256,0.27214,0.23005,0.11255,0.085107,0.024057,0.0033852,0.00014491
0.074508,0.21573,0.29659,0.2473,0.08599,0.052006,5.9027e-006,0.027869,0.24309,0.26449,0.27859,0.13518,0.034788,0.040795,2.4911e-005,0.0030399
0.063906,0.16459,0.30232,0.29661,0.10708,0.046147,0.0011573,0.018188,0.26274,0.24732,0.2272,0.15649,0.071547,0.032364,0.00072706,0.001614
0.05611,0.17098,0.27312,0.31636,0.10394,0.057116,0.0010944,0.021295,0.25182,0.25903,0.2558,0.13959,0.051182,0.042316,3.0623e-013,0.00027653
0.079068,0.13278,0.29427,0.34083,0.10292,0.039262,0.0045939,0.0062725,0.27876,0.27793,0.25161,0.11657,0.055553,0.017471,6.7095e-007,0.0020959
0.098431,0.14745,0.28209,0.29201,0.090384,0.074635,0.0051947,0.0098126,0.24861,0.27651,0.2479,0.12841,0.063705,0.028807,0.0010258,0.0050287
0.086828,0.13323,0.2904,0.29245,0.0833,0.081348,0.0041923,0.028244,0.28041,0.26038,0.23313,0.12463,0.063326,0.036124,1.8533e-005,0.0019868
0.091912,0.13054,0.29562,0.30921,0.10807,0.045629,0.00064985,0.018374,0.31781,0.30521,0.19659,0.085879,0.04779,0.037848,0.0022948,0.0065862
0.083746,0.13409,0.26651,0.33716,0.11657,0.04973,0.00052239,0.01168,0.24129,0.30825,0.24799,0.093891,0.038432,0.060086,0.004091,0.0059652
0.088317,0.13239,0.29777,0.25866,0.13905,0.065672,0.0031166,0.01501,0.29112,0.28195,0.23173,0.12902,0.034316,0.022966,0.0058664,0.0030403
0.068502,0.12657,0.26509,0.33089,0.12139,0.063612,0.002228,0.021715,0.24844,0.28799,0.28143,0.11575,0.026962,0.022249,0.0027014,0.014478
0.069429,0.14219,0.32676,0.28257,0.11296,0.05463,0.0032952,0.0081642,0.19767,0.29062,0.31768,0.1075,0.032916,0.02966,0.0083056,0.015651
0.082019,0.13065,0.32734,0.29906,0.098486,0.049931,0.0010393,0.011478,0.23689,0.25443,0.30455,0.11549,0.059093,0.024449,0.00012027,0.0049729
0.07396,0.13305,0.31298,0.27476,0.12571,0.054504,0.00040082,0.024641,0.27043,0.20864,0.30381,0.11914,0.070137,0.020267,0.0030033,0.0045682
0.089703,0.1294,0.34845,0.26426,0.10842,0.040078,0.0010234,0.018673,0.22605,0.2419,0.27299,0.12034,0.094348,0.030155,0.0038472,0.010381
0.094109,0.12186,0.32509,0.29963,0.076599,0.063783,0.00085924,0.01807,0.23474,0.27488,0.24357,0.15782,0.051054,0.031197,4.9464e-006,0.0067373
0.088685,0.1166,0.30556,0.31652,0.073674,0.082317,0.0016097,0.015031,0.22681,0.26672,0.30416,0.13252,0.046009,0.018987,0.00015333,0.0046348
0.097269,0.14192,0.30526,0.27803,0.086144,0.07463,3.3451e-007,0.016746,0.18867,0.26332,0.3534,0.077644,0.10117,0.013858,9.9981e-007,0.0019365
0.080807,0.18811,0.28721,0.26958,0.09763,0.056957,0.0010001,0.018709,0.20372,0.30081,0.29857,0.10734,0.072779,0.014618,0.00082899,0.001336
0.082678,0.16587,0.23615,0.33942,0.087484,0.072773,0.0020347,0.013588,0.20441,0.27529,0.28085,0.121,0.071416,0.037263,0.0005215,0.0092559
0.098531,0.20248,0.24882,0.30104,0.081445,0.057005,0.0015079,0.0091679,0.24067,0.30898,0.25445,0.082647,0.057789,0.047701,1.2843e-005,0.0077485
0.062853,0.17726,0.30294,0.29559,0.082519,0.057373,0.0005865,0.020883,0.19935,0.31551,0.31448,0.076614,0.067085,0.025745,3.6314e-005,0.0011743
0.078084,0.20382,0.30273,0.25886,0.087455,0.039388,0.0046335,0.025032,0.22628,0.2676,0.28643,0.10814,0.053403,0.034602,0.013862,0.0096788
0.073766,0.19644,0.29916,0.23983,0.11654,0.044906,0.0082051,0.021154,0.18904,0.29185,0.26151,0.15418,0.050185,0.038014,0.0079966,0.007229
0.056025,0.16135,0.29871,0.24614,0.1357,0.074668,0.015028,0.012383,0.17163,0.22649,0.34742,0.14532,0.060787,0.030778,0.010285,0.0072955
0.07369,0.18906,0.29827,0.2601,0.11715,0.036728,0.00043042,0.024569,0.15598,0.3366,0.26622,0.14495,0.048713,0.035607,0.0026236,0.0093172
0.077369,0.17476,0.28459,0.27486,0.10444,0.057647,0.0031364,0.023205,0.15886,0.30113,0.32062,0.14341,0.052824,0.015156,0.0017042,0.0062968
0.053031,0.16277,0.30057,0.31197,0.089864,0.055254,0.0035021,0.023044,0.18584,0.30227,0.28449,0.13702,0.056869,0.0079727,0.001388,0.024155
0.058981,0.15386,0.30573,0.29895,0.096417,0.058762,0.0012657,0.026038,0.22214,0.30558,0.26522,0.10914,0.059292,0.032971,0.0033746,0.0022838
0.053545,0.15431,0.36599,0.27296,0.083503,0.041658,0.0017084,0.026325,0.19337,0.30825,0.21876,0.14085,0.081996,0.039326,0.0002111,0.017242
0.047206,0.14302,0.32851,0.27356,0.12818,0.06432,0.004017,0.011183,0.22303,0.29124,0.23092,0.14561,0.043103,0.051863,0.0031473,0.011093
0.081207,0.11018,0.31516,0.34286,0.09742,0.034717,0.0076416,0.010815,0.17996,0.3265,0.2226,0.13597,0.072258,0.051225,0.0032441,0.0082368
0.094721,0.13462,0.33091,0.28048,0.10575,0.032191,0.0016816,0.019657,0.18618,0.308,0.26176,0.12185,0.059895,0.046498,0.00026816,0.015535
0.068801,0.1637,0.37217,0.26424,0.090236,0.02643,0.002778,0.011646,0.21887,0.2516,0.25775,0.10634,0.095912,0.048358,0.00036723,0.020793
0.061678,0.18225,0.34445,0.23562,0.099586,0.045976,0.00045483,0.029984,0.16954,0.33336,0.24103,0.12175,0.062588,0.050384,0.00085474,0.020492
0.069195,0.18121,0.3254,0.24831,0.10715,0.048118,0.0053501,0.015269,0.18858,0.32249,0.23072,0.15173,0.05394,0.045458,0.0012636,0.0058179
0.085855,0.11195,0.35337,0.25565,0.11639,0.05281,0.0035103,0.020467,0.20217,0.29589,0.23769,0.12462,0.083265,0.047787,0.0019012,0.0066853
0.097646,0.1229,0.30173,0.26168,0.14582,0.038974,0.0031948,0.02806,0.24446,0.27428,0.19802,0.16554,0.083551,0.028516,0.0019153,0.0037147
0.10405,0.15405,0.33007,0.2374,0.1111,0.039953,0.00044313,0.022928,0.19237,0.30537,0.24571,0.15481,0.060681,0.015047,0.0099495,0.016062
0.089309,0.14125,0.30339,0.28698,0.10017,0.061676,0.0027665,0.014455,0.25059,0.2801,0.23391,0.12503,0.051906,0.040232,0.0023897,0.015836
0.073854,0.13749,0.29511,0.29269,0.10918,0.064043,0.010438,0.017195,0.229,0.26911,0.19461,0.1595,0.091219,0.044877,0.0038802,0.0077952
0.092206,0.14906,0.28684,0.26918,0.13506,0.048594,0.0050353,0.014024,0.26855,0.24542,0.24289,0.09987,0.096222,0.028629,0.0020874,0.016338
0.11019,0.12109,0.28394,0.29441,0.10293,0.045801,0.0075194,0.034112,0.24472,0.2311,0.26329,0.12796,0.069372,0.038741,0.00075075,0.024061
0.080447,0.17322,0.27909,0.29679,0.078768,0.052688,0.0036902,0.035311,0.20665,0.29897,0.24736,0.12034,0.1,0.014283,0.0066465,0.0057562
0.06467,0.18653,0.27039,0.31748,0.084891,0.052084,0.0009764,0.022984,0.18853,0.27652,0.28576,0.11111,0.097259,0.034121,7.8025e-005,0.0066205
0.10719,0.16605,0.29199,0.25961,0.083434,0.065082,0.0025771,0.024068,0.24129,0.30788,0.23074,0.10802,0.066957,0.030107,0.00057514,0.014434
0.077199,0.14293,0.30646,0.28091,0.091195,0.078436,0.0021058,0.020766,0.26554,0.30531,0.23681,0.10131,0.033652,0.03543,0.0083485,0.013604
0.083252,0.13007,0.25456,0.29776,0.12028,0.067036,0.018328,0.02871,0.30517,0.29556,0.19767,0.11825,0.05213,0.022354,0.0013377,0.0075382
0.083181,0.14265,0.26175,0.29747,0.11963,0.06549,0.0035611,0.026269,0.26006,0.29918,0.16902,0.16497,0.059922,0.027846,0.00064351,0.018353
0.08145,0.13437,0.25303,0.30455,0.10896,0.087651,0.004705,0.025292,0.24116,0.32535,0.19404,0.11405,0.050378,0.069195,0.0012811,0.004539
0.062447,0.16939,0.28628,0.31119,0.099251,0.048756,0.0017557,0.020928,0.26023,0.28365,0.24426,0.097881,0.0644,0.034754,0.00031177,0.014514
0.081215,0.14708,0.33333,0.27196,0.082798,0.059499,0.0044197,0.019698,0.26484,0.28963,0.29446,0.047245,0.066051,0.015847,0.013636,0.0082988
0.079811,0.12881,0.3252,0.31352,0.066629,0.071884,0.003646,0.010499,0.30314,0.24885,0.27677,0.043425,0.061627,0.047294,0.0036718,0.015222
0.067475,0.18819,0.25513,0.2896,0.10236,0.078079,0.0040065,0.015159,0.23531,0.30434,0.19981,0.10645,0.094401,0.031556,0.0068272,0.021308
0.069799,0.14273,0.30179,0.2745,0.12361,0.065342,0.00060209,0.021627,0.26653,0.29595,0.21574,0.12019,0.05376,0.026508,0.012293,0.0090292
0.070439,0.1951,0.28392,0.27,0.10451,0.049126,0.00025149,0.026656,0.26291,0.2857,0.25304,0.083314,0.051343,0.052797,0.0010218,0.0098801
0.086315,0.17708,0.29119,0.24143,0.12121,0.056419,9.7461e-006,0.026337,0.26682,0.29193,0.21631,0.099962,0.082584,0.040948,0.00091267,0.00053235
0.052403,0.15126,0.25457,0.34026,0.121,0.047451,0.0057521,0.027305,0.23797,0.32156,0.28883,0.08063,0.045327,0.019167,0.0038801,0.002627
0.069942,0.16212,0.24711,0.30224,0.12708,0.057462,0.00076229,0.033289,0.23901,0.28241,0.24999,0.11667,0.069157,0.031085,0.0051726,0.0065021
0.044836,0.20651,0.2646,0.32438,0.10418,0.037517,0.0013721,0.016602,0.23625,0.26587,0.29251,0.085889,0.057149,0.047906,0.0022284,0.012204
0.073065,0.17887,0.28263,0.25481,0.14157,0.042517,0.00057234,0.02597,0.26161,0.34498,0.21813,0.053734,0.069323,0.044775,0.0022836,0.0051733
0.071622,0.16255,0.32934,0.27904,0.090084,0.060215,0.0006939,0.0064545,0.28838,0.29573,0.22494,0.10372,0.063676,0.010065,0.0035788,0.0099089
0.069237,0.15488,0.28961,0.33151,0.07465,0.063517,1.5232e-005,0.016578,0.26311,0.33346,0.25568,0.070808,0.041036,0.033105,0.0019269,0.00087163
0.088183,0.18439,0.22904,0.3159,0.10653,0.06327,0.0022692,0.010416,0.26477,0.29903,0.21815,0.10835,0.036284,0.067147,0.001873,0.0043941
0.073537,0.18874,0.24357,0.30447,0.090278,0.085329,0.000931,0.013159,0.27437,0.31681,0.20112,0.10327,0.047563,0.042877,9.4934e-005,0.01389
0.063449,0.15802,0.29009,0.31674,0.096852,0.063108,0.0017365,0.010011,0.24149,0.3046,0.23019,0.12125,0.072466,0.026121,0.0020538,0.0018262
0.067115,0.16672,0.27763,0.30938,0.10326,0.059353,0.0075027,0.0090473,0.24291,0.28941,0.2359,0.14352,0.066317,0.015199,0.001336,0.005411
0.072534,0.14664,0.30222,0.26309,0.1276,0.057599,0.011694,0.018626,0.23219,0.26597,0.32922,0.081937,0.061157,0.021595,0.0069575,0.00096849
0.068252,0.12441,0.3313,0.29662,0.089609,0.064866,0.00086319,0.024076,0.21666,0.19394,0.27977,0.16518,0.090995,0.039337,0.0098858,0.0042249
0.088897,0.16354,0.26555,0.34099,0.091954,0.044682,0.0002093,0.0041719,0.20904,0.31633,0.23811,0.14343,0.047609,0.035193,0.00012165,0.010164
0.074267,0.1708,0.27878,0.31742,0.087873,0.057618,0.0035879,0.0096518,0.20451,0.32215,0.20795,0.11434,0.11111,0.026383,0.0012889,0.012275
0.08593,0.15183,0.31318,0.28528,0.080403,0.066548,0.0014407,0.015391,0.23261,0.27688,0.25675,0.14236,0.058648,0.018319,0.00062233,0.013808
0.0692,0.16956,0.31657,0.32582,0.07434,0.029947,0.0017759,0.012787,0.21307,0.34715,0.23821,0.099694,0.065217,0.021429,0.0010822,0.014144
0.059879,0.14208,0.32238,0.35477,0.072141,0.025426,0.0047922,0.018524,0.25079,0.2643,0.20112,0.15814,0.099768,0.023176,0.00072784,0.0019798
0.061,0.14818,0.34204,0.28524,0.10595,0.034837,0.00098169,0.021777,0.25554,0.22301,0.28763,0.12163,0.089439,0.020655,4.7701e-005,0.002043
0.075225,0.13785,0.33649,0.3123,0.10506,0.021794,0.0017851,0.0094985,0.19996,0.32704,0.24452,0.086855,0.09706,0.042972,4.0894e-005,0.0015548
0.065535,0.16766,0.3596,0.28681,0.075516,0.031411,0.00011471,0.013352,0.22707,0.32112,0.25561,0.074922,0.076324,0.029296,0.0083534,0.0073017
0.086304,0.17286,0.308,0.27172,0.12582,0.02504,1.6656e-005,0.010244,0.21747,0.31026,0.22218,0.13331,0.047225,0.067884,0.00083476,0.00083936
0.061372,0.16913,0.30474,0.315,0.10811,0.021881,5.6023e-005,0.019714,0.20784,0.29986,0.21397,0.15891,0.066054,0.044443,2.6078e-005,0.0088932
0.090257,0.19512,0.26112,0.30042,0.11897,0.01921,0.00018098,0.014717,0.23473,0.29808,0.27423,0.10767,0.067676,0.012121,0.0022715,0.0032242
0.079275,0.15056,0.27596,0.27612,0.16647,0.030499,0.00026094,0.02085,0.25935,0.25495,0.26749,0.12345,0.066875,0.020486,6.7703e-006,0.0073906
0.070975,0.19738,0.25936,0.26339,0.159,0.032311,0.0011525,0.016441,0.274,0.24243,0.29227,0.11734,0.043933,0.02604,0.0013478,0.0026328
0.071031,0.12756,0.32722,0.26954,0.1356,0.042884,0.0038026,0.022361,0.25535,0.28934,0.2762,0.11039,0.028232,0.030348,0.010103,3.0285e-005
0.068206,0.1618,0.26495,0.31822,0.11496,0.050297,4.6755e-005,0.021526,0.20707,0.30825,0.30088,0.12125,0.049841,0.011853,2.1697e-006,0.0008533
0.065591,0.18218,0.26491,0.30789,0.084423,0.070385,1.6903e-005,0.024604,0.20835,0.32599,0.26127,0.12403,0.061556,0.015481,1.2745e-006,0.0033248
0.070891,0.17017,0.28765,0.32373,0.085426,0.053257,1.3711e-005,0.0088661,0.2142,0.31857,0.22443,0.12196,0.10738,0.012365,0.0006756,0.00040758
0.084545,0.13024,0.27541,0.33774,0.097229,0.061555,1.3318e-006,0.013282,0.22251,0.32289,0.25834,0.093603,0.081237,0.015789,0.0049851,0.00064613
0.10173,0.11993,0.2659,0.31797,0.12524,0.045015,1.4946e-007,0.024216,0.2342,0.32582,0.23977,0.1072,0.05759,0.02757,9.7341e-005,0.0077494
0.088967,0.16375,0.30574,0.27865,0.095522,0.033141,2.482e-005,0.034202,0.23206,0.29777,0.20054,0.17038,0.064086,0.011104,0.0025539,0.02151
0.093697,0.14165,0.33539,0.25004,0.12264,0.030159,0.0033913,0.023028,0.19548,0.30498,0.28611,0.099066,0.070905,0.02795,0.0027979,0.012709
0.065725,0.1431,0.30401,0.30344,0.127,0.041444,0.0025971,0.012678,0.19503,0.29299,0.32504,0.073517,0.078499,0.032304,0.00024618,0.0023711
0.0503,0.1542,0.27832,0.32851,0.12629,0.045961,0.00082358,0.015598,0.18661,0.28552,0.29321,0.10921,0.099765,0.022978,0.00063861,0.0020632
0.071024,0.14637,0.31599,0.29433,0.11144,0.050495,0.0010248,0.0093276,0.22035,0.34468,0.2095,0.13599,0.058785,0.029282,0.00020965,0.0012109
0.095147,0.14168,0.34052,0.27868,0.085764,0.048239,0.00045902,0.0094988,0.2639,0.25538,0.22763,0.14246,0.079477,0.027077,4.7804e-006,0.0040739
0.083036,0.14771,0.31039,0.29576,0.10949,0.040368,0.002576,0.010662,0.219,0.26341,0.25191,0.11205,0.094319,0.047791,0.0022208,0.0092979
0.080782,0.14012,0.28808,0.31034,0.12585,0.031801,0.0016566,0.021377,0.20173,0.26752,0.26017,0.13873,0.10611,0.019487,0.0025251,0.0037258
0.057684,0.16067,0.31395,0.34598,0.077984,0.024872,4.638e-006,0.018857,0.20219,0.28382,0.26962,0.15704,0.05595,0.0235,0.0004126,0.0074624
0.074363,0.15947,0.33105,0.26502,0.11577,0.040162,4.6371e-005,0.014114,0.2458,0.24307,0.26248,0.13993,0.054058,0.043287,0.0004391,0.010936
0.086698,0.1279,0.34194,0.28783,0.10681,0.0411,0.0003468,0.0073688,0.1886,0.32863,0.23875,0.13357,0.07601,0.024968,0.0025271,0.0069499
0.074133,0.14536,0.30286,0.28265,0.114,0.054687,0.0047898,0.021517,0.19324,0.31836,0.23283,0.13161,0.11075,0.0098089,0.00011989,0.0032841
0.058589,0.17833,0.31213,0.27472,0.11897,0.041858,0.00053241,0.014878,0.22981,0.34114,0.26688,0.079394,0.075725,0.0038224,0.001834,0.0014024
0.062136,0.17876,0.28195,0.27533,0.12418,0.059688,0.0028702,0.015087,0.27319,0.24872,0.27381,0.08103,0.11233,0.0081378,0.0001134,0.0026687
0.066822,0.13406,0.28722,0.30586,0.12493,0.058613,0.00064792,0.021838,0.25585,0.26577,0.25412,0.1075,0.094727,0.020739,5.9006e-006,0.0012952
0.069816,0.13149,0.33223,0.27876,0.10931,0.054538,0.00078743,0.023075,0.26107,0.27143,0.31466,0.069653,0.070686,0.0082512,2.1275e-018,0.0042524
0.067553,0.1358,0.30555,0.2932,0.11006,0.064486,0.00061775,0.022742,0.25691,0.31586,0.22234,0.10508,0.080762,0.0089222,4.3412e-005,0.010088
0.061572,0.16892,0.36579,0.26997,0.07085,0.045612,0.00038112,0.016892,0.26738,0.29598,0.23405,0.124,0.064949,0.010352,3.7656e-015,0.0032873
0.082818,0.15187,0.33948,0.29796,0.072785,0.04517,7.1692e-009,0.0099204,0.23806,0.28505,0.2888,0.1182,0.060691,0.0034426,3.8386e-008,0.0057568
0.10461,0.15929,0.3026,0.29007,0.11323,0.019838,0.0005119,0.0098551,0.2571,0.33116,0.22677,0.11836,0.044375,0.018009,0.00044572,0.003775
0.098816,0.13534,0.34335,0.27941,0.10467,0.02715,0.00031744,0.010948,0.2474,0.2971,0.2513,0.12452,0.036107,0.027197,0.0036926,0.012678
0.054577,0.15094,0.34301,0.31607,0.081002,0.036106,0.0031158,0.015181,0.24253,0.28515,0.26592,0.12234,0.049267,0.023784,0.0036178,0.0073923
0.069766,0.20077,0.35481,0.25183,0.075521,0.035705,0.0003474,0.011251,0.25195,0.22514,0.27337,0.13516,0.07302,0.038198,0.0021016,0.0010515
0.047398,0.18766,0.32913,0.28119,0.087654,0.045346,0.00037801,0.02124,0.24932,0.26414,0.26987,0.12915,0.065901,0.020249,0.0003384,0.0010249
0.078587,0.18818,0.23206,0.27926,0.14697,0.049036,0.0081665,0.017742,0.21745,0.30566,0.25819,0.13227,0.055573,0.021455,0.004373,0.0050309
0.08804,0.19862,0.26101,0.25485,0.12911,0.057637,0.0069514,0.0037853,0.24104,0.33051,0.23794,0.078682,0.077926,0.019901,0.0080301,0.0059662
0.082441,0.12662,0.32601,0.24546,0.14236,0.056628,0.010066,0.01042,0.21607,0.26853,0.25878,0.10833,0.09389,0.034185,9.197e-005,0.020127
0.079916,0.15987,0.31252,0.26998,0.097845,0.063841,0.0036903,0.012344,0.19432,0.25379,0.25586,0.14344,0.070104,0.05056,0.0032706,0.028647
0.10257,0.14311,0.29498,0.27985,0.10183,0.052853,0.0010534,0.023741,0.18426,0.24306,0.25637,0.18906,0.055347,0.043454,0.0095186,0.018936
0.084632,0.11789,0.26342,0.33719,0.098821,0.062367,0.013665,0.022016,0.17806,0.29856,0.27796,0.15974,0.051339,0.027712,0.0022137,0.0044205
0.075169,0.17157,0.28189,0.26904,0.13832,0.037348,0.00083953,0.025821,0.1823,0.32674,0.30436,0.091092,0.065284,0.018204,0.00037496,0.011647
0.096578,0.098597,0.31146,0.28759,0.12572,0.040775,0.011451,0.027829,0.22647,0.30464,0.26138,0.12357,0.057258,0.016132,0.00010267,0.010447
0.092653,0.15413,0.29104,0.29038,0.12159,0.033926,0.0015351,0.014745,0.20158,0.31924,0.26558,0.11842,0.056793,0.032269,0.00012128,0.0059905
0.1113,0.12141,0.32395,0.26523,0.11241,0.037131,0.00043667,0.028142,0.23309,0.30504,0.20714,0.12984,0.076401,0.017087,1.7458e-005,0.031382
0.076462,0.13871,0.34443,0.27436,0.10397,0.044826,0.0034656,0.01378,0.25545,0.33632,0.18286,0.12368,0.059695,0.027707,0.0029468,0.011341
0.084932,0.16266,0.30181,0.29368,0.12079,0.022311,0.0017762,0.012048,0.26325,0.30567,0.19111,0.13387,0.066021,0.028643,6.6215e-007,0.01144
0.1088,0.14123,0.27944,0.27309,0.11378,0.044371,0.0080374,0.031249,0.22576,0.33461,0.20695,0.16877,0.033888,0.025161,9.2255e-005,0.0047622
0.094578,0.15179,0.24999,0.29383,0.13767,0.05626,0.0025279,0.013352,0.23969,0.30749,0.24225,0.14169,0.052577,0.01108,4.4315e-005,0.0051771
0.070243,0.14218,0.26917,0.30046,0.13823,0.061602,1.5943e-005,0.018106,0.23022,0.27201,0.28928,0.14376,0.035107,0.024557,0.00067629,0.0043867
0.11744,0.12354,0.26038,0.32263,0.12031,0.043949,0.00075594,0.010993,0.26382,0.27521,0.24732,0.11631,0.061923,0.014535,0.0054768,0.015401
0.14473,0.14861,0.28508,0.27029,0.090167,0.037325,0.0036892,0.020109,0.26293,0.25705,0.21849,0.15789,0.055717,0.028132,0.001202,0.018586
0.11599,0.15447,0.26534,0.30421,0.10041,0.044263,0.001078,0.014237,0.24988,0.27379,0.21981,0.16945,0.053257,0.013542,0.0067158,0.01356
0.11765,0.13817,0.23016,0.35537,0.10133,0.044282,0.0013295,0.011696,0.27546,0.29194,0.23686,0.091224,0.066237,0.020608,0.0021452,0.015526
0.07836,0.1393,0.28781,0.35822,0.070509,0.055408,8.3136e-005,0.01031,0.23649,0.23915,0.25751,0.141,0.060947,0.023736,0.0078717,0.0333
0.068595,0.16856,0.24849,0.35003,0.09466,0.056736,0.0016803,0.011243,0.19007,0.2394,0.28816,0.1645,0.065731,0.020269,0.0088714,0.022999
0.060166,0.15275,0.32061,0.27114,0.088027,0.086482,0.0077078,0.013123,0.20355,0.28081,0.24207,0.15632,0.080585,0.020885,0.0024013,0.013383
0.086558,0.17519,0.27321,0.29333,0.082015,0.074683,0.00010011,0.01491,0.24191,0.28667,0.22785,0.15246,0.055997,0.016531,0.006822,0.01177
0.078495,0.20476,0.2664,0.26508,0.10349,0.062847,0.003516,0.015406,0.18035,0.27508,0.28407,0.15681,0.052362,0.034816,0.0033728,0.013132
0.085696,0.17341,0.23109,0.29329,0.11692,0.08505,0.0014996,0.013039,0.23771,0.29771,0.21929,0.14296,0.062016,0.030944,0.0013314,0.0080434
0.071517,0.1585,0.26187,0.29937,0.13246,0.065128,0.0009918,0.010157,0.19747,0.33041,0.25326,0.10786,0.074572,0.031857,0.0003489,0.0042157
0.068051,0.15772,0.27586,0.31021,0.12023,0.044399,0.0031182,0.020422,0.19375,0.35632,0.24586,0.072242,0.074391,0.04732,0.0021534,0.0079711
0.079384,0.14346,0.30313,0.336,0.09308,0.016653,0.0082302,0.020059,0.23528,0.2749,0.26202,0.096853,0.057633,0.065557,0.0055251,0.0022276
0.085046,0.15018,0.28944,0.28908,0.13555,0.030531,0.00035158,0.019804,0.24404,0.3696,0.20972,0.078768,0.059505,0.023118,0.0017304,0.013522
0.077177,0.16126,0.30678,0.29089,0.099674,0.044859,0.00059902,0.018768,0.20586,0.31848,0.21746,0.11554,0.073487,0.04785,0.010496,0.01083
0.074087,0.13664,0.28385,0.3213,0.11915,0.052213,0.00017873,0.012587,0.24611,0.33309,0.20681,0.090382,0.090585,0.015347,0.011883,0.0057956
0.079834,0.12174,0.31793,0.30938,0.10267,0.05076,0.0059376,0.011743,0.18491,0.31117,0.24029,0.10438,0.10905,0.028991,0.00073567,0.020464
0.082498,0.1653,0.28074,0.30738,0.087571,0.046444,0.0043207,0.02575,0.2216,0.21544,0.29396,0.080559,0.11057,0.058729,0.00043909,0.018697
0.067941,0.21272,0.2504,0.27455,0.1075,0.051762,0.003195,0.031931,0.21723,0.27867,0.25987,0.063739,0.13782,0.029501,0.0061363,0.0070214
0.052364,0.15736,0.31078,0.27828,0.11319,0.051981,0.0076444,0.028396,0.24376,0.24935,0.26251,0.090486,0.11031,0.027903,0.011015,0.0046592
0.08566,0.12981,0.30611,0.28736,0.11447,0.057939,0.001836,0.016816,0.21107,0.25459,0.33305,0.084118,0.068222,0.036482,0.0033116,0.0091622
0.064013,0.11014,0.37847,0.29535,0.088399,0.054416,0.0015331,0.0076868,0.20833,0.31992,0.23427,0.11604,0.082906,0.023916,0.0036847,0.010933
0.060737,0.16595,0.30272,0.28556,0.10375,0.066688,0.00070735,0.013889,0.19527,0.32897,0.2178,0.14647,0.068017,0.020157,0.00072793,0.022589
0.07058,0.14455,0.33086,0.27333,0.10824,0.056044,0.0053623,0.011034,0.24952,0.26909,0.25237,0.11895,0.072002,0.027653,8.175e-005,0.010331
0.06306,0.17106,0.27128,0.27474,0.10011,0.09105,0.0054522,0.023245,0.22061,0.26811,0.29546,0.10039,0.071901,0.020833,0.0078147,0.014881
0.080353,0.12888,0.30215,0.28873,0.11307,0.063283,0.010347,0.013183,0.23013,0.26903,0.25129,0.11522,0.097688,0.029813,0.0026932,0.0041335
0.10475,0.15852,0.23877,0.25308,0.14996,0.065161,0.012634,0.017132,0.23794,0.2947,0.27427,0.10372,0.053365,0.01754,0.0069299,0.011522
0.086312,0.14152,0.28286,0.29517,0.12178,0.052923,0.0044151,0.015019,0.22384,0.28561,0.28525,0.10363,0.067349,0.025911,0.00068935,0.0077271
0.13747,0.17756,0.25118,0.25313,0.10923,0.046865,0.0014825,0.023073,0.28848,0.23529,0.26075,0.10949,0.07671,0.013283,0.0016593,0.014333
0.092888,0.1813,0.27448,0.23908,0.10812,0.058795,0.009067,0.036268,0.23262,0.27469,0.26503,0.13351,0.062572,0.024776,0.00028516,0.0065216
0.1013,0.12548,0.25837,0.31435,0.1052,0.069396,0.0046196,0.021288,0.20919,0.26411,0.29098,0.15743,0.046905,0.026389,0.0014124,0.0035857
0.06475,0.15925,0.2981,0.28979,0.090609,0.055648,0.0064368,0.035423,0.21252,0.32212,0.23082,0.1161,0.092719,0.021255,0.0005073,0.0039562
0.064807,0.1567,0.2929,0.28044,0.082387,0.097363,0.0083579,0.017049,0.25037,0.25925,0.29946,0.09302,0.069414,0.022252,0.00016681,0.006069
0.059911,0.15952,0.33211,0.22245,0.12672,0.068962,0.0041178,0.026209,0.17628,0.31567,0.24825,0.12135,0.091152,0.042356,0.00205,0.0028923
0.093995,0.14054,0.30232,0.26174,0.10215,0.076715,0.0015381,0.020991,0.19089,0.31453,0.28683,0.10549,0.078224,0.022267,0.00034994,0.0014178
0.07,0.14045,0.29716,0.24043,0.13685,0.09294,0.0047102,0.017454,0.17451,0.33019,0.27455,0.10238,0.089449,0.025955,0.00063749,0.0023296
0.096283,0.16431,0.2805,0.24672,0.11304,0.082118,0.0029935,0.014035,0.15977,0.34256,0.31288,0.0986,0.056277,0.016011,0.0017288,0.012176
0.086354,0.16653,0.30583,0.26083,0.10216,0.060785,0.0083518,0.0091581,0.18827,0.29526,0.31298,0.10453,0.051282,0.043233,0.00051119,0.0039286
0.098549,0.12882,0.25519,0.32465,0.091041,0.071779,0.007496,0.022469,0.22324,0.30314,0.28219,0.096807,0.056423,0.03138,0.0027327,0.0040796
0.082751,0.19694,0.24882,0.26685,0.10793,0.068147,0.0018761,0.026684,0.25037,0.26696,0.2938,0.090695,0.062238,0.033655,0.00020562,0.0020687
0.095444,0.18579,0.27868,0.262,0.071929,0.069033,0.016231,0.020895,0.23548,0.30209,0.26914,0.11596,0.044035,0.029588,0.00048235,0.0032133
0.064172,0.1747,0.26467,0.31551,0.082006,0.063178,0.00698,0.028781,0.22419,0.31144,0.27997,0.10069,0.06916,0.013494,2.2247e-005,0.0010415
0.088464,0.18085,0.30852,0.28758,0.078248,0.049365,0.0009367,0.0060334,0.27302,0.27798,0.30668,0.08178,0.050464,0.0068307,0.00018439,0.0030636
0.080464,0.15002,0.27803,0.31751,0.10586,0.051365,0.0015291,0.015219,0.16871,0.28792,0.35503,0.10462,0.055298,0.014356,0.0010189,0.013046
0.094154,0.1292,0.2667,0.30613,0.12312,0.05618,0.00059646,0.023919,0.18542,0.32819,0.29934,0.10001,0.055253,0.013392,0.0019374,0.01645
0.080562,0.16456,0.26618,0.26344,0.13532,0.068367,0.00057553,0.020997,0.21039,0.28177,0.25686,0.15277,0.058828,0.010637,0.012526,0.016218
0.085213,0.14795,0.27313,0.29153,0.12696,0.060182,0.0013543,0.013687,0.20342,0.23845,0.2405,0.18219,0.083756,0.025444,0.0092413,0.01699
0.12082,0.1653,0.32535,0.21641,0.11381,0.045877,0.0015206,0.010912,0.22206,0.26878,0.26491,0.1478,0.051102,0.033229,0.0057845,0.0063444
0.086369,0.11522,0.36249,0.22813,0.12596,0.063385,0.0030999,0.015342,0.20672,0.25843,0.24284,0.15083,0.083417,0.034671,0.012572,0.010516
0.054701,0.11674,0.34605,0.24687,0.15382,0.061222,0.0027718,0.017817,0.206,0.31372,0.23534,0.13259,0.064575,0.017826,0.0040871,0.025863
0.067737,0.143,0.32002,0.30893,0.11255,0.036777,0.00024928,0.010735,0.20707,0.26997,0.28843,0.13522,0.063426,0.024944,0.0036708,0.0072781
0.069505,0.15258,0.28889,0.28024,0.12785,0.058468,0.00030121,0.022166,0.19667,0.29292,0.31056,0.098164,0.069735,0.014759,0.0066625,0.010535
0.071133,0.17873,0.2576,0.30692,0.12262,0.051687,0.0012461,0.010063,0.19467,0.28129,0.30073,0.10286,0.084042,0.019222,0.0091877,0.0079936
0.069855,0.18687,0.28085,0.30679,0.12246,0.026043,0.0011334,0.0060023,0.22614,0.2788,0.29469,0.11918,0.058649,0.01057,0.0065076,0.0054623
0.055365,0.18064,0.25177,0.33975,0.13217,0.033608,4.5014e-005,0.0066599,0.17883,0.35065,0.2195,0.14112,0.067891,0.011322,0.010012,0.02067
0.051675,0.17563,0.28153,0.34204,0.079391,0.054687,0.00028026,0.014774,0.17749,0.31131,0.29468,0.14283,0.049929,0.0065812,0.0036733,0.013511
0.069553,0.14314,0.30928,0.29649,0.10192,0.067161,0.0013574,0.011101,0.20525,0.28487,0.24648,0.13873,0.079549,0.029177,0.0031279,0.012818
0.064086,0.1569,0.32092,0.28371,0.087986,0.058528,0.00062787,0.027238,0.28499,0.30604,0.20366,0.13113,0.047811,0.018099,0.00097444,0.0072925
0.077787,0.18554,0.3159,0.25892,0.059763,0.079239,0.00063997,0.022211,0.25811,0.27123,0.25362,0.15238,0.030779,0.023186,0.0044425,0.0062519
0.084489,0.14564,0.3103,0.29261,0.081755,0.061241,0.00017808,0.023789,0.2384,0.28915,0.21692,0.14522,0.073007,0.027557,0.0014693,0.0082809
0.058614,0.14774,0.34003,0.28632,0.080106,0.05564,0.0019374,0.029614,0.25993,0.29104,0.2173,0.12149,0.056217,0.044845,0.0033688,0.0058118
0.060081,0.1593,0.32166,0.25658,0.14409,0.045912,0.0017862,0.010596,0.21145,0.29602,0.23431,0.15289,0.040228,0.050935,0.00094491,0.013225
0.070534,0.12728,0.32879,0.33286,0.097324,0.031738,0.0024348,0.0090382,0.21582,0.28219,0.2313,0.13498,0.069631,0.042597,0.001138,0.022345
0.061321,0.17218,0.30834,0.31742,0.088364,0.027953,0.0051094,0.019314,0.25312,0.26433,0.2207,0.13049,0.084653,0.028817,0.0016949,0.016199
0.087971,0.14311,0.32041,0.30025,0.07214,0.04756,0.0027257,0.025837,0.25085,0.24682,0.24532,0.13011,0.087839,0.032871,0.00058151,0.0056109
0.068568,0.14193,0.29492,0.32022,0.11542,0.035251,0.0011485,0.022544,0.25237,0.27002,0.20517,0.1409,0.066355,0.051939,0.0035625,0.0096827
0.056872,0.18412,0.27506,0.30943,0.11855,0.045509,0.0021799,0.0082809,0.29419,0.25724,0.22419,0.12751,0.067768,0.023417,0.0013366,0.0043471
0.040466,0.1727,0.31851,0.33557,0.066145,0.059996,1.3029e-005,0.0065929,0.2284,0.29275,0.28397,0.12819,0.0432,0.015891,0.0022747,0.0053233
0.062212,0.16953,0.28838,0.33334,0.085965,0.047543,0.00060719,0.01242,0.24176,0.28262,0.22493,0.15403,0.065314,0.015803,0.0042994,0.011244
0.098819,0.18492,0.27838,0.2995,0.07582,0.048432,0.00021769,0.013919,0.23691,0.33949,0.21287,0.12532,0.062583,0.019291,8.0203e-005,0.0034468
0.063539,0.1637,0.30032,0.29286,0.10958,0.050204,0.0054276,0.01436,0.28523,0.29872,0.22527,0.093561,0.047098,0.045267,0.00057334,0.0042828
0.069594,0.1802,0.30177,0.29244,0.10471,0.037712,0.004231,0.0093421,0.22078,0.25867,0.3023,0.15289,0.03714,0.025793,4.5001e-005,0.0023812
0.065041,0.18043,0.27229,0.30973,0.10094,0.054917,0.001497,0.015166,0.2259,0.2974,0.29966,0.12874,0.027303,0.016039,0.00013769,0.0048232
0.071492,0.14921,0.27346,0.3177,0.10098,0.061897,0.0036252,0.021633,0.19717,0.33608,0.27629,0.12229,0.057831,0.0037416,9.3783e-006,0.0065817
0.069402,0.17443,0.28119,0.30111,0.064703,0.079125,0.0024654,0.027573,0.21674,0.30622,0.25605,0.13372,0.073451,0.0077586,0.00011952,0.0059419
0.059335,0.18036,0.29136,0.24942,0.099445,0.090856,0.0014969,0.027721,0.20782,0.32093,0.29011,0.092848,0.056207,0.023923,0.0021386,0.0060201
0.087044,0.16048,0.26562,0.26867,0.092156,0.093871,0.0071903,0.024967,0.25713,0.28972,0.24978,0.098573,0.065385,0.034512,0.0025894,0.0023049
0.082466,0.13787,0.28035,0.29345,0.085728,0.085717,0.0043246,0.030096,0.18254,0.34995,0.26791,0.13325,0.036615,0.024668,0.0011312,0.0039348
0.095533,0.12207,0.30636,0.27042,0.11982,0.076252,0.0061145,0.0034319,0.19339,0.3149,0.27172,0.13067,0.049936,0.014253,0.0010938,0.02404
0.099878,0.14347,0.25785,0.29863,0.12991,0.058006,0.0022553,0.010002,0.20962,0.34499,0.25171,0.12032,0.039351,0.02458,0.00017828,0.0092519
0.054899,0.1718,0.31675,0.23537,0.15334,0.048999,0.0042381,0.014599,0.18546,0.30375,0.25885,0.17071,0.042374,0.030186,0.00051976,0.008142
0.058722,0.1576,0.30317,0.275,0.1214,0.051597,0.0019549,0.030556,0.16992,0.32871,0.29998,0.10666,0.053942,0.034969,1.1308e-005,0.0058045
0.085102,0.17412,0.3247,0.26608,0.084484,0.044362,0.0013889,0.019755,0.21033,0.34377,0.28379,0.074293,0.045607,0.038324,1.6181e-005,0.0038781
0.074409,0.16035,0.33146,0.25368,0.070728,0.077181,0.0057589,0.026442,0.20283,0.29897,0.24452,0.13644,0.058596,0.043594,7.7457e-005,0.014972
0.065729,0.1544,0.23854,0.3317,0.12725,0.062077,0.0014601,0.01884,0.19192,0.30838,0.27189,0.10409,0.079576,0.03588,0.00042742,0.0078371
0.068952,0.13536,0.33524,0.27323,0.094138,0.064959,0.0013633,0.026761,0.19814,0.30453,0.2744,0.111,0.043634,0.064701,6.5176e-006,0.0035841
0.072298,0.16846,0.30882,0.26428,0.11684,0.057669,0.00085357,0.010773,0.23731,0.24547,0.27734,0.12913,0.061029,0.040581,0.00017301,0.00897
0.07149,0.14129,0.28569,0.26792,0.11901,0.081412,0.010138,0.023061,0.21719,0.27221,0.29626,0.11738,0.049831,0.045379,0.0008259,0.00093087
0.094551,0.1607,0.29206,0.26467,0.11419,0.050275,0.0079871,0.015558,0.22078,0.25417,0.25883,0.17173,0.048113,0.030582,0.00021031,0.015587
0.086436,0.12463,0.30079,0.31381,0.11387,0.049636,0.00032136,0.010501,0.19269,0.31979,0.24337,0.12594,0.064611,0.036999,0.0012152,0.015389
0.094172,0.18757,0.29147,0.26321,0.10898,0.036785,0.0063914,0.011419,0.17403,0.33358,0.25046,0.14706,0.060622,0.027561,4.7393e-005,0.0066439
0.076551,0.17574,0.2972,0.27372,0.12851,0.03459,0.0029658,0.010721,0.20402,0.30856,0.2731,0.11208,0.068658,0.0098149,0.0081167,0.015663
0.048981,0.14818,0.31107,0.25227,0.16378,0.058579,0.00013043,0.017005,0.19448,0.31618,0.26033,0.13041,0.056457,0.032659,0.00041711,0.0090585
0.086008,0.16352,0.30019,0.26154,0.096808,0.081231,0.00051165,0.010194,0.16832,0.31431,0.27795,0.11259,0.09297,0.028835,0.0020779,0.0029488
0.083935,0.16094,0.26469,0.27943,0.096309,0.077621,0.002185,0.034886,0.21229,0.34551,0.2684,0.098796,0.054089,0.017018,0.00010598,0.00379
0.086032,0.13014,0.33463,0.24518,0.10557,0.063131,0.0021659,0.03315,0.17673,0.3306,0.26287,0.10452,0.067486,0.044002,0.0012839,0.012506
0.060698,0.14749,0.35239,0.26901,0.083111,0.077763,0.0014356,0.0081041,0.20577,0.32529,0.19751,0.16685,0.070462,0.027634,0.00079164,0.0057016
0.075224,0.18067,0.30564,0.24563,0.11277,0.058969,0.0062726,0.014831,0.2085,0.27981,0.24732,0.16372,0.059998,0.03402,0.002271,0.0043644
0.054492,0.16177,0.3218,0.27775,0.11457,0.049831,0.0010848,0.018709,0.2408,0.28331,0.23531,0.15552,0.048717,0.029221,0.00049608,0.0066273
0.063216,0.16997,0.32842,0.24885,0.11472,0.059742,0.0026124,0.012463,0.2255,0.30757,0.20578,0.15744,0.075202,0.022582,0.0025243,0.0034074
0.054174,0.14557,0.32342,0.31602,0.092065,0.049832,0.0027057,0.016212,0.194,0.3267,0.22393,0.13908,0.081974,0.028581,0.00022152,0.0055043
0.048541,0.15825,0.35573,0.28446,0.081903,0.054694,0.0053533,0.011066,0.20707,0.34593,0.20631,0.11167,0.10432,0.019128,1.4102e-006,0.0055661
0.069047,0.15855,0.31241,0.25958,0.10901,0.071384,0.00058035,0.01944,0.19759,0.28573,0.24484,0.1561,0.079634,0.026669,0.0021798,0.0072587
0.061908,0.17134,0.27372,0.30034,0.10264,0.072554,6.3948e-005,0.017437,0.21423,0.29902,0.19522,0.14882,0.092593,0.036876,0.0052627,0.007982
0.081107,0.16481,0.28768,0.31436,0.09159,0.053452,0.0017026,0.0052986,0.21856,0.28654,0.21368,0.14638,0.073284,0.056239,0.0013381,0.0039801
0.062814,0.12648,0.31697,0.32139,0.08796,0.07049,0.00061083,0.013277,0.19386,0.3265,0.20331,0.18096,0.071794,0.013281,0.0055642,0.0047386
0.076396,0.14132,0.35875,0.26623,0.073208,0.054193,2.7635e-005,0.029872,0.24484,0.32923,0.21295,0.10309,0.079154,0.016751,0.00474,0.0092398
0.053566,0.17464,0.33629,0.28634,0.068838,0.06237,0.00035262,0.017603,0.29507,0.25439,0.22388,0.12848,0.064082,0.020191,0.00028667,0.013621
0.090916,0.19331,0.32936,0.24514,0.090825,0.039318,0.0011697,0.0099682,0.24153,0.27246,0.23518,0.14088,0.087004,0.01121,0.0047422,0.0070003
0.088154,0.19266,0.28055,0.26139,0.11455,0.042371,5.8709e-005,0.020264,0.20658,0.32029,0.23954,0.13762,0.080058,0.013004,7.866e-007,0.0029063
0.067111,0.17427,0.28903,0.28155,0.10374,0.063812,2.1509e-005,0.020458,0.24229,0.25667,0.25298,0.16719,0.067513,0.012985,9.2578e-006,0.00037215
0.07908,0.14971,0.27213,0.31475,0.10159,0.057858,0.0061113,0.018767,0.24539,0.28823,0.24036,0.12198,0.082743,0.02018,2.2345e-005,0.001108
0.048493,0.18822,0.24619,0.29829,0.13812,0.063359,0.0014819,0.015847,0.24058,0.26667,0.21357,0.15658,0.093065,0.024826,0.0017022,0.0030146
0.062622,0.14503,0.29529,0.25166,0.15347,0.073415,0.0019151,0.016597,0.25439,0.27191,0.20346,0.16012,0.081933,0.027662,1.0791e-005,0.00053049
0.083002,0.13048,0.2569,0.30777,0.14048,0.056215,0.0078966,0.017265,0.28,0.28013,0.19431,0.092574,0.12164,0.018745,0.0021014,0.010506
0.093009,0.13109,0.28184,0.28851,0.1339,0.051821,0.0025922,0.017237,0.23684,0.28618,0.2812,0.086516,0.080534,0.020193,1.2721e-005,0.0085271
0.098468,0.15158,0.30898,0.27479,0.072271,0.066244,0.0020645,0.025601,0.24847,0.26922,0.25016,0.10894,0.088321,0.018437,0.0091966,0.0072456
0.066348,0.13284,0.27924,0.34684,0.09117,0.057687,0.00088769,0.024989,0.20776,0.28835,0.24152,0.09784,0.12957,0.02659,0.00045495,0.0079187
0.047804,0.11207,0.29711,0.31144,0.11795,0.081314,0.0062087,0.026106,0.23614,0.30515,0.2612,0.088642,0.06897,0.036461,0.00044461,0.0029862
0.064694,0.14534,0.33021,0.27744,0.083597,0.078994,0.0054634,0.014255,0.20916,0.26327,0.23974,0.1557,0.081906,0.039271,0.0015224,0.0094278
0.067451,0.16907,0.30462,0.27342,0.11763,0.054054,0.0024226,0.011328,0.21326,0.32814,0.20097,0.10043,0.112,0.036391,4.8623e-005,0.0087608
0.089135,0.15955,0.29942,0.24458,0.11642,0.071022,8.4669e-005,0.019783,0.19715,0.29293,0.25428,0.12512,0.079205,0.031736,0.0086018,0.010973
0.083292,0.12317,0.26155,0.29475,0.14902,0.069009,0.0017951,0.017421,0.19095,0.33995,0.2354,0.14322,0.058159,0.020774,0.00035809,0.011183
0.083359,0.13457,0.28986,0.29875,0.12373,0.041371,0.0029302,0.025433,0.26235,0.30611,0.21034,0.099082,0.08188,0.03268,0.0010138,0.006542
0.049863,0.14958,0.3083,0.31402,0.10223,0.054358,0.0013096,0.020336,0.24998,0.31582,0.22531,0.11691,0.063802,0.020842,0.0029239,0.0044126
0.069479,0.1303,0.33697,0.28789,0.098443,0.061106,0.0020988,0.013714,0.23001,0.29447,0.2518,0.1283,0.056918,0.033159,0.0015374,0.0037994
0.084841,0.13157,0.32576,0.29174,0.074992,0.080099,1.0344e-005,0.010983,0.22876,0.2837,0.29158,0.11523,0.058215,0.0089541,0.0028547,0.010713
0.074126,0.12551,0.29495,0.31383,0.092382,0.073941,0.0089043,0.016356,0.24315,0.29702,0.28365,0.091698,0.04929,0.017613,0.0043267,0.013252
0.042786,0.13574,0.29836,0.32407,0.10938,0.070979,0.00015579,0.018535,0.20641,0.2856,0.30029,0.10218,0.049876,0.042799,0.0067649,0.0060827
0.06163,0.18948,0.30348,0.25868,0.10986,0.042417,0.003241,0.031205,0.21908,0.27499,0.26385,0.13132,0.051179,0.023048,0.00039929,0.036125
0.065761,0.13274,0.31405,0.29424,0.1058,0.04604,0.0073223,0.034041,0.1977,0.32568,0.28104,0.089556,0.072202,0.023674,8.0323e-005,0.010061
0.09038,0.13245,0.33447,0.27042,0.11298,0.038953,0.00033545,0.020011,0.18955,0.33448,0.27965,0.089182,0.071583,0.026018,0.0019281,0.0076083
0.094109,0.10267,0.32546,0.27811,0.13505,0.058044,0.0002363,0.0063102,0.23207,0.28543,0.23301,0.16601,0.043156,0.035655,7.4897e-006,0.0046685
0.10676,0.10271,0.30708,0.30303,0.11727,0.054965,0.0031451,0.0050459,0.2175,0.32543,0.23994,0.12811,0.050563,0.022969,0.0042858,0.011203
0.095774,0.10983,0.33344,0.28249,0.093548,0.060827,0.0024198,0.021673,0.23286,0.35531,0.21492,0.10191,0.065448,0.018959,0.0059133,0.0046884
0.12639,0.10989,0.28449,0.2988,0.092459,0.069117,0.00012697,0.018728,0.2168,0.35398,0.23342,0.080836,0.083369,0.028714,0.00057474,0.0023053
0.1207,0.11391,0.25633,0.326,0.099308,0.063798,0.001335,0.018611,0.26456,0.26138,0.25295,0.073988,0.12386,0.014664,0.0019287,0.0066789
0.085272,0.11453,0.33522,0.28164,0.090158,0.068188,2.5774e-005,0.024967,0.22248,0.36395,0.22517,0.097552,0.057976,0.019184,0.0034965,0.010192
0.089586,0.14266,0.3196,0.28709,0.091231,0.059284,0.0012592,0.009292,0.2709,0.35166,0.22481,0.099347,0.022116,0.019463,0.0033428,0.0083688
0.1117,0.1016,0.31068,0.31687,0.080663,0.069662,0.0010554,0.0077683,0.18073,0.34781,0.24447,0.13496,0.067816,0.022443,3.1879e-008,0.0017687
0.074891,0.096413,0.31289,0.30683,0.12037,0.062637,0.0021606,0.023806,0.25334,0.27836,0.24933,0.11788,0.077961,0.01752,0.0023668,0.0032473
0.06838,0.10901,0.30541,0.30595,0.14586,0.047181,0.0032675,0.014947,0.24566,0.30661,0.22208,0.12389,0.063486,0.02424,0.00022998,0.013806
0.059707,0.162,0.30461,0.27207,0.10262,0.068062,0.013863,0.017073,0.23161,0.28158,0.19746,0.1683,0.063606,0.042861,0.0073845,0.0071956
0.080119,0.15065,0.33105,0.26012,0.085735,0.055461,0.0045669,0.032302,0.1833,0.29585,0.24747,0.17116,0.078132,0.019369,0.0009304,0.003786
0.087289,0.16066,0.36034,0.23103,0.071592,0.05819,0.0007921,0.030109,0.24988,0.25623,0.25026,0.13474,0.079474,0.01871,0.0088787,0.0018301
0.089658,0.16684,0.30408,0.26558,0.097811,0.052159,0.0014319,0.022441,0.27428,0.25409,0.25365,0.07167,0.11914,0.022529,0.0039859,0.0006534
0.07406,0.12379,0.34461,0.27198,0.11261,0.046169,0.0089876,0.017786,0.28393,0.21104,0.24803,0.079773,0.15313,0.015409,0.00085035,0.0078338
0.082234,0.15484,0.30059,0.29438,0.11691,0.033882,0.0033665,0.013788,0.26773,0.22452,0.23489,0.11741,0.11059,0.036263,0.00022828,0.0083667
0.080728,0.17876,0.29123,0.31348,0.079766,0.046638,0.0027944,0.0066077,0.25681,0.2622,0.21942,0.12313,0.10624,0.023761,0.0021563,0.006281
0.065619,0.18946,0.28013,0.31211,0.088971,0.042076,0.00026154,0.02137,0.21276,0.30014,0.26224,0.086694,0.091459,0.031205,0.013674,0.0018274
0.055329,0.16409,0.26419,0.31134,0.14284,0.045131,0.0015622,0.015515,0.23963,0.26691,0.20863,0.12183,0.09136,0.034761,0.014933,0.021942
0.057026,0.16746,0.29393,0.28685,0.12044,0.042162,0.0068097,0.025324,0.27256,0.26919,0.25086,0.12619,0.046587,0.021801,0.00016302,0.012642
0.085471,0.10011,0.35127,0.28266,0.12004,0.05176,0.00040321,0.0082847,0.24552,0.25573,0.27625,0.15617,0.042136,0.017269,0.0010954,0.0058303
0.071083,0.16614,0.27073,0.31539,0.11856,0.047881,0.00032203,0.0099047,0.21797,0.22756,0.3306,0.13878,0.054401,0.028592,5.3813e-005,0.0020453
0.090736,0.16467,0.26722,0.29028,0.11533,0.056432,0.00031856,0.015005,0.21826,0.30007,0.25781,0.12931,0.057055,0.031552,0.0031871,0.0027606
0.081688,0.14126,0.26318,0.28881,0.12592,0.076335,0.0015502,0.021263,0.13118,0.35714,0.27784,0.16316,0.054012,0.009258,0.00049655,0.0069135
0.047931,0.15847,0.29034,0.30717,0.11942,0.05896,0.0018184,0.015895,0.24258,0.31077,0.21529,0.14038,0.060703,0.019779,0.00022808,0.010278
0.087127,0.10322,0.33245,0.27572,0.11147,0.068126,0.00025758,0.021633,0.1882,0.27332,0.25203,0.15701,0.086263,0.030364,0.0011484,0.011671
0.086021,0.14212,0.2653,0.31383,0.10153,0.061102,0.00066775,0.029426,0.21764,0.24013,0.27773,0.17554,0.049079,0.034141,0.0032954,0.0024447
0.071537,0.12762,0.31186,0.2884,0.097135,0.084397,0.00050383,0.018554,0.27022,0.26349,0.25341,0.13676,0.059922,0.010144,0.00077124,0.0052882
0.086352,0.16728,0.29168,0.23931,0.080223,0.11063,0.0030498,0.02148,0.25241,0.23167,0.25084,0.12545,0.084606,0.04251,0.0017485,0.01077
0.086743,0.17844,0.29835,0.23148,0.10541,0.086647,0.00035679,0.012577,0.23858,0.32734,0.22492,0.11739,0.049166,0.034642,2.0638e-005,0.0079397
0.078202,0.16612,0.27546,0.26374,0.13697,0.067915,0.003388,0.0082068,0.25298,0.30905,0.22835,0.11605,0.057135,0.022674,0.00069861,0.013064
0.061895,0.22626,0.26603,0.25862,0.10756,0.06441,0.0029503,0.012272,0.19957,0.27081,0.26839,0.15721,0.063145,0.027861,0.001528,0.011491
0.072072,0.17011,0.26942,0.29046,0.13575,0.038046,0.0070719,0.017077,0.18127,0.27,0.26899,0.15961,0.044774,0.052026,0.016754,0.0065838
0.069739,0.15081,0.27443,0.29606,0.12955,0.068138,0.0048113,0.0064738,0.19251,0.2998,0.23339,0.1173,0.095262,0.056964,0.00026673,0.0045131
0.080659,0.15221,0.27917,0.26133,0.11195,0.086583,0.014251,0.01385,0.28043,0.28871,0.20752,0.10028,0.061139,0.053879,0.0018903,0.0061521
0.07287,0.19895,0.332,0.2401,0.085528,0.058041,0.0046669,0.0078401,0.21254,0.27912,0.26663,0.10508,0.05592,0.073608,0.0026828,0.0044154
0.08262,0.18376,0.27671,0.26542,0.093006,0.076535,0.0044435,0.017517,0.22466,0.30131,0.25001,0.086714,0.078158,0.033193,0.013428,0.012523
0.086593,0.19815,0.24011,0.32323,0.076584,0.059364,0.0005958,0.015371,0.2504,0.29655,0.25435,0.10155,0.070129,0.017836,1.4522e-005,0.009166
0.08111,0.15592,0.26558,0.30769,0.10731,0.054558,0.0012471,0.026571,0.2489,0.25416,0.21667,0.15054,0.077022,0.039485,0.0028462,0.010381
0.069313,0.16814,0.28151,0.29799,0.090688,0.075693,0.0021457,0.01452,0.28829,0.26499,0.23397,0.10873,0.048639,0.045686,0.00029322,0.009404
0.10595,0.19416,0.2749,0.26434,0.085481,0.036404,0.0040274,0.034741,0.26566,0.32689,0.16861,0.11646,0.081554,0.033881,0.0049078,0.0020367
0.087877,0.18438,0.24162,0.28379,0.12959,0.055983,4.6059e-005,0.016718,0.20662,0.34039,0.1798,0.15372,0.089965,0.0070088,0.0052089,0.017284
0.093026,0.15978,0.2337,0.33204,0.10253,0.065109,0.00077241,0.013039,0.19532,0.33768,0.18965,0.14181,0.095856,0.01056,0.0089799,0.020146
0.094252,0.13386,0.30605,0.29663,0.098178,0.060721,0.0028814,0.0074269,0.24068,0.30327,0.19903,0.17205,0.064012,0.0081581,5.456e-005,0.012754
0.10905,0.1775,0.27574,0.26866,0.089205,0.060501,0.0048491,0.014497,0.19807,0.31909,0.21794,0.18578,0.06836,0.0042737,0.00083312,0.0056494
0.10708,0.17106,0.26779,0.25402,0.10391,0.052595,0.015395,0.028147,0.21653,0.30315,0.21317,0.17429,0.064524,0.0084494,1.4978e-005,0.019873
0.062837,0.13849,0.36301,0.24182,0.11243,0.059866,0.005728,0.015829,0.22414,0.26626,0.19845,0.21255,0.074274,0.013808,0.0010569,0.0094583
0.06539,0.16594,0.2918,0.24793,0.13475,0.07263,0.00411,0.017456,0.22706,0.31886,0.28471,0.075257,0.067212,0.023502,0.00044507,0.0029511
0.086673,0.17522,0.26713,0.26899,0.11105,0.075954,0.0032733,0.011702,0.23686,0.28754,0.28275,0.098693,0.062006,0.018933,2.912e-006,0.013215
0.06337,0.17752,0.26436,0.30082,0.11229,0.059641,0.0046644,0.017336,0.18793,0.32315,0.25181,0.13853,0.048784,0.017229,0.0064528,0.026112
0.053897,0.16126,0.27378,0.30091,0.13525,0.065259,0.0020404,0.0076013,0.25276,0.28502,0.1992,0.17472,0.052858,0.02954,0.0023409,0.0035683
0.074952,0.16351,0.26871,0.25674,0.13568,0.071412,0.0025094,0.026489,0.22199,0.29569,0.21583,0.15986,0.046049,0.04623,0.0045349,0.0098244
0.090918,0.14808,0.26515,0.27757,0.13355,0.065287,0.00033188,0.019111,0.18737,0.29185,0.27729,0.14637,0.066167,0.023644,0.00032631,0.006975
0.072879,0.14307,0.33045,0.26076,0.12154,0.044943,1.1722e-005,0.026337,0.18874,0.26806,0.26663,0.17532,0.056683,0.039848,0.0017368,0.0029899
0.061615,0.17816,0.32588,0.24217,0.11766,0.055785,0.0004786,0.018252,0.22469,0.26805,0.24387,0.17683,0.047126,0.027264,0.0032277,0.0089364
0.057272,0.15122,0.33803,0.26903,0.092461,0.077815,0.00048088,0.013693,0.18487,0.30635,0.29384,0.12728,0.055399,0.026137,0.00017418,0.0059455
0.075239,0.16906,0.33569,0.24071,0.1067,0.058112,6.1435e-005,0.014431,0.18854,0.31674,0.27261,0.16137,0.032224,0.023996,0.0011831,0.0033276
0.066012,0.18684,0.29944,0.2316,0.12491,0.072454,0.0024407,0.016305,0.20476,0.28,0.25841,0.18925,0.035708,0.029334,0.0019974,0.00053673
0.064281,0.14797,0.30824,0.25293,0.13783,0.071403,0.0020926,0.015248,0.24976,0.23574,0.25716,0.17941,0.046154,0.017227,0.00053784,0.014017
0.071035,0.17528,0.29491,0.21948,0.13189,0.095079,9.52e-005,0.012231,0.19587,0.29291,0.25546,0.16853,0.056359,0.011986,0.0035148,0.015377
0.062606,0.14469,0.3051,0.28172,0.13422,0.054026,0.00050467,0.017134,0.22019,0.31691,0.25688,0.087817,0.074783,0.024432,0.0046598,0.014322
0.090839,0.16886,0.2915,0.22993,0.14113,0.053862,0.0034973,0.020383,0.18376,0.28482,0.22494,0.15739,0.06771,0.055365,0.0043191,0.021701
0.066473,0.18097,0.29145,0.24788,0.14662,0.047985,0.0011297,0.017498,0.2136,0.29056,0.24395,0.14116,0.068789,0.029915,0.0018987,0.010125
0.066213,0.17778,0.2935,0.27228,0.10367,0.061119,0.0011228,0.024316,0.20987,0.32379,0.26679,0.12322,0.055923,0.016442,0.00027757,0.0036911
0.11253,0.14393,0.33503,0.25176,0.079786,0.0634,0.0018341,0.011725,0.1945,0.29402,0.26404,0.13847,0.068424,0.028879,0.0069197,0.0047482
0.085796,0.141,0.33683,0.26765,0.084183,0.064141,0.0094124,0.010979,0.24768,0.30781,0.23491,0.12808,0.064975,0.014324,0.0016879,0.0005382
0.11076,0.17689,0.27278,0.29033,0.063613,0.059547,0.0096313,0.016446,0.1839,0.27019,0.27965,0.13293,0.096303,0.020337,0.0092915,0.0073911
0.089703,0.17472,0.30241,0.30672,0.050358,0.054949,0.0019439,0.019202,0.2136,0.29903,0.20119,0.1309,0.12124,0.026734,0.00016143,0.0071388
0.091171,0.15662,0.30331,0.28913,0.091291,0.051026,0.0019114,0.015537,0.2298,0.27286,0.23588,0.13559,0.088988,0.027102,0.006257,0.0035266
0.083937,0.17678,0.24325,0.27306,0.11981,0.077995,0.0015761,0.023603,0.24745,0.30097,0.20272,0.14748,0.067164,0.022079,0.0047987,0.0073401
0.11,0.16543,0.30169,0.23273,0.11159,0.053717,0.0027001,0.022148,0.22401,0.30545,0.22297,0.17343,0.035774,0.032085,0.0048661,0.0014073
0.070365,0.18266,0.27428,0.27168,0.12972,0.043276,0.0034936,0.024521,0.24972,0.25019,0.22839,0.16967,0.046977,0.049686,0.0011169,0.0042445
0.081558,0.17232,0.29889,0.2826,0.11685,0.035869,6.6887e-005,0.011842,0.22694,0.26778,0.28532,0.13679,0.061273,0.018545,0.00029891,0.0030436
0.093047,0.11917,0.27976,0.29712,0.13313,0.060353,0.0028858,0.014535,0.21572,0.25676,0.27109,0.14962,0.0744,0.018723,0.0095194,0.0041652
0.082502,0.21461,0.22171,0.30347,0.094338,0.065327,0.0014737,0.016569,0.26112,0.26134,0.24123,0.15046,0.070995,0.0089805,0.00010557,0.0057726
0.083884,0.16796,0.295,0.29548,0.079438,0.05079,0.0049586,0.022492,0.2078,0.22909,0.27445,0.14848,0.093732,0.032173,0.0029167,0.011362
0.098431,0.13795,0.28554,0.32355,0.093812,0.04404,0.0036927,0.012979,0.24849,0.27406,0.26461,0.097239,0.071688,0.036107,0.0015722,0.0062334
0.098812,0.16615,0.27572,0.29691,0.091906,0.058182,0.002832,0.009484,0.23874,0.28494,0.26337,0.114,0.059106,0.026355,0.0022673,0.011218
0.073839,0.15558,0.33835,0.26535,0.077906,0.058036,0.0044057,0.026537,0.242,0.29158,0.25307,0.12877,0.039216,0.014134,0.011307,0.019934
0.066162,0.15279,0.2673,0.32346,0.09275,0.067334,0.00010177,0.030089,0.18845,0.27968,0.29093,0.12706,0.072296,0.020205,0.0041803,0.017195
0.093992,0.12837,0.30813,0.29124,0.093822,0.060196,0.0077437,0.016507,0.23646,0.29988,0.18266,0.16001,0.07508,0.021145,0.010679,0.014072
0.058306,0.12701,0.34931,0.27131,0.096108,0.083654,0.0058227,0.008484,0.19356,0.29746,0.23661,0.17526,0.061375,0.020476,0.0055296,0.0097317
0.054124,0.13762,0.30174,0.32793,0.07268,0.090532,0.0049534,0.010416,0.20668,0.27858,0.24625,0.15648,0.073464,0.025438,0.0063983,0.0067095
0.051537,0.13808,0.31322,0.2787,0.10927,0.085818,0.0013348,0.022038,0.19705,0.3115,0.24678,0.13339,0.077672,0.029383,0.0030677,0.001149
0.085881,0.14508,0.33278,0.27627,0.083443,0.050744,0.00080059,0.025002,0.18926,0.28425,0.24689,0.11836,0.09511,0.050706,0.0064406,0.0089843
0.051403,0.13526,0.28503,0.30121,0.12078,0.083962,0.009224,0.013134,0.20697,0.28498,0.20637,0.15229,0.077281,0.052129,0.0065353,0.013449
0.064232,0.13323,0.2893,0.31062,0.12062,0.054344,0.0071396,0.020511,0.23992,0.30289,0.18151,0.13414,0.075923,0.045842,0.00084793,0.018922
0.081115,0.11819,0.28302,0.28173,0.14908,0.063996,0.0007112,0.022155,0.27491,0.26862,0.2346,0.12735,0.051787,0.025021,0.00051214,0.017197
0.089438,0.13767,0.35789,0.22884,0.10188,0.05776,0.00029885,0.026215,0.26258,0.28,0.22788,0.12251,0.049182,0.018894,0.0013298,0.037623
0.07404,0.134,0.36841,0.2603,0.095144,0.055368,0.00068125,0.012059,0.27814,0.28794,0.19409,0.10227,0.11008,0.011748,0.00057152,0.015167
0.053032,0.15824,0.29384,0.29985,0.11728,0.049107,0.0010538,0.027601,0.21298,0.22199,0.24298,0.16274,0.11928,0.014089,0.0026013,0.023347
0.07476,0.16925,0.30348,0.30199,0.093734,0.046222,0.0012206,0.0093466,0.26953,0.16785,0.2369,0.15792,0.097798,0.028996,0.014849,0.026157
0.10504,0.1559,0.29073,0.27246,0.12709,0.044027,0.00066618,0.0040757,0.2427,0.19575,0.18916,0.1638,0.18365,0.018731,0.00038376,0.0058183
0.10135,0.18172,0.31418,0.2759,0.090632,0.022415,0.00020893,0.013605,0.26681,0.23299,0.22673,0.13321,0.11634,0.013322,0.00018785,0.010414
0.084031,0.15325,0.35791,0.24562,0.10436,0.023654,0.0062726,0.024911,0.23455,0.23138,0.23582,0.12553,0.14426,0.016503,0.00010541,0.01185
0.062595,0.15809,0.32454,0.28231,0.1212,0.024785,0.00062412,0.025849,0.25033,0.27241,0.2197,0.11872,0.096688,0.022025,0.0029091,0.017228
0.077417,0.13205,0.31289,0.28304,0.11878,0.06193,0.00037983,0.013518,0.25387,0.30063,0.22573,0.099108,0.080258,0.012478,0.010256,0.017669
0.094986,0.14049,0.29668,0.27159,0.10547,0.080011,0.00014576,0.010638,0.2451,0.27666,0.19993,0.11932,0.10934,0.040658,0.0016162,0.0073691
0.060027,0.16165,0.29787,0.31655,0.089877,0.054906,0.0035343,0.015575,0.298,0.25676,0.21931,0.11345,0.083001,0.019836,0.0010888,0.0085466
0.060524,0.18131,0.24221,0.29611,0.11566,0.06751,0.00036411,0.036309,0.27504,0.32122,0.19467,0.11348,0.070606,0.015345,0.0021017,0.0075326
0.055252,0.15529,0.29225,0.31906,0.11086,0.04262,0.0029677,0.021708,0.23009,0.34747,0.19296,0.11677,0.082664,0.02379,1.8266e-007,0.0062656
0.05244,0.17992,0.26259,0.30716,0.12262,0.05663,0.00025258,0.018377,0.23715,0.29803,0.25905,0.12079,0.061704,0.016568,0.00031563,0.006392
0.064959,0.14935,0.28809,0.29575,0.11832,0.074083,0.0011151,0.0083266,0.26513,0.30495,0.20467,0.10636,0.071442,0.037518,0.00096443,0.0089584
0.076184,0.16562,0.28617,0.31693,0.081471,0.059951,0.00083444,0.01283,0.2272,0.28972,0.21423,0.16272,0.08042,0.023144,5.2958e-006,0.0025475
0.093987,0.13193,0.2912,0.27779,0.11499,0.068423,0.00058897,0.021095,0.19933,0.28824,0.25096,0.13458,0.080061,0.035547,0.0020573,0.0092228
0.079421,0.19171,0.2914,0.2814,0.083375,0.06074,0.00071574,0.011237,0.24921,0.23519,0.27584,0.11282,0.08055,0.038138,0.0034831,0.0047605
0.083628,0.19038,0.28226,0.2276,0.10381,0.085907,0.002017,0.024394,0.22624,0.29525,0.26068,0.13246,0.062399,0.016654,0.0028897,0.0034263
0.072382,0.14829,0.3238,0.23797,0.12712,0.063391,0.00064028,0.026403,0.28327,0.27534,0.24139,0.10399,0.067483,0.015011,0.00061379,0.012904
0.084927,0.16659,0.27235,0.24365,0.14439,0.049584,0.0020199,0.036482,0.28856,0.29889,0.23033,0.1081,0.053032,0.014503,0.005971,0.00062626
0.078055,0.17806,0.29268,0.2453,0.14876,0.029525,0.0024019,0.025223,0.18873,0.33809,0.28674,0.10554,0.063901,0.011057,3.6569e-005,0.0059102
0.077296,0.11484,0.31598,0.31145,0.10156,0.048868,0.0031281,0.026866,0.22702,0.29701,0.32664,0.083922,0.040057,0.018799,0.00064007,0.0059087
0.075554,0.12025,0.3518,0.30067,0.084642,0.053739,0.001037,0.012312,0.18051,0.38555,0.22547,0.11535,0.06067,0.016624,0.0052114,0.010604
0.053943,0.16819,0.3362,0.2969,0.082403,0.031518,9.8294e-005,0.030743,0.15626,0.33107,0.26658,0.11195,0.075674,0.043501,0.0040328,0.01093
0.079464,0.16595,0.33253,0.26443,0.095779,0.049762,0.00017201,0.011916,0.17272,0.32566,0.27302,0.12387,0.067401,0.014349,0.0046385,0.018339
0.070151,0.17214,0.30073,0.24704,0.14203,0.055042,0.00060611,0.012261,0.17035,0.28063,0.31098,0.12074,0.060289,0.039105,0.011208,0.0066976
0.078161,0.14433,0.26502,0.25015,0.13978,0.085752,0.010888,0.025928,0.16516,0.30757,0.26554,0.13521,0.068998,0.035244,0.0060474,0.016228
0.079165,0.13542,0.29028,0.27841,0.1262,0.06832,0.010764,0.011438,0.20312,0.32608,0.19881,0.13402,0.087968,0.039658,0.00091862,0.0094275
0.074427,0.12594,0.28893,0.29137,0.11678,0.072592,0.012683,0.017283,0.2704,0.24585,0.2344,0.13787,0.06327,0.037017,0.0080048,0.0031837
0.063697,0.1606,0.3298,0.24614,0.097314,0.066249,0.020429,0.015773,0.23608,0.285,0.25157,0.14419,0.045975,0.0253,0.0060593,0.0058227
0.059434,0.12198,0.33093,0.30695,0.095921,0.068515,0.0024358,0.013841,0.2708,0.2871,0.24563,0.1171,0.032771,0.040751,4.3669e-006,0.0058395
0.10886,0.16733,0.29271,0.27484,0.075597,0.045178,0.0079766,0.027502,0.21461,0.29755,0.25365,0.13773,0.055352,0.033216,6.5451e-005,0.0078275
0.087028,0.15915,0.31058,0.24085,0.11596,0.063001,0.0031408,0.020284,0.21773,0.31097,0.2217,0.12281,0.086656,0.018882,0.0040015,0.017253
0.073956,0.17097,0.26873,0.29231,0.1125,0.060841,0.0089797,0.011715,0.19657,0.32131,0.25028,0.1339,0.06088,0.032775,0.00034221,0.0039388
0.079607,0.17988,0.30276,0.24465,0.10322,0.063284,0.0087192,0.017876,0.17775,0.29365,0.25001,0.15181,0.072551,0.047488,0.00030617,0.0064363
0.085192,0.15871,0.32746,0.252,0.11167,0.035784,0.0038161,0.025366,0.20651,0.25206,0.24932,0.14699,0.077285,0.060123,0.0056969,0.0020126
0.084479,0.16963,0.33159,0.26645,0.10305,0.030893,0.0014745,0.012431,0.22467,0.30554,0.21534,0.12922,0.07764,0.045513,0.00018986,0.0018744
0.077797,0.16721,0.26361,0.27468,0.14281,0.042129,0.00063754,0.031134,0.23516,0.28966,0.20621,0.13167,0.072667,0.051203,0.0002131,0.013221
0.087071,0.19863,0.24534,0.28402,0.13039,0.041215,0.0040515,0.0092736,0.29725,0.25525,0.1972,0.14221,0.066941,0.034271,0.0021446,0.0047321
0.10232,0.1728,0.24797,0.29851,0.10311,0.059664,0.0025029,0.013124,0.26223,0.30805,0.2416,0.095118,0.044595,0.034077,0.0097126,0.0046162
0.068246,0.17942,0.27147,0.27151,0.095199,0.09488,2.3151e-005,0.019252,0.2423,0.31668,0.23628,0.10182,0.073973,0.015186,0.00078465,0.012964
0.047993,0.1715,0.32208,0.27132,0.10286,0.06644,0.0031543,0.014646,0.24299,0.29341,0.23455,0.13491,0.059539,0.024698,0.00090543,0.0089982
0.067761,0.14725,0.33979,0.24636,0.099827,0.077048,7.1706e-005,0.021895,0.20792,0.28385,0.25417,0.13163,0.081031,0.02292,0.0057452,0.012729
0.084219,0.15589,0.35742,0.22042,0.10071,0.070469,0.00077421,0.010091,0.19651,0.30634,0.2347,0.14623,0.074061,0.032554,0.0018819,0.0077261
0.086015,0.15962,0.34399,0.26859,0.080399,0.052834,0.0021366,0.006419,0.16699,0.3027,0.23689,0.15006,0.10294,0.028049,0.00049944,0.011868
0.062298,0.18051,0.34841,0.23179,0.11761,0.053582,0.0006028,0.0051888,0.19178,0.26674,0.26911,0.13489,0.072111,0.051051,0.0025298,0.011795
0.080758,0.16191,0.2665,0.30708,0.12579,0.040902,0.0029502,0.014109,0.19308,0.31056,0.28693,0.10824,0.056234,0.039065,0.00067621,0.0052125
0.063796,0.13025,0.34982,0.30526,0.089259,0.045804,0.0069344,0.0088828,0.19499,0.28382,0.28089,0.13205,0.091277,0.011612,0.002648,0.0027141
0.056296,0.16028,0.2606,0.33239,0.1046,0.061359,0.0034105,0.021069,0.25038,0.25838,0.27079,0.10805,0.073296,0.021208,0.010109,0.0077819
0.064682,0.13583,0.28741,0.33147,0.12325,0.024496,0.0019367,0.030921,0.25964,0.3089,0.2376,0.10503,0.044933,0.035119,0.003255,0.0055226
0.078179,0.16561,0.28688,0.27025,0.11064,0.031994,0.00053177,0.055912,0.19699,0.26091,0.27634,0.17688,0.06425,0.013272,0.0028916,0.008472
0.091385,0.14714,0.30277,0.26705,0.11951,0.051435,0.00046292,0.020246,0.22032,0.29325,0.28216,0.1264,0.038904,0.031141,0.0010244,0.0067989
0.10338,0.12946,0.3123,0.26541,0.11429,0.049881,1.8888e-005,0.025264,0.25293,0.27204,0.27133,0.12631,0.044566,0.027255,0.002268,0.0032928
0.076334,0.17303,0.29973,0.26942,0.11223,0.05353,0.00051399,0.015213,0.17827,0.26475,0.25694,0.15832,0.092462,0.044721,0.0010426,0.0034894
0.070936,0.16131,0.32544,0.27604,0.083063,0.056823,0.0050387,0.021351,0.16154,0.34128,0.25024,0.13706,0.077678,0.024345,0.00086012,0.0069947
0.073384,0.20769,0.28253,0.26352,0.091361,0.058396,0.00037745,0.022741,0.18644,0.34743,0.20671,0.13137,0.077569,0.035584,0.00010903,0.014789
0.042867,0.2199,0.29823,0.25515,0.099303,0.069335,0.00043351,0.01478,0.17438,0.33485,0.22491,0.16533,0.059247,0.032033,0.00072227,0.0085179
0.054985,0.22211,0.30864,0.25312,0.094641,0.038659,0.0036935,0.024154,0.15208,0.33754,0.20503,0.15481,0.094894,0.048773,0.0021795,0.0046866
0.039198,0.19372,0.31294,0.23201,0.15186,0.048587,0.0039425,0.017742,0.19924,0.29056,0.26737,0.1175,0.074927,0.036593,0.0062348,0.0075687
0.049458,0.14897,0.30414,0.27517,0.12719,0.065676,0.007855,0.02155,0.20068,0.35534,0.20522,0.1105,0.1028,0.013217,0.0007666,0.011475
0.069538,0.19371,0.30087,0.23432,0.11135,0.076222,0.0028987,0.011089,0.26554,0.32908,0.20205,0.10779,0.062741,0.022436,0.0067401,0.0036233
0.07812,0.18896,0.31842,0.2495,0.088723,0.045751,0.0040476,0.026486,0.23963,0.3275,0.2188,0.14421,0.042697,0.022605,0.0024281,0.0021227
0.053465,0.17796,0.27012,0.24541,0.14367,0.075184,0.007842,0.02636,0.22771,0.28772,0.23467,0.15071,0.074433,0.019202,0.0011354,0.0044193
0.045077,0.17722,0.24664,0.28466,0.13339,0.084688,0.0043,0.024017,0.22634,0.34313,0.24072,0.10365,0.048669,0.024107,0.0053707,0.0080147
0.085381,0.17028,0.26672,0.25318,0.12801,0.083496,0.0025336,0.010393,0.21924,0.32573,0.23269,0.15128,0.033107,0.022116,0.004569,0.011265
0.08397,0.16216,0.26872,0.32681,0.079754,0.058535,0.009732,0.010322,0.22333,0.30347,0.19278,0.19317,0.060162,0.0058806,0.0081654,0.013044
0.056891,0.15894,0.32967,0.29486,0.086308,0.049944,0.0042556,0.019129,0.2432,0.27435,0.20142,0.16357,0.075966,0.028631,0.00221,0.010662
0.084798,0.15429,0.30109,0.30117,0.070693,0.067796,0.0023026,0.017854,0.21323,0.3196,0.23344,0.14553,0.061949,0.02483,6.8567e-005,0.0013555
0.075454,0.15882,0.29816,0.29218,0.078663,0.071187,0.0049674,0.020569,0.18937,0.29403,0.28892,0.1589,0.036787,0.026036,0.00065151,0.005303
0.0963,0.13324,0.30948,0.27707,0.095846,0.060723,0.0082032,0.01914,0.20953,0.29258,0.27906,0.13008,0.054033,0.027981,0.00069991,0.0060419
0.095831,0.13874,0.30869,0.26139,0.1069,0.064016,0.0022942,0.022136,0.18313,0.31437,0.30256,0.1116,0.057122,0.013203,0.00083589,0.017172
0.070204,0.1565,0.28109,0.2975,0.11274,0.037992,0.0058311,0.038146,0.18185,0.2298,0.30894,0.12463,0.095336,0.03995,0.0065854,0.012913
0.08652,0.13533,0.27283,0.31111,0.11719,0.033084,0.011502,0.032428,0.20981,0.29477,0.2422,0.12716,0.076284,0.032968,0.0062534,0.010549
0.11717,0.13695,0.26982,0.31548,0.098302,0.032239,0.0073363,0.022696,0.22873,0.27843,0.24349,0.12771,0.075885,0.030745,0.0027917,0.012226
0.08432,0.15537,0.25261,0.31554,0.12392,0.036319,0.007206,0.02471,0.22214,0.28929,0.28122,0.11693,0.045416,0.036653,0.00015767,0.0081927
0.12783,0.14694,0.27116,0.28681,0.10384,0.046901,0.0050136,0.011509,0.21389,0.3018,0.25962,0.10011,0.066001,0.040859,0.0042238,0.013484
0.085416,0.14635,0.29097,0.27061,0.098906,0.0881,0.0015908,0.01806,0.21768,0.29886,0.21447,0.13816,0.075035,0.028731,0.014264,0.0128
0.066552,0.17805,0.27156,0.30412,0.113,0.052892,0.0019202,0.011906,0.2406,0.30335,0.18995,0.12199,0.078745,0.034772,0.0076496,0.022936
0.077054,0.16128,0.23092,0.33562,0.14175,0.041096,0.00084588,0.011437,0.23846,0.32044,0.22286,0.12534,0.05201,0.027644,0.0045383,0.0087064
0.079777,0.14682,0.26245,0.30379,0.13389,0.057522,0.0011875,0.014561,0.24505,0.25955,0.26645,0.099034,0.059266,0.065853,0.0019285,0.002869
0.075763,0.13301,0.25993,0.322,0.1374,0.046966,0.0056824,0.019258,0.24212,0.31863,0.21858,0.1001,0.083255,0.027304,0.0088016,0.001209
0.068386,0.13326,0.3242,0.29877,0.12066,0.037797,0.00034468,0.016583,0.2725,0.28825,0.2479,0.098819,0.064277,0.020869,0.0033016,0.0040778
0.058465,0.17919,0.3079,0.29082,0.10612,0.033927,0.0015518,0.022032,0.23417,0.24678,0.29143,0.083574,0.10343,0.033175,0.0015514,0.0058792
0.045096,0.1799,0.29817,0.29289,0.13813,0.038243,0.00011043,0.0074569,0.22853,0.23048,0.2891,0.089938,0.10683,0.029354,0.0045958,0.021177
0.090278,0.16345,0.27995,0.25497,0.14515,0.044897,0.00027531,0.021017,0.20528,0.24775,0.325,0.098376,0.099798,0.01791,0.00054368,0.0053512
0.095327,0.19257,0.28553,0.26087,0.09745,0.040527,0.0022107,0.025518,0.22318,0.28218,0.29803,0.092665,0.057637,0.034621,0.003335,0.0083605
0.088009,0.15125,0.27838,0.30619,0.10767,0.054317,0.0033432,0.010843,0.22485,0.33429,0.25995,0.086327,0.069871,0.02024,0.0011188,0.0033516
0.08675,0.17181,0.27027,0.28919,0.10296,0.063678,0.0023893,0.012952,0.21675,0.28882,0.29004,0.093078,0.068809,0.038109,0.0018769,0.0025144
0.073785,0.18437,0.27105,0.25488,0.13761,0.064776,0.00060733,0.012919,0.23535,0.26628,0.22794,0.13106,0.078904,0.049586,0.0031914,0.0076841
0.090317,0.1781,0.27595,0.24976,0.10191,0.081204,0.0040327,0.018726,0.28046,0.29776,0.20254,0.13452,0.048577,0.030306,1.1667e-005,0.0058284
0.086871,0.12309,0.29178,0.27982,0.11512,0.080189,0.0061714,0.016954,0.28714,0.31351,0.14504,0.13082,0.079839,0.041289,0.00012146,0.0022327
0.071066,0.15513,0.28238,0.26379,0.10328,0.079302,0.0046709,0.040381,0.24943,0.29554,0.20055,0.11778,0.08384,0.046625,0.0039534,0.0022889
0.047771,0.15708,0.32122,0.25475,0.11616,0.070332,0.0077651,0.024919,0.20543,0.33355,0.22964,0.1313,0.07684,0.012518,0.0011747,0.0095515
0.087545,0.15069,0.29951,0.28097,0.093069,0.07221,0.0070042,0.009006,0.21433,0.2982,0.25289,0.12497,0.090255,0.014436,9.1972e-008,0.0049083
0.064358,0.17468,0.32338,0.23733,0.10703,0.077192,0.0014275,0.014593,0.19597,0.3703,0.24123,0.072838,0.097565,0.017551,0.00030061,0.0042396
0.065086,0.1812,0.28313,0.26885,0.12198,0.068176,0.0012816,0.0103,0.2553,0.31056,0.23006,0.12936,0.066199,0.0035524,0.00043437,0.0045361
0.063577,0.13185,0.28538,0.3213,0.12465,0.060757,0.00010711,0.012373,0.27698,0.29037,0.22857,0.13927,0.047805,0.011258,1.2687e-005,0.0057405
0.079304,0.18143,0.23416,0.28373,0.14341,0.067412,3.2616e-007,0.010551,0.25141,0.28834,0.25731,0.13067,0.055404,0.014984,2.5439e-006,0.0018754
0.05922,0.15377,0.269,0.31843,0.10146,0.087529,6.0042e-006,0.010588,0.19917,0.28727,0.27385,0.1544,0.066193,0.012193,3.2473e-005,0.006899
0.080957,0.17506,0.27088,0.30017,0.11891,0.042232,5.4722e-005,0.011732,0.19829,0.28147,0.24384,0.18177,0.066277,0.02113,0.0053451,0.0018862
0.078088,0.20245,0.25195,0.29824,0.095655,0.068427,0.00096025,0.0042359,0.21673,0.36186,0.24094,0.087932,0.07863,0.012859,0.00038247,0.00065891
0.059007,0.18601,0.25153,0.29316,0.094945,0.097471,0.008706,0.0091693,0.17775,0.34247,0.28211,0.11828,0.047976,0.029984,0.00069034,0.00075042
0.072042,0.18569,0.27122,0.23764,0.12211,0.086545,0.0059147,0.018833,0.18628,0.347,0.26321,0.13015,0.056191,0.013419,0.00012539,0.0036178
0.067721,0.16276,0.28374,0.25989,0.14062,0.072433,0.00025624,0.012574,0.19421,0.28189,0.30241,0.13053,0.048414,0.023872,0.0017621,0.016913
0.085312,0.20969,0.25875,0.26334,0.097973,0.066973,0.00082113,0.017145,0.19611,0.34307,0.2644,0.12686,0.055088,0.012605,1.7023e-005,0.001836
0.12021,0.14834,0.27488,0.28145,0.095117,0.053523,0.0017816,0.024706,0.25494,0.3016,0.26847,0.11406,0.043937,0.014475,0.00017591,0.0023398
0.084345,0.15113,0.29361,0.29931,0.10018,0.056611,0.00080585,0.014005,0.23527,0.3228,0.25855,0.099694,0.068101,0.013538,0.00029885,0.0017565
0.070483,0.14798,0.27802,0.31588,0.11394,0.059302,0.0010935,0.013298,0.24483,0.31382,0.22826,0.13725,0.046158,0.018724,0.0049113,0.0060359
0.075442,0.17716,0.30733,0.27464,0.11276,0.043241,0.0016009,0.007824,0.15043,0.30569,0.30196,0.1441,0.055175,0.039442,0.00067649,0.0025213
0.0532,0.14533,0.29422,0.32808,0.11486,0.039244,0.00074709,0.024321,0.19685,0.32663,0.29644,0.084415,0.06849,0.021326,0.00093959,0.0049046
0.051326,0.14382,0.31823,0.31591,0.11533,0.034471,0.00453,0.016379,0.19344,0.32641,0.27365,0.085235,0.077074,0.021322,0.012382,0.010482
0.071907,0.11582,0.30939,0.33866,0.11769,0.026722,0.0025771,0.017232,0.24271,0.30878,0.25575,0.066423,0.063366,0.05533,0.00010525,0.0075338
0.069036,0.15407,0.35499,0.27242,0.10396,0.02963,0.0036081,0.012273,0.22991,0.3355,0.24032,0.073597,0.074802,0.033858,0.0071376,0.0048777
0.080923,0.13133,0.32761,0.30853,0.096763,0.030428,0.010694,0.013726,0.23935,0.29961,0.22694,0.10009,0.069123,0.041058,0.011041,0.01279
0.070469,0.126,0.36773,0.27047,0.087732,0.059798,0.0031376,0.01466,0.22695,0.29012,0.26482,0.11217,0.064563,0.027067,0.0028143,0.011506
0.065735,0.17655,0.27871,0.30956,0.084773,0.052455,0.0044083,0.027811,0.25679,0.35766,0.22581,0.077224,0.052542,0.01941,0.0022664,0.0082961
0.069536,0.17259,0.26678,0.32651,0.10103,0.052115,0.0043517,0.0070859,0.24413,0.30794,0.25706,0.080586,0.067544,0.028576,0.0063434,0.0078248
0.057499,0.19193,0.26558,0.25712,0.097121,0.10349,0.0017057,0.025555,0.19229,0.3294,0.27539,0.091947,0.059864,0.035179,0.00037183,0.015556
0.049007,0.14092,0.29523,0.28735,0.12177,0.084768,0.0025979,0.018352,0.23816,0.2976,0.2505,0.096154,0.074531,0.034127,0.0014194,0.0075172
0.071983,0.14011,0.30136,0.31197,0.086717,0.066451,0.0027931,0.018622,0.20022,0.31448,0.30111,0.072969,0.084759,0.019142,3.2412e-005,0.0072908
0.06247,0.16929,0.30941,0.31639,0.061792,0.055468,0.0045383,0.020638,0.23204,0.24534,0.33241,0.094276,0.067621,0.022181,6.0409e-007,0.0061257
0.047709,0.15346,0.30278,0.31862,0.083444,0.077392,0.0014328,0.015156,0.25287,0.2405,0.32751,0.10045,0.061599,0.0079922,0.0016062,0.007468
0.097784,0.16521,0.34733,0.23875,0.058681,0.08,0.0028167,0.0094299,0.23428,0.3208,0.22262,0.11093,0.079743,0.026526,0.0019961,0.0031032
0.063436,0.16095,0.3053,0.28454,0.097438,0.074461,0.0018362,0.012049,0.23746,0.27531,0.23501,0.15637,0.063709,0.026693,0.00016959,0.005283
0.053766,0.16789,0.26657,0.32748,0.095231,0.074413,0.0029341,0.011723,0.20901,0.30671,0.27482,0.1218,0.060838,0.025394,6.3504e-005,0.0013637
0.038346,0.16602,0.26565,0.32401,0.105,0.068734,0.0015747,0.03066,0.23855,0.28085,0.27038,0.11187,0.054973,0.039082,0.00060468,0.00369
0.062628,0.15783,0.27266,0.30442,0.1073,0.070625,0.0025891,0.021942,0.27014,0.26005,0.2678,0.10243,0.059187,0.037255,7.9074e-005,0.0030629
0.046744,0.15419,0.2838,0.2931,0.13194,0.072085,0.0037816,0.014364,0.15166,0.31018,0.27826,0.13047,0.057721,0.05458,0.0012094,0.015927
0.057742,0.12493,0.27347,0.31874,0.15292,0.051444,0.0017473,0.019004,0.20189,0.30427,0.25373,0.12225,0.078053,0.033875,0.0048372,0.0010911
0.064629,0.13493,0.32881,0.25221,0.11716,0.079402,0.0019934,0.020866,0.23776,0.23302,0.26669,0.1058,0.12064,0.025386,0.00051193,0.010197
0.085521,0.14541,0.26803,0.30524,0.13184,0.036686,0.0042203,0.02306,0.23718,0.24775,0.24069,0.10047,0.10947,0.046317,0.011021,0.0071135
0.11581,0.13666,0.28686,0.27959,0.10817,0.052014,0.0055247,0.01537,0.23497,0.28397,0.23946,0.10882,0.10488,0.018162,0.0040334,0.0056919
0.072467,0.11994,0.35322,0.31296,0.086319,0.031388,0.00098006,0.022723,0.21371,0.29946,0.23774,0.1122,0.10498,0.01939,0.005989,0.0065396
0.058408,0.13619,0.2978,0.34557,0.12429,0.020183,4.9369e-005,0.01751,0.18207,0.28134,0.30389,0.098329,0.090804,0.027296,0.003024,0.013245
0.071327,0.20999,0.24938,0.31203,0.086717,0.029256,0.00054926,0.04074,0.20637,0.33168,0.23768,0.11457,0.05926,0.036666,0.0072721,0.0065084
0.06219,0.21655,0.26053,0.30205,0.10215,0.04328,0.0014343,0.011818,0.224,0.27194,0.2335,0.11202,0.078051,0.044041,0.0079531,0.028491
0.044842,0.17802,0.28913,0.26313,0.14907,0.05759,0.0022855,0.015928,0.20094,0.28092,0.27333,0.12387,0.077553,0.025854,0.008023,0.0095113
0.057444,0.11964,0.29836,0.32612,0.13362,0.049886,0.0024377,0.012479,0.19464,0.31326,0.23896,0.097884,0.074384,0.043369,0.0047342,0.032761
0.072129,0.11687,0.30151,0.31691,0.1406,0.028228,0.00079956,0.022953,0.19532,0.30362,0.25818,0.12157,0.084563,0.023136,0.0079308,0.0056776
0.075515,0.1642,0.32292,0.28818,0.095104,0.02111,0.0035159,0.029456,0.20214,0.27253,0.29668,0.10641,0.076419,0.037631,0.0019976,0.0061992
0.066557,0.16072,0.30298,0.30595,0.13159,0.018592,0.0020023,0.011601,0.24403,0.25012,0.28399,0.10915,0.066962,0.039197,0.0036076,0.0029421
0.075588,0.15968,0.2609,0.33886,0.1261,0.016495,0.0029658,0.0194,0.21565,0.2925,0.23431,0.12397,0.088875,0.018431,0.00030522,0.025964
0.059618,0.15071,0.28526,0.31275,0.14335,0.036682,0.00056023,0.01107,0.22612,0.34021,0.25793,0.092116,0.064475,0.017187,5.2807e-005,0.0019065
0.059701,0.16369,0.30942,0.2806,0.12743,0.049899,0.001799,0.0074675,0.22003,0.29205,0.30376,0.077416,0.060147,0.028797,0.0082077,0.0095883
0.070015,0.16607,0.26973,0.29444,0.12218,0.048553,0.0021703,0.026836,0.19294,0.30352,0.25822,0.13494,0.069656,0.01794,0.0041656,0.018612
0.077484,0.17475,0.29661,0.2561,0.1102,0.064769,0.0018378,0.01825,0.17395,0.27793,0.29172,0.16649,0.063919,0.012719,0.0048785,0.0083976
0.07009,0.20303,0.25549,0.28091,0.095854,0.078925,0.0002091,0.015502,0.21661,0.26404,0.28482,0.13166,0.081209,0.01125,0.00016904,0.010259
0.043956,0.15382,0.28644,0.31997,0.096493,0.080505,0.0031713,0.015645,0.1954,0.28647,0.23435,0.17574,0.058192,0.042624,0.0012408,0.0059856
0.058362,0.21238,0.29238,0.24318,0.10702,0.05794,0.0052746,0.023464,0.19535,0.33187,0.21411,0.13712,0.077644,0.037865,0.0013314,0.0047102
0.046252,0.13174,0.31333,0.34334,0.10042,0.040055,0.0035976,0.021264,0.23129,0.31332,0.22605,0.12309,0.086022,0.016249,0.0021333,0.0018536
0.062246,0.12148,0.32991,0.31151,0.087641,0.062289,0.0022263,0.022701,0.22801,0.26892,0.23165,0.13787,0.071545,0.041426,0.0032703,0.017302
0.076117,0.14571,0.31186,0.29238,0.081222,0.075171,0.00021635,0.017333,0.16641,0.3462,0.19686,0.15516,0.079643,0.024387,0.00084446,0.030489
0.059699,0.17619,0.30804,0.30944,0.075805,0.046489,0.0022889,0.022055,0.18489,0.30988,0.25488,0.11799,0.070998,0.031121,0.0066288,0.023608
0.072907,0.16179,0.28283,0.2845,0.11261,0.055801,0.0031394,0.02642,0.22932,0.31166,0.24029,0.11945,0.066114,0.030543,1.4353e-005,0.0026069
0.069322,0.14689,0.28369,0.27273,0.11525,0.090635,0.0012982,0.020187,0.23155,0.32732,0.20861,0.13206,0.067923,0.021418,0.0037516,0.0073682
0.061151,0.19508,0.29194,0.31552,0.083468,0.037786,0.00018856,0.014871,0.22269,0.32768,0.20752,0.15265,0.067328,0.015019,0.00059416,0.0065242
0.082862,0.16857,0.2964,0.27245,0.11879,0.03531,0.00053503,0.025079,0.25283,0.30109,0.22155,0.11052,0.095173,0.015457,0.0012936,0.002096
0.059761,0.17392,0.29217,0.29827,0.1021,0.061754,0.00071194,0.01131,0.25814,0.27904,0.21583,0.13012,0.090976,0.010713,0.00084238,0.014335
0.06846,0.16716,0.27425,0.31386,0.10878,0.052848,0.0065267,0.0081146,0.21585,0.24366,0.24663,0.14117,0.11491,0.019691,0.00043383,0.017662
0.071099,0.18173,0.32475,0.25067,0.094391,0.053437,0.009228,0.014695,0.19713,0.26187,0.25788,0.16128,0.085775,0.013647,0.0030005,0.019414
0.072233,0.19731,0.31595,0.22922,0.10521,0.063703,0.0011337,0.015235,0.17824,0.25832,0.27537,0.16611,0.090966,0.013974,0.0024812,0.014539
0.072031,0.20547,0.31538,0.23036,0.10757,0.046399,0.00029763,0.022481,0.20176,0.25354,0.27378,0.14369,0.08807,0.013264,0.0016898,0.024203
0.047305,0.13394,0.29836,0.30938,0.11229,0.073266,0.0021885,0.023263,0.20567,0.24797,0.26553,0.1697,0.084472,0.02014,5.9328e-005,0.0064624
0.063948,0.21665,0.27759,0.30066,0.10975,0.022774,1.9468e-007,0.0086218,0.17016,0.2686,0.27384,0.18109,0.06511,0.025854,0.0037028,0.011644
0.075674,0.20395,0.24402,0.30256,0.11334,0.036308,8.0709e-010,0.024144,0.22544,0.29335,0.27855,0.11261,0.056542,0.010581,0.0019091,0.021019
0.080109,0.20573,0.23348,0.30283,0.10324,0.062883,5.2031e-011,0.011719,0.22118,0.3263,0.2082,0.11872,0.063643,0.033768,0.0037273,0.024469
0.065262,0.18128,0.24677,0.28332,0.15169,0.042369,3.6673e-005,0.029274,0.25402,0.31783,0.21021,0.10543,0.084756,0.023812,0.002715,0.001225
0.079672,0.15585,0.22382,0.30063,0.15493,0.055918,7.4219e-005,0.029094,0.21223,0.36533,0.19358,0.11312,0.080721,0.025928,0.0075926,0.0015048
0.098681,0.15286,0.28212,0.29338,0.096368,0.058306,0.0042879,0.013993,0.26303,0.33349,0.20597,0.076321,0.078143,0.033356,0.0077225,0.0019722
0.097733,0.18537,0.29485,0.26343,0.10946,0.040051,0.0008262,0.008277,0.22225,0.36432,0.18782,0.10894,0.079221,0.035128,0.0021013,0.00021688
0.074595,0.20466,0.22387,0.30923,0.12804,0.036852,0.0071836,0.015563,0.22926,0.29289,0.21415,0.13473,0.080221,0.037045,0.0018927,0.0098149
0.074593,0.19608,0.25876,0.30699,0.091207,0.045409,0.0087601,0.018206,0.23892,0.27034,0.2512,0.11477,0.074019,0.037016,0.0011779,0.01256
0.085431,0.1715,0.29306,0.27413,0.085085,0.073093,0.0079879,0.0097135,0.23771,0.22991,0.24466,0.13276,0.084096,0.049133,0.010957,0.010763
0.074579,0.1681,0.29018,0.27687,0.12208,0.050994,0.001122,0.016073,0.22179,0.23627,0.24799,0.14241,0.10509,0.022287,0.010714,0.013453
0.094446,0.18132,0.26483,0.23237,0.15138,0.06574,0.002518,0.0073978,0.2312,0.3051,0.22284,0.12702,0.083472,0.021737,0.0031313,0.0055051
0.074693,0.14946,0.30434,0.26489,0.10491,0.089827,0.0017905,0.010087,0.22428,0.34376,0.19614,0.14581,0.060726,0.018633,0.0058525,0.0047906
0.081457,0.14884,0.32667,0.25133,0.090999,0.086379,3.4972e-006,0.014322,0.27115,0.3281,0.21467,0.093833,0.070978,0.01123,0.0010299,0.009004
0.081146,0.14229,0.28115,0.30147,0.11745,0.067343,9.523e-005,0.0090688,0.2196,0.3717,0.21433,0.079538,0.069843,0.025365,0.0030937,0.016528
0.076923,0.13914,0.30491,0.29112,0.109,0.070786,1.7565e-006,0.0081215,0.17843,0.3693,0.24467,0.07417,0.091395,0.021588,0.00077089,0.019672
0.091005,0.19431,0.26744,0.26372,0.11499,0.041787,5.7069e-005,0.026694,0.17777,0.32372,0.21271,0.12956,0.11679,0.022615,0.0021877,0.014635
0.083885,0.15645,0.30223,0.28937,0.11261,0.030311,0.0017817,0.02336,0.25384,0.32627,0.19314,0.10905,0.10186,0.012442,0.00079388,0.0026038
0.065766,0.13508,0.33365,0.27417,0.13023,0.042,0.00057974,0.018532,0.21601,0.31247,0.22397,0.12177,0.080248,0.025729,0.0083259,0.011477
0.092781,0.17136,0.31274,0.28151,0.091856,0.035073,0.00091572,0.013772,0.23037,0.31673,0.22991,0.097234,0.093961,0.019897,0.0043536,0.0075456
0.1003,0.14471,0.28436,0.26936,0.10797,0.073856,0.0042577,0.015193,0.24038,0.28228,0.23381,0.12462,0.049074,0.040534,0.0068788,0.022421
0.067204,0.17639,0.27492,0.28292,0.099272,0.076612,0.0053515,0.01732,0.23196,0.22698,0.2496,0.18053,0.056004,0.047722,0.0055551,0.0016445
0.08828,0.17756,0.27044,0.30664,0.087649,0.056811,0.0016496,0.010964,0.26008,0.29885,0.1945,0.11555,0.058946,0.062641,0.0020252,0.0074052
0.059224,0.18915,0.34628,0.30517,0.061474,0.027258,2.6082e-005,0.011409,0.24592,0.3152,0.22044,0.12493,0.065623,0.015634,0.0060573,0.0061945
0.072529,0.17435,0.31575,0.3277,0.06286,0.023575,0.009378,0.013858,0.20379,0.36292,0.18997,0.15204,0.063832,0.019945,0.00086461,0.0066457
0.072567,0.14151,0.31139,0.29216,0.091561,0.057956,0.00011893,0.032741,0.20235,0.30687,0.2122,0.12122,0.085342,0.044938,0.0052877,0.02178
0.080168,0.15179,0.27167,0.30911,0.11062,0.044387,0.0018253,0.030427,0.23568,0.3434,0.20696,0.1143,0.073367,0.016659,0.004141,0.005485
0.10092,0.15134,0.25459,0.32881,0.1049,0.030219,1.1415e-005,0.029205,0.2038,0.32377,0.24829,0.1267,0.058713,0.015945,0.0073219,0.015457
0.068958,0.17831,0.30206,0.3033,0.089928,0.037773,0.00014822,0.019521,0.20073,0.35298,0.23366,0.13095,0.047294,0.015268,0.0030312,0.016089
0.077641,0.16058,0.34511,0.23843,0.11761,0.035373,0.0077786,0.017476,0.1884,0.34953,0.22973,0.12198,0.0549,0.045218,0.0006771,0.0095617
0.077625,0.15835,0.26555,0.25704,0.14445,0.073357,0.0051858,0.018438,0.21402,0.26811,0.26383,0.10163,0.084105,0.049898,0.0014445,0.016959
0.089721,0.14163,0.30806,0.26608,0.10287,0.081403,0.002683,0.0075481,0.21293,0.26512,0.28675,0.083122,0.10948,0.034741,0.0024504,0.0053966
0.0622,0.18749,0.27512,0.25864,0.13286,0.073043,0.00025517,0.010396,0.20269,0.2894,0.32668,0.081819,0.04968,0.03621,0.0033502,0.010173
0.077441,0.15489,0.30162,0.26939,0.11582,0.066216,0.0015041,0.013121,0.22904,0.24499,0.2307,0.14992,0.059272,0.044953,0.014837,0.026288
0.085333,0.15983,0.27844,0.29108,0.11109,0.04434,0.0018268,0.028061,0.222,0.28766,0.24924,0.13901,0.068453,0.024304,0.00033012,0.0090148
0.077052,0.14792,0.24417,0.3262,0.12284,0.064657,0.00049152,0.016672,0.23958,0.29477,0.2291,0.10889,0.094082,0.027018,0.0045744,0.0019812
0.067527,0.15659,0.30462,0.26746,0.10947,0.068351,0.00101,0.02498,0.28475,0.27825,0.21822,0.06195,0.11404,0.024448,0.011529,0.006819
0.082544,0.13481,0.29836,0.29627,0.087057,0.085594,0.00013575,0.01522,0.29584,0.19745,0.26428,0.065603,0.14116,0.032631,0.00029362,0.002737
0.06475,0.15239,0.27735,0.31894,0.079579,0.088371,0.0034605,0.015153,0.29014,0.24133,0.21697,0.084152,0.1378,0.020381,0.0028621,0.0063625
0.077089,0.12742,0.34567,0.24773,0.10679,0.082217,0.0030063,0.010075,0.20172,0.31897,0.27496,0.059259,0.098071,0.044971,0.0017341,0.00031946
0.097715,0.13053,0.25098,0.31952,0.12814,0.046955,0.0034574,0.022708,0.23179,0.37563,0.18599,0.051834,0.070501,0.052552,0.011669,0.020036
0.080412,0.14548,0.28633,0.29642,0.13131,0.048464,0.00058013,0.010998,0.22033,0.36422,0.21894,0.08948,0.074053,0.016415,0.0010078,0.015555
0.08169,0.15618,0.33964,0.24413,0.11814,0.042516,0.0042727,0.013426,0.21425,0.37014,0.21753,0.066952,0.092103,0.028788,0.0019252,0.0083117
0.065751,0.15112,0.29622,0.28703,0.1267,0.053443,0.0066565,0.01308,0.22561,0.32266,0.2248,0.060551,0.094601,0.053668,0.00033641,0.01777
0.12271,0.13996,0.2582,0.27594,0.11893,0.069704,0.0023273,0.012232,0.22423,0.28646,0.26931,0.074188,0.074843,0.040501,0.011444,0.019025
0.081758,0.12719,0.34442,0.25633,0.11284,0.053425,0.0065801,0.017459,0.22145,0.26572,0.26191,0.092624,0.088835,0.045026,0.0029148,0.021515
0.086017,0.17326,0.30428,0.22351,0.11317,0.072688,0.010955,0.016132,0.22659,0.27166,0.29591,0.090441,0.069775,0.036855,0.0012115,0.0075636
0.10046,0.20181,0.29037,0.24203,0.078804,0.063534,0.0018487,0.021146,0.26644,0.21596,0.29128,0.099547,0.086394,0.031336,0.0033486,0.0056909
0.094377,0.1604,0.27189,0.26816,0.10651,0.080455,3.2779e-005,0.018183,0.26809,0.24933,0.29533,0.072937,0.061068,0.026091,0.0010273,0.026123
0.089317,0.14696,0.29294,0.29391,0.11181,0.051688,0.00032974,0.01305,0.22871,0.31744,0.2844,0.091477,0.052976,0.020032,7.7165e-006,0.0049496
0.084954,0.15237,0.27688,0.31072,0.089385,0.065426,0.0012141,0.019058,0.25976,0.24107,0.29507,0.086623,0.084106,0.019544,0.00084921,0.012976
0.093004,0.17542,0.30796,0.27598,0.093508,0.046107,3.8044e-005,0.007987,0.33399,0.2248,0.2445,0.088638,0.063279,0.042864,9.1858e-005,0.0018336
0.065767,0.16532,0.25279,0.34806,0.10596,0.053523,0.00010369,0.0084775,0.24155,0.25993,0.24105,0.15996,0.059901,0.034386,0.00078685,0.0024359
0.088932,0.17901,0.28852,0.2569,0.12987,0.043911,0.0043161,0.0085462,0.25029,0.23827,0.2315,0.14977,0.096103,0.029604,0.0022169,0.0022396
0.073898,0.18651,0.30505,0.26258,0.11352,0.048836,0.0014428,0.0081572,0.31228,0.29333,0.16506,0.11314,0.081551,0.027722,0.00064681,0.0062754
0.079445,0.12376,0.31867,0.30135,0.10927,0.050758,0.00065704,0.016097,0.23088,0.27916,0.22512,0.12784,0.091869,0.035859,0.0013637,0.0079036
0.089573,0.17748,0.27693,0.26901,0.12095,0.051278,9.0455e-005,0.014682,0.22298,0.29975,0.23802,0.097785,0.10278,0.025476,0.00043945,0.012766
0.071614,0.16523,0.28808,0.31393,0.11677,0.030322,0.002429,0.011629,0.23297,0.27758,0.28298,0.10466,0.082092,0.0084348,0.007266,0.0040148
0.067151,0.12401,0.27752,0.32636,0.12367,0.063649,2.5683e-007,0.01763,0.24674,0.22604,0.25467,0.10977,0.098971,0.042443,0.0079987,0.01337
0.076869,0.1652,0.33948,0.22017,0.1094,0.078136,0.0031678,0.0075754,0.21164,0.21672,0.34417,0.10136,0.07422,0.038709,0.0025009,0.010676
0.07132,0.16994,0.30756,0.24853,0.1151,0.062011,0.0025977,0.022954,0.21363,0.27554,0.26902,0.14074,0.082773,0.015697,0.00022569,0.002376
0.076605,0.14006,0.30592,0.27499,0.12507,0.055934,0.003545,0.017873,0.25361,0.25225,0.30942,0.10041,0.064892,0.015281,0.00035561,0.0037823
0.069186,0.20044,0.24875,0.27298,0.10606,0.061163,0.019056,0.022368,0.20907,0.20618,0.37805,0.10298,0.061841,0.033572,0.00030487,0.0080014
0.044787,0.16932,0.2649,0.31216,0.09191,0.075396,0.012999,0.028529,0.20951,0.20701,0.3452,0.12988,0.053855,0.037293,0.0025422,0.014709
0.071674,0.16851,0.26904,0.32536,0.075661,0.06811,0.0030177,0.018626,0.22483,0.22189,0.29889,0.124,0.10411,0.025836,0.00033391,0.00011254
0.096272,0.18192,0.2818,0.24405,0.10697,0.065933,0.0021783,0.020875,0.20419,0.25451,0.28952,0.11804,0.067107,0.052415,0.0013552,0.012858
0.12268,0.13924,0.27721,0.2397,0.12482,0.079932,0.0041427,0.012262,0.24231,0.26137,0.27923,0.10323,0.057863,0.053128,0.00036928,0.0025095
0.080191,0.16012,0.28965,0.27733,0.090426,0.079924,0.012378,0.0099789,0.28239,0.23588,0.30216,0.086967,0.06296,0.020567,0.00029555,0.00878
0.092221,0.1658,0.28809,0.22621,0.12775,0.053258,0.016304,0.030364,0.27617,0.2113,0.27662,0.11059,0.097881,0.023366,0.0038936,0.00017933
0.04984,0.20059,0.27965,0.28538,0.098364,0.05624,0.010283,0.019651,0.30087,0.30491,0.22254,0.06997,0.058827,0.033871,0.0047108,0.0043051
0.086095,0.13717,0.31296,0.2558,0.11034,0.070774,0.0066569,0.020202,0.24499,0.3564,0.18684,0.10176,0.064756,0.028593,0.010635,0.0060313
0.07854,0.15851,0.30383,0.26843,0.11071,0.04427,0.0049169,0.030795,0.23065,0.29779,0.22706,0.059302,0.094824,0.078456,0.0044897,0.007422
0.091739,0.16213,0.28082,0.30678,0.09585,0.046669,0.00010929,0.015903,0.25159,0.3304,0.2054,0.075345,0.091377,0.021393,0.010842,0.013653
0.075389,0.12447,0.3121,0.3116,0.11139,0.05231,0.0011715,0.01157,0.25776,0.309,0.20764,0.12413,0.07312,0.014336,0.0077787,0.006235
0.067611,0.13288,0.31887,0.32515,0.095875,0.040264,0.0013042,0.018037,0.21762,0.37713,0.2116,0.11249,0.05883,0.01166,0.0032229,0.007444
0.065503,0.15438,0.33556,0.28616,0.094058,0.039058,0.011858,0.013425,0.20581,0.31816,0.27065,0.11867,0.055285,0.021626,0.0010806,0.0087266
0.049247,0.14525,0.32705,0.33559,0.087725,0.035933,0.0032339,0.015971,0.19009,0.32701,0.26705,0.12359,0.050298,0.033153,0.0014652,0.0073394
0.070541,0.15837,0.27008,0.31262,0.11017,0.051557,0.0075512,0.019115,0.20476,0.31656,0.28238,0.10698,0.045308,0.037465,0.00021073,0.006348
0.061382,0.17774,0.25624,0.2744,0.13632,0.066747,0.0089016,0.018273,0.26008,0.28581,0.24191,0.07436,0.094999,0.03381,0.00029839,0.0087344
0.10711,0.18046,0.25784,0.26399,0.11061,0.059257,0.0032807,0.017457,0.24466,0.28233,0.25779,0.11809,0.077491,0.018377,3.1482e-005,0.0012287
0.074552,0.19045,0.29094,0.25458,0.11558,0.055867,0.0026498,0.015377,0.23357,0.26501,0.24912,0.09105,0.1,0.053848,0.0021726,0.0052227
0.089488,0.1627,0.30484,0.26185,0.091833,0.055998,0.00079159,0.032499,0.26633,0.3163,0.23711,0.07849,0.066644,0.033097,0.00073328,0.001296
0.080375,0.12787,0.36079,0.26229,0.096618,0.054207,0.0037387,0.01411,0.22198,0.24974,0.26901,0.073599,0.12953,0.054427,0.00080501,0.00091533
0.074989,0.16949,0.31602,0.27617,0.085673,0.050991,0.0035057,0.023167,0.22639,0.26781,0.26817,0.085206,0.08964,0.05322,0.0019578,0.0076074
0.069453,0.17092,0.34286,0.25348,0.073718,0.056341,0.00040696,0.032822,0.26516,0.27096,0.26713,0.063887,0.099878,0.025268,0.0054958,0.0022282
0.06554,0.16031,0.35757,0.25494,0.087051,0.049768,0.0042269,0.020599,0.18208,0.35385,0.25436,0.085405,0.077751,0.029579,0.0081138,0.0088631
0.066396,0.16311,0.28155,0.23948,0.1291,0.096709,0.0027419,0.020923,0.19291,0.32636,0.23528,0.11201,0.064688,0.059891,0.00088599,0.0079672
0.065468,0.14274,0.30316,0.27976,0.10588,0.088783,0.00040644,0.013816,0.26154,0.25992,0.23376,0.09398,0.079675,0.047709,0.0044371,0.018977
0.085493,0.1569,0.33997,0.25188,0.075133,0.074876,0.00012451,0.015617,0.24347,0.31837,0.20345,0.094875,0.11181,0.02204,0.00077607,0.0052171
0.07193,0.13591,0.3013,0.28758,0.11294,0.064255,7.7011e-005,0.026017,0.23674,0.31411,0.18051,0.11726,0.11369,0.031579,0.00020725,0.0059028
0.08418,0.12817,0.28164,0.29413,0.1017,0.079588,0.003667,0.026921,0.16326,0.31527,0.29558,0.10025,0.094786,0.019414,0.0025017,0.0089502
0.084872,0.13266,0.37165,0.23178,0.087412,0.066841,0.00059401,0.024196,0.20876,0.30488,0.2649,0.092006,0.090351,0.037568,0.00070568,0.00082733
0.0926,0.10439,0.25773,0.31796,0.13293,0.078302,0.003219,0.012868,0.21643,0.24318,0.26458,0.12114,0.098851,0.050251,0.00027134,0.0053011
0.092217,0.14725,0.32123,0.27566,0.096605,0.043357,0.0068074,0.016863,0.21161,0.22986,0.26943,0.1822,0.077567,0.028589,0.00029841,0.00045182
0.099567,0.16406,0.28599,0.27114,0.11176,0.047402,0.0091828,0.010895,0.26473,0.21095,0.28445,0.1506,0.052798,0.03311,0.0008357,0.0025307
0.11678,0.18175,0.28277,0.24062,0.081151,0.075587,0.0010729,0.020268,0.28654,0.23891,0.23396,0.14259,0.057394,0.028337,0.0017308,0.010545
0.10021,0.15497,0.27638,0.28324,0.087807,0.077988,0.0014555,0.017943,0.23653,0.21495,0.30434,0.1083,0.10373,0.030271,0.00084516,0.0010368
0.069726,0.17734,0.29004,0.27249,0.089761,0.086614,0.0013629,0.01267,0.19879,0.31192,0.26896,0.078627,0.097742,0.021953,0.015561,0.0064408
0.085029,0.15536,0.31588,0.25304,0.11403,0.063259,0.00059085,0.012813,0.21203,0.34614,0.24827,0.054595,0.10747,0.020866,0.0025215,0.0081069
0.070409,0.18963,0.30673,0.24689,0.097831,0.065787,0.0019949,0.02073,0.30557,0.26753,0.28178,0.061358,0.04902,0.016365,0.0082581,0.010126
0.081184,0.19481,0.32585,0.2244,0.10562,0.047524,0.00068541,0.01993,0.28248,0.28188,0.23932,0.067358,0.086833,0.026142,0.00068558,0.015304
0.08527,0.1727,0.29726,0.23239,0.1314,0.060488,0.00045226,0.020035,0.25721,0.33819,0.19241,0.12923,0.030478,0.027923,0.0082734,0.016285
0.096935,0.18304,0.28491,0.23304,0.10028,0.078009,5.4412e-006,0.023777,0.30458,0.22114,0.25562,0.1292,0.052733,0.014072,0.01892,0.0037356
0.084313,0.18392,0.31387,0.23779,0.11497,0.054512,0.00066008,0.0099641,0.26224,0.26134,0.25069,0.11406,0.061163,0.025781,0.014056,0.010672
0.053847,0.17715,0.34225,0.25381,0.096442,0.062977,0.001285,0.012245,0.2618,0.24245,0.23939,0.15485,0.057308,0.024864,0.0059692,0.013375
0.079261,0.13471,0.34895,0.29077,0.067655,0.061517,0.0039754,0.013161,0.25396,0.27367,0.25238,0.12069,0.058586,0.024852,0.0089319,0.006927
0.059534,0.15503,0.28154,0.28179,0.11979,0.076879,0.0077185,0.017724,0.27819,0.22179,0.25159,0.11351,0.084895,0.028365,0.0050262,0.016638
0.078208,0.14641,0.32242,0.27104,0.10786,0.046977,0.00093774,0.026154,0.25942,0.23279,0.26469,0.13418,0.078338,0.017198,0.0057486,0.0076361
0.077304,0.14999,0.28742,0.28716,0.13422,0.043189,0.0027998,0.017917,0.27935,0.23483,0.21955,0.11493,0.088667,0.050892,0.0041783,0.0076008
0.099684,0.16779,0.26924,0.28283,0.11001,0.03897,0.0019449,0.029533,0.22095,0.21989,0.22186,0.15526,0.12613,0.031794,0.0021102,0.022013
0.064506,0.18232,0.31143,0.26949,0.076745,0.05701,0.0088185,0.029681,0.20666,0.3061,0.21966,0.079749,0.10188,0.04708,0.011348,0.027524
0.063174,0.1844,0.26921,0.31124,0.10546,0.039985,0.010476,0.016054,0.30141,0.33087,0.16065,0.081081,0.064254,0.04761,0.0054721,0.0086637
0.066062,0.14529,0.30108,0.30532,0.11793,0.047081,5.5373e-005,0.017179,0.30114,0.32725,0.1807,0.092777,0.067701,0.012281,0.002728,0.015425
0.069207,0.15019,0.30469,0.28425,0.10195,0.067077,0.00098734,0.021649,0.2525,0.35885,0.16615,0.085627,0.072157,0.020325,0.023027,0.021357
0.052334,0.12109,0.33499,0.26401,0.1232,0.074686,0.0006212,0.029059,0.30013,0.2665,0.2649,0.093952,0.041751,0.011828,0.0096952,0.011239
0.051607,0.13762,0.30836,0.27729,0.13509,0.060074,0.0049471,0.025018,0.27134,0.23491,0.27538,0.10918,0.071874,0.018394,0.0073632,0.011554
0.077656,0.14382,0.28642,0.27624,0.1323,0.048255,0.0027799,0.032535,0.23211,0.24508,0.25398,0.1548,0.062513,0.035777,0.0047717,0.010962
0.093084,0.15735,0.29989,0.27992,0.083574,0.069905,0.00054884,0.015725,0.22737,0.27586,0.22266,0.12289,0.087262,0.042491,0.01328,0.0081809
0.078131,0.18535,0.31958,0.24454,0.097822,0.061395,0.00058264,0.012601,0.21885,0.27977,0.23767,0.12288,0.079955,0.024464,0.0042269,0.032181
0.078428,0.17596,0.29591,0.25401,0.12168,0.057228,0.00058564,0.016201,0.228,0.32566,0.21817,0.14358,0.060801,0.015805,0.0021981,0.0057906
0.075133,0.16894,0.31121,0.27312,0.094744,0.05582,0.00049045,0.020539,0.2849,0.32991,0.1917,0.11598,0.045614,0.022984,0.00071528,0.0081918
0.076563,0.1553,0.29914,0.3094,0.097139,0.03941,0.0011996,0.021851,0.28201,0.23729,0.26484,0.10373,0.060478,0.01687,0.016002,0.018777
0.07971,0.14525,0.39029,0.24617,0.066533,0.061223,0.0018062,0.0090197,0.255,0.23425,0.31957,0.10601,0.060298,0.0046754,0.007838,0.012375
0.069639,0.18133,0.33079,0.2651,0.063281,0.073444,0.00048485,0.015929,0.25366,0.25215,0.27256,0.088422,0.078629,0.034109,0.0038573,0.016621
0.083124,0.17408,0.29652,0.28423,0.073755,0.076463,0.00072446,0.011106,0.26029,0.27318,0.26957,0.10328,0.046171,0.032546,0.0013016,0.013663
0.06189,0.18477,0.28338,0.2789,0.11156,0.064069,0.0030218,0.012412,0.21815,0.2612,0.30653,0.086016,0.080453,0.03303,0.00057247,0.014044
0.059127,0.15526,0.34383,0.26741,0.098221,0.062143,0.0091324,0.004883,0.23079,0.26303,0.29873,0.068898,0.077892,0.041921,0.00075535,0.017981
0.076125,0.13755,0.32952,0.2474,0.12165,0.06626,0.0077102,0.013785,0.1747,0.30725,0.27773,0.10036,0.089225,0.035957,0.003657,0.011115
0.088491,0.14341,0.2829,0.29084,0.12847,0.049741,0.0012811,0.014864,0.19712,0.30507,0.2928,0.10905,0.056157,0.024152,0.0066044,0.0090403
0.090532,0.1481,0.26691,0.30572,0.097696,0.058881,0.0051498,0.027009,0.25688,0.26426,0.24708,0.12959,0.039046,0.046656,2.3877e-005,0.016459
0.080235,0.12288,0.30026,0.32882,0.096884,0.047459,0.0027444,0.020728,0.25892,0.31312,0.23676,0.084737,0.054163,0.043995,0.00060865,0.0076928
0.063694,0.12571,0.26053,0.3276,0.12851,0.051101,0.0078979,0.034948,0.23707,0.3029,0.24363,0.09066,0.053005,0.044097,0.0038606,0.024768
0.083923,0.16192,0.29361,0.3188,0.076809,0.050639,0.0048463,0.0094493,0.282,0.25035,0.25822,0.11533,0.070367,0.014555,0.0010791,0.0081033
0.073269,0.15617,0.32878,0.28134,0.086623,0.056618,0.0026687,0.014531,0.28668,0.1884,0.28069,0.12759,0.098751,0.0070423,0.00024071,0.010607
0.075458,0.17067,0.2996,0.30231,0.070998,0.067864,0.00037187,0.012723,0.29395,0.22908,0.25067,0.10594,0.077658,0.033462,0.0029759,0.0062667
0.067978,0.16638,0.28329,0.30592,0.11445,0.051035,0.0012607,0.0096962,0.21793,0.24349,0.27877,0.14982,0.07723,0.011711,0.0049757,0.016075
0.066019,0.16053,0.29202,0.33803,0.099498,0.03806,0.0021852,0.0036528,0.24658,0.28225,0.23595,0.14249,0.059998,0.017149,0.0030873,0.01249
0.052121,0.17398,0.27918,0.30752,0.10157,0.065813,5.6352e-005,0.019755,0.24161,0.28027,0.2329,0.13102,0.048621,0.037201,0.0015759,0.026793
0.060469,0.16464,0.27059,0.31865,0.13044,0.036651,0.0035117,0.015057,0.19547,0.3111,0.27633,0.13569,0.040023,0.025773,0.00079818,0.014814
0.086849,0.15244,0.2559,0.30322,0.12762,0.053935,0.00067893,0.019345,0.19513,0.27922,0.3092,0.12978,0.035674,0.036213,0.00036749,0.014411
0.079263,0.13724,0.2933,0.31033,0.11702,0.052324,0.0010014,0.0095205,0.19634,0.26877,0.26311,0.14939,0.071667,0.039537,0.0019877,0.0092046
0.090835,0.13609,0.31411,0.2579,0.12152,0.056684,0.00097941,0.02188,0.16431,0.25718,0.2961,0.17514,0.055194,0.028912,0.0038282,0.019328
0.083397,0.13638,0.31033,0.27694,0.094584,0.070865,0.0041242,0.023379,0.18493,0.29059,0.25733,0.14513,0.067076,0.031188,0.0099107,0.013852
0.086468,0.11848,0.30545,0.28689,0.099153,0.079632,0.0030057,0.02092,0.18041,0.28657,0.287,0.13795,0.05763,0.038669,0.0032337,0.0085306
0.079481,0.13142,0.30977,0.26473,0.12289,0.071415,0.0018308,0.018467,0.20794,0.28144,0.32234,0.065401,0.063375,0.046609,0.0087514,0.0041422
0.10157,0.11937,0.30191,0.28833,0.081314,0.072148,0.002879,0.032477,0.13772,0.32416,0.28268,0.11307,0.084668,0.035246,0.0053791,0.017082
0.093385,0.11983,0.28884,0.30391,0.085382,0.09035,0.00014473,0.018159,0.14652,0.28605,0.33578,0.13472,0.070464,0.019412,0.0012998,0.0057436
0.069237,0.2133,0.23961,0.25305,0.11356,0.084886,0.00059117,0.025767,0.17822,0.29731,0.26289,0.13236,0.071463,0.029478,0.0083912,0.019891
0.062468,0.18277,0.28413,0.25736,0.11737,0.083563,0.0013414,0.011004,0.22228,0.30694,0.2194,0.11774,0.074376,0.041161,0.0018855,0.016219
0.069574,0.14936,0.28113,0.28504,0.11574,0.081721,0.0008684,0.016563,0.24053,0.27759,0.24138,0.10455,0.076131,0.037312,0.0036733,0.018829
0.065245,0.15282,0.27272,0.32129,0.1026,0.07148,0.004787,0.0090587,0.18844,0.28466,0.23143,0.12628,0.11226,0.035773,0.0057253,0.015429
0.06098,0.16982,0.2733,0.27782,0.10053,0.080383,0.016174,0.020998,0.20232,0.29419,0.25091,0.1202,0.099556,0.024556,0.0035696,0.0046941
0.074127,0.13974,0.28219,0.30882,0.1015,0.070072,0.0032498,0.0203,0.21592,0.28804,0.2709,0.12747,0.064212,0.022834,0.0043341,0.0062843
0.095037,0.16643,0.23528,0.29639,0.10544,0.076989,0.0017589,0.022679,0.2137,0.29614,0.25867,0.14101,0.061653,0.020513,0.0023489,0.0059586
0.088029,0.17448,0.26552,0.2535,0.12685,0.072823,0.00057505,0.018221,0.21332,0.23592,0.28948,0.1168,0.092642,0.046878,0.0026674,0.0023048
0.086805,0.17712,0.29282,0.26774,0.11185,0.038341,0.0034423,0.021884,0.20371,0.23598,0.30705,0.11882,0.086078,0.022933,0.0058441,0.019586
0.084996,0.19273,0.24936,0.29041,0.10028,0.055536,0.00042272,0.026273,0.18225,0.27136,0.29646,0.093305,0.08615,0.041915,0.0005268,0.028024
0.053176,0.16355,0.28477,0.30749,0.11662,0.056316,0.0010312,0.017056,0.2184,0.31275,0.2705,0.085706,0.0986,0.01128,8.1411e-006,0.002764
0.066848,0.18089,0.27517,0.25978,0.1302,0.063409,0.00058781,0.023112,0.18016,0.34635,0.25066,0.1147,0.081188,0.022682,0.00022822,0.0040301
0.076699,0.19065,0.25743,0.26706,0.12778,0.06022,0.0070633,0.013086,0.18171,0.34112,0.24249,0.12876,0.06813,0.024434,0.00074187,0.01262
0.069417,0.18773,0.25767,0.29876,0.10365,0.071839,0.00433,0.0066056,0.1842,0.36269,0.26895,0.10252,0.054192,0.0057121,0.0028612,0.018881
0.08444,0.18306,0.22339,0.31054,0.10113,0.074494,0.01274,0.010204,0.21567,0.30518,0.25395,0.13071,0.052426,0.018743,0.0014551,0.021868
0.080629,0.18487,0.25023,0.31458,0.09856,0.056048,0.0021427,0.012944,0.23384,0.35223,0.21011,0.090093,0.059456,0.028375,0.00015907,0.02573
0.05316,0.1604,0.25735,0.34365,0.088156,0.073598,0.0034605,0.020222,0.23329,0.31267,0.22806,0.10398,0.0668,0.032592,0.01087,0.011735
0.060791,0.18699,0.2882,0.23837,0.11611,0.074919,0.003449,0.03117,0.21532,0.31879,0.2308,0.11384,0.050391,0.041803,0.023923,0.00513
0.067627,0.15242,0.33552,0.25817,0.077621,0.054791,0.01737,0.036474,0.25141,0.30912,0.24237,0.10099,0.058979,0.030366,0.0032462,0.0035259
0.044706,0.14108,0.29455,0.34099,0.088763,0.056719,0.0063636,0.026822,0.23356,0.31165,0.26053,0.10711,0.053834,0.020152,0.0016667,0.011496
0.049189,0.13192,0.32628,0.28316,0.11364,0.070087,0.0084828,0.017247,0.24194,0.35071,0.22239,0.063672,0.085857,0.027082,0.00077537,0.0075737
0.061289,0.13541,0.28289,0.31741,0.12488,0.055574,0.006463,0.016076,0.23163,0.33764,0.19865,0.098891,0.1039,0.018783,0.0028709,0.0076339
0.077591,0.18227,0.27296,0.2887,0.10677,0.052626,0.0051339,0.013943,0.22238,0.33005,0.26122,0.08489,0.069566,0.02156,0.0023878,0.0079477
0.08045,0.22492,0.21773,0.30334,0.094835,0.059045,0.001114,0.018565,0.25786,0.26289,0.24738,0.12654,0.071482,0.033268,0.00015603,0.00043422
0.061839,0.19038,0.30736,0.2775,0.090193,0.060956,0.0010592,0.010711,0.23726,0.26806,0.26831,0.10482,0.07516,0.041279,0.0021256,0.002986
0.089977,0.17827,0.24782,0.26101,0.119,0.085443,0.0016859,0.016803,0.19727,0.32426,0.25158,0.12688,0.062578,0.025056,0.00011537,0.012272
0.069224,0.19093,0.29581,0.24526,0.10228,0.076376,0.0031816,0.016938,0.2014,0.27743,0.22579,0.17719,0.091118,0.016175,0.00030253,0.010605
0.069628,0.22065,0.2921,0.24371,0.090109,0.0571,0.0078377,0.018871,0.22324,0.31491,0.23676,0.12598,0.070937,0.024095,0.00016394,0.0039112
0.065805,0.18979,0.3183,0.24618,0.10112,0.05834,0.0028052,0.017659,0.21263,0.34626,0.21505,0.10553,0.071545,0.048047,1.3022e-011,0.00094033
0.075248,0.20133,0.30202,0.27689,0.093844,0.032542,0.0025535,0.015571,0.2439,0.30289,0.22855,0.11195,0.075415,0.030556,5.0398e-005,0.0066896
0.052058,0.17398,0.33245,0.27992,0.095339,0.023951,0.0074954,0.034802,0.23797,0.33058,0.2246,0.11878,0.077799,0.0097976,2.7054e-005,0.00044954
0.062599,0.21575,0.24102,0.27657,0.12586,0.043514,0.0017161,0.032966,0.23671,0.31039,0.22145,0.13622,0.082266,0.0101,0.00047516,0.0023857
0.075476,0.14766,0.30688,0.29641,0.088729,0.059652,0.0013857,0.023809,0.23101,0.28445,0.28924,0.10199,0.064176,0.005996,0.01013,0.013012
0.082882,0.13914,0.30919,0.2997,0.10505,0.052704,0.00067178,0.010661,0.23928,0.31223,0.25463,0.072685,0.079621,0.018082,0.010798,0.012677
0.051237,0.17411,0.34393,0.28706,0.094778,0.026693,2.7054e-005,0.022162,0.17187,0.35498,0.23999,0.093529,0.094374,0.014957,0.007518,0.022768
0.061564,0.15714,0.34228,0.25897,0.099887,0.057625,0.00037156,0.022167,0.16274,0.35871,0.23615,0.10235,0.084231,0.047241,0.00034211,0.0082324
0.075343,0.1466,0.32534,0.25311,0.11906,0.061509,0.00024691,0.018801,0.21581,0.34231,0.22479,0.11398,0.060308,0.040369,1.6588e-005,0.0024067
0.072813,0.18279,0.30479,0.24351,0.094132,0.075304,0.00095179,0.025703,0.21514,0.32108,0.19737,0.11852,0.092563,0.03776,0.00062651,0.016946
0.075068,0.19347,0.3062,0.24018,0.12516,0.052006,0.00081965,0.007087,0.22658,0.29132,0.24513,0.11084,0.083131,0.030717,0.00022056,0.012057
0.078365,0.17859,0.30835,0.23221,0.11153,0.072898,0.0039395,0.014114,0.24531,0.27518,0.24636,0.097955,0.099002,0.026432,0.0024301,0.0073354
0.090744,0.15628,0.29476,0.27161,0.090131,0.080588,0.00023476,0.015649,0.27257,0.23681,0.26611,0.074366,0.11574,0.030512,0.00010523,0.0037874
0.080816,0.15461,0.30935,0.293,0.092993,0.055123,1.1599e-006,0.014103,0.23686,0.2352,0.30163,0.1143,0.095643,0.015121,1.3165e-005,0.0012356
0.068678,0.18211,0.26349,0.31521,0.080219,0.066635,4.0346e-007,0.023653,0.22919,0.26704,0.26904,0.11955,0.099145,0.011144,0.00014791,0.0047463
0.083235,0.18526,0.29238,0.29169,0.077104,0.034507,0.0010041,0.034819,0.2379,0.2687,0.2941,0.11512,0.063175,0.012914,0.0046862,0.0033995
0.043125,0.1677,0.31593,0.28611,0.11391,0.040925,0.0052862,0.027017,0.23295,0.28019,0.24387,0.11458,0.074497,0.045935,2.8125e-005,0.0079437
0.065122,0.12931,0.32609,0.29266,0.12714,0.047636,0.0010169,0.011031,0.20325,0.24598,0.28614,0.12226,0.088969,0.037203,0.002727,0.013468
0.072214,0.18331,0.26824,0.28878,0.13819,0.035516,0.0012415,0.012509,0.20946,0.28682,0.28716,0.11846,0.070853,0.014972,3.1429e-005,0.012246
0.087138,0.16817,0.30528,0.26205,0.11701,0.029143,0.0027464,0.028449,0.22536,0.28588,0.27653,0.13674,0.062463,0.010107,0.00050304,0.0024224
0.067972,0.16248,0.25416,0.27272,0.17315,0.047461,0.00012282,0.021936,0.21635,0.29872,0.25322,0.14924,0.070638,0.008322,4.7542e-005,0.0034508
0.072357,0.14935,0.30785,0.22621,0.14788,0.055045,0.0065939,0.034713,0.28738,0.27679,0.23198,0.10833,0.060118,0.019155,0.0046884,0.01156
0.099052,0.16808,0.34122,0.2372,0.098922,0.032166,4.48e-006,0.02337,0.17176,0.34207,0.24405,0.11891,0.095552,0.012834,0.0015188,0.013306
0.073335,0.17618,0.31243,0.31292,0.076433,0.034755,0.0020225,0.011919,0.25888,0.31954,0.24318,0.093735,0.060146,0.011973,0.010415,0.0021324
0.061611,0.1409,0.34811,0.26298,0.10896,0.050569,0.0032659,0.02361,0.23237,0.34563,0.22289,0.097881,0.083725,0.0091965,0.0043302,0.0039752
0.053208,0.1367,0.35317,0.28553,0.10081,0.050281,0.0036067,0.016695,0.24317,0.30706,0.24191,0.11574,0.06345,0.019905,0.0021721,0.0065999
0.10086,0.1741,0.28735,0.26663,0.1063,0.049579,0.0047006,0.010485,0.1899,0.35926,0.2282,0.13006,0.042671,0.035946,0.0036869,0.010277
0.068759,0.17952,0.26228,0.28541,0.1072,0.072533,0.00049158,0.023811,0.17082,0.30432,0.29042,0.11428,0.063471,0.05505,0.00018303,0.0014502
0.067855,0.1596,0.25691,0.28826,0.11739,0.093888,0.0023907,0.013699,0.18802,0.30058,0.27183,0.11101,0.080199,0.035764,0.0016585,0.010932
0.065601,0.16196,0.23326,0.33063,0.089678,0.080911,0.0062124,0.031743,0.20404,0.26115,0.29991,0.12163,0.067059,0.025963,0.002083,0.018157
0.080548,0.19969,0.27348,0.26111,0.087925,0.071999,0.00039145,0.024859,0.2183,0.30279,0.26158,0.12628,0.066516,0.012891,0.004014,0.0076275
0.068219,0.14929,0.30403,0.25506,0.11805,0.091444,0.0013469,0.012567,0.20505,0.28348,0.26025,0.11626,0.088484,0.029752,0.0032715,0.013458
0.081043,0.17224,0.26922,0.25759,0.12644,0.076292,0.00034314,0.016827,0.20587,0.28038,0.23638,0.15692,0.062049,0.036755,0.0043425,0.0173
0.083889,0.17594,0.31211,0.25053,0.078744,0.073102,0.0057173,0.01997,0.24786,0.25375,0.26368,0.12444,0.062701,0.018627,0.011154,0.017792
0.048411,0.16026,0.33263,0.26695,0.091039,0.067509,0.0067919,0.026411,0.21765,0.2837,0.28669,0.098858,0.050812,0.032047,0.020886,0.0093648
0.055421,0.15018,0.3272,0.27955,0.11394,0.062638,0.0012238,0.0098481,0.23351,0.25631,0.27713,0.11122,0.074795,0.035005,5.6373e-005,0.011982
0.088992,0.14462,0.29399,0.27348,0.12756,0.044562,0.0039639,0.022842,0.16902,0.35126,0.25733,0.12239,0.060472,0.020546,0.00010765,0.018876
0.081928,0.15991,0.30004,0.22811,0.15656,0.052893,0.010831,0.009729,0.16224,0.30855,0.30446,0.13367,0.05467,0.025454,0.002479,0.0084834
0.092898,0.22695,0.3009,0.18617,0.11285,0.070144,0.0001111,0.0099773,0.15472,0.31003,0.26043,0.17109,0.075212,0.025883,0.0011731,0.0014594
0.096544,0.17594,0.29963,0.22448,0.084572,0.067803,0.00057556,0.050453,0.19185,0.3134,0.24557,0.14038,0.076083,0.019865,0.0048052,0.0080478
0.10046,0.16742,0.26948,0.26167,0.11973,0.058692,0.005636,0.016913,0.16587,0.32584,0.23066,0.1395,0.09976,0.024107,0.0048209,0.0094305
0.055313,0.15373,0.2817,0.31917,0.094722,0.063409,0.0041061,0.027856,0.22546,0.31003,0.19501,0.13496,0.075364,0.035542,0.0057419,0.017895
0.070786,0.16953,0.29546,0.31194,0.061289,0.070826,1.6602e-005,0.020154,0.18853,0.34475,0.22887,0.095703,0.068686,0.046859,7.2745e-005,0.026523
0.058032,0.17633,0.32794,0.27775,0.10033,0.045457,0.00075337,0.013404,0.20999,0.33259,0.25071,0.11621,0.054333,0.032038,0.00060404,0.0035204
0.074792,0.15244,0.28989,0.29367,0.1115,0.058494,0.00029539,0.018923,0.17993,0.35475,0.23329,0.12596,0.049898,0.029251,0.006013,0.020911
0.06518,0.1411,0.31777,0.28826,0.10382,0.060395,1.6174e-005,0.023454,0.17174,0.34923,0.2337,0.13532,0.064245,0.032712,7.071e-005,0.01298
0.053762,0.19023,0.25764,0.27808,0.11125,0.086382,0.0021003,0.020555,0.23126,0.27903,0.22403,0.12986,0.10341,0.018085,0.00069355,0.01363
0.079202,0.15578,0.31588,0.28691,0.094373,0.05514,0.00042035,0.012286,0.1935,0.28423,0.26243,0.1762,0.061158,0.015472,0.00023856,0.0067788
0.080097,0.14668,0.31352,0.24803,0.13002,0.062832,0.00053359,0.018282,0.24859,0.27739,0.27441,0.10532,0.079084,0.013584,4.0111e-005,0.001581
0.10022,0.13261,0.29172,0.27875,0.1048,0.075764,0.0021295,0.014009,0.27907,0.26642,0.25524,0.10986,0.060409,0.027216,0.0001139,0.0016704
0.071688,0.15914,0.30575,0.27459,0.11141,0.049663,0.00038168,0.02738,0.23106,0.29679,0.25931,0.12077,0.073608,0.015044,0.00015449,0.003271
0.081497,0.16071,0.29561,0.27428,0.10795,0.057773,9.8448e-005,0.022072,0.23657,0.29749,0.24403,0.12447,0.073943,0.01712,8.6877e-007,0.0063765
0.080798,0.18148,0.29948,0.25794,0.081949,0.077242,0.0027673,0.018346,0.25656,0.36127,0.17376,0.12392,0.05991,0.016896,5.2454e-006,0.0076718
0.098786,0.19129,0.28092,0.2759,0.085892,0.051204,3.7092e-005,0.015975,0.22162,0.39809,0.17547,0.10597,0.078508,0.019474,4.4606e-006,0.00087283
0.075913,0.17155,0.27165,0.28993,0.10635,0.067615,0.0010202,0.015976,0.24803,0.32969,0.1926,0.14672,0.061903,0.016145,9.6547e-016,0.0049011
0.079665,0.18458,0.26976,0.27491,0.095554,0.077053,0.0018998,0.016572,0.27148,0.30909,0.19328,0.14564,0.050757,0.027373,0.00011236,0.0022659
0.052799,0.14669,0.30825,0.27805,0.10153,0.10242,0.0015502,0.00871,0.28622,0.26621,0.21585,0.11951,0.058111,0.043419,0.0014542,0.0092352
0.059105,0.14061,0.32277,0.257,0.10902,0.094599,0.00014376,0.016749,0.2161,0.28856,0.25988,0.10184,0.086321,0.037927,0.0018695,0.0074972
0.049201,0.16865,0.29533,0.26133,0.12987,0.079639,0.00037316,0.015612,0.24509,0.29461,0.22661,0.11364,0.073272,0.037177,0.0005279,0.0090737
0.046326,0.16495,0.32242,0.25739,0.11083,0.077877,2.3623e-006,0.020203,0.25104,0.27049,0.26951,0.12803,0.061624,0.015142,0.0027427,0.0014155
0.06277,0.16977,0.34814,0.23345,0.0927,0.081011,0.00071455,0.011442,0.27421,0.3311,0.21154,0.086406,0.082214,0.0087978,0.00067596,0.0050511
0.043643,0.19204,0.35348,0.2533,0.066724,0.069937,3.6873e-005,0.020837,0.25382,0.31203,0.22268,0.10726,0.06823,0.012378,0.01756,0.0060488
0.040491,0.18237,0.31473,0.25794,0.12952,0.044279,0.00061833,0.030045,0.26222,0.3492,0.22896,0.078174,0.061999,0.013147,0.0023409,0.0039669
0.071241,0.14511,0.33196,0.23375,0.10737,0.09053,0.0023248,0.017715,0.25036,0.29985,0.25414,0.077272,0.09232,0.015069,0.0016397,0.0093524
0.093808,0.15951,0.32462,0.23989,0.10551,0.059665,1.688e-006,0.016993,0.25286,0.35084,0.17971,0.079753,0.093172,0.030108,0.00089154,0.012659
0.093277,0.16823,0.34278,0.21628,0.090222,0.077108,0.00020095,0.011904,0.18548,0.3886,0.19388,0.092498,0.094636,0.025708,0.0040369,0.015171
0.059654,0.15928,0.38849,0.21337,0.080298,0.069543,0.0064013,0.022958,0.21971,0.35648,0.19793,0.097428,0.088119,0.023936,0.0064056,0.0099887
0.06855,0.16731,0.36447,0.26413,0.061243,0.053375,0.0016674,0.019255,0.29826,0.26033,0.21698,0.10972,0.079187,0.021318,0.0081822,0.0060184
0.070588,0.16425,0.33582,0.26909,0.084937,0.047097,0.0011907,0.027031,0.25739,0.28609,0.23027,0.10172,0.07237,0.037945,0.0091168,0.0051065
0.091645,0.1878,0.32934,0.23999,0.07496,0.053656,0.00011981,0.022498,0.26296,0.3089,0.23923,0.092099,0.056947,0.028852,0.002352,0.0086619
0.090341,0.19753,0.26194,0.28015,0.096768,0.048427,0.0070106,0.017837,0.22595,0.32468,0.24724,0.091579,0.048194,0.035083,0.020696,0.0065731
0.098607,0.14084,0.2775,0.31581,0.10788,0.037634,0.0039242,0.017807,0.21233,0.34324,0.19733,0.11726,0.062319,0.038934,0.0027199,0.025856
0.0682,0.14738,0.26456,0.30858,0.1336,0.046886,0.0078714,0.022925,0.20857,0.33043,0.21428,0.10065,0.061874,0.058034,0.0059316,0.020222
0.077753,0.17299,0.27267,0.29448,0.11847,0.035871,0.0022341,0.02553,0.21213,0.31614,0.21984,0.10524,0.079374,0.060054,0.0025476,0.0046769
0.062107,0.23304,0.27799,0.26844,0.074689,0.060923,0.0048514,0.017952,0.24579,0.28878,0.2414,0.11325,0.061022,0.020763,0.0069823,0.022019
0.074112,0.13404,0.3228,0.30843,0.088269,0.048249,0.0033187,0.02078,0.23126,0.24188,0.279,0.13999,0.051842,0.028638,0.010213,0.017183
0.11044,0.14937,0.29204,0.25166,0.07847,0.078762,0.0053246,0.033924,0.24332,0.29602,0.2372,0.097704,0.065377,0.028113,0.0081984,0.024069
0.075213,0.14695,0.29608,0.2912,0.067202,0.090611,0.01049,0.022252,0.21885,0.33246,0.24645,0.078209,0.073267,0.037771,0.00081633,0.01218
0.088145,0.147,0.24635,0.31123,0.099442,0.060119,0.011424,0.036289,0.21728,0.35052,0.2144,0.082556,0.08756,0.036833,0.0027698,0.0080817
0.091107,0.17095,0.30771,0.24579,0.089761,0.076298,0.0041743,0.01421,0.19144,0.31779,0.25268,0.12279,0.061572,0.044847,0.0044085,0.0044704
0.069538,0.14116,0.27894,0.34711,0.08813,0.043913,0.0074302,0.02378,0.20337,0.31184,0.2431,0.11373,0.071168,0.042474,0.0045307,0.0097929
0.06582,0.1641,0.28562,0.32667,0.088767,0.04297,0.0028233,0.023228,0.19125,0.31648,0.26333,0.085491,0.077582,0.052489,0.0010278,0.012353
0.076766,0.16182,0.28737,0.26975,0.12938,0.0389,0.0015195,0.034499,0.17894,0.31523,0.2568,0.10835,0.10615,0.027857,0.0030626,0.0036062
0.078652,0.14474,0.27813,0.31943,0.10315,0.049765,0.0068244,0.019302,0.20545,0.30378,0.21787,0.13906,0.083706,0.047376,0.00014973,0.0026071
0.079741,0.14941,0.22667,0.33791,0.12974,0.054114,0.00046746,0.021954,0.21269,0.2801,0.20967,0.14406,0.12459,0.02698,0.0014917,0.00040836
0.076665,0.18569,0.26594,0.31216,0.083849,0.054687,0.0038304,0.017175,0.17701,0.26058,0.26265,0.17191,0.07406,0.041207,0.0029186,0.0096597
0.051208,0.20098,0.24413,0.32762,0.079005,0.080408,0.0060505,0.010593,0.20698,0.25742,0.1924,0.22146,0.07243,0.036056,0.00030708,0.012948
0.082802,0.17152,0.28352,0.31624,0.086307,0.041418,0.0046795,0.013511,0.26815,0.26609,0.19431,0.15979,0.070794,0.034176,0.00010245,0.0065795
0.087164,0.17835,0.30793,0.27657,0.090124,0.037354,0.0011456,0.021361,0.24364,0.2731,0.2262,0.11694,0.10501,0.0090813,0.00014737,0.025887
0.097797,0.15669,0.26431,0.30358,0.11641,0.025736,0.0014194,0.034063,0.26193,0.25808,0.25476,0.15295,0.053664,0.013246,0.0012339,0.0041276
0.069325,0.13986,0.30069,0.30034,0.12189,0.023367,0.0018645,0.042657,0.23806,0.26504,0.22711,0.1245,0.09031,0.040739,0.0017584,0.012489
0.055431,0.13876,0.30561,0.33189,0.11346,0.036241,0.0070532,0.011556,0.25288,0.28017,0.19616,0.10603,0.10012,0.045023,0.0073695,0.012238
0.055908,0.1663,0.32464,0.26054,0.11524,0.061938,0.0036325,0.011805,0.27354,0.31253,0.18334,0.12829,0.065103,0.024665,0.0019395,0.010596
0.05058,0.16659,0.30161,0.29173,0.1027,0.068414,0.0070632,0.011312,0.27837,0.28541,0.23816,0.080405,0.10151,0.0076145,6.6654e-005,0.0084616
0.063959,0.15315,0.27912,0.26552,0.12337,0.088181,0.0059672,0.020725,0.24781,0.3756,0.17617,0.071702,0.085433,0.034739,0.0020591,0.0064837
0.059667,0.12554,0.27118,0.28619,0.14229,0.077829,0.0031928,0.034111,0.23704,0.33018,0.27028,0.055091,0.080793,0.018012,0.0013626,0.0072408
0.079626,0.15313,0.25521,0.32427,0.10694,0.048763,0.0073846,0.024675,0.23327,0.38091,0.20171,0.068379,0.06215,0.046733,0.0032519,0.0035966
0.099494,0.14524,0.27063,0.30163,0.10094,0.048737,0.0021405,0.031193,0.25374,0.35434,0.20689,0.08145,0.053636,0.036755,0.0013555,0.011831
0.078365,0.1712,0.29384,0.25116,0.1136,0.059523,0.0047638,0.02755,0.29652,0.2594,0.20113,0.14349,0.059012,0.022039,0.0093106,0.0090978
0.10388,0.13749,0.27821,0.28407,0.1077,0.070927,0.007724,0.0099967,0.25594,0.29564,0.19573,0.14403,0.070858,0.023584,0.0044739,0.0097455
0.088909,0.13505,0.29891,0.27364,0.088948,0.097376,0.0049262,0.012233,0.26972,0.25929,0.21354,0.14664,0.069527,0.035711,0.0024265,0.0031447
0.092588,0.16909,0.24881,0.30172,0.084848,0.061687,0.027568,0.01369,0.34709,0.29344,0.1773,0.10464,0.054993,0.015241,0.0013373,0.0059683
0.081895,0.18166,0.28345,0.28825,0.096834,0.046194,0.006537,0.015175,0.26566,0.31192,0.17553,0.11735,0.10649,0.011677,1.2791e-005,0.011359
0.064024,0.1807,0.26481,0.30393,0.10828,0.062587,0.0038817,0.011799,0.2502,0.32383,0.20207,0.14048,0.070968,0.0073673,2.1693e-005,0.0050605
0.083559,0.17186,0.29923,0.24213,0.13613,0.043725,0.002497,0.020869,0.21047,0.32109,0.22202,0.14951,0.074574,0.0077431,0.0044834,0.010105
0.076302,0.15476,0.25673,0.31314,0.1302,0.051668,0.0012972,0.01591,0.25232,0.33088,0.21534,0.08543,0.086507,0.013966,2.4632e-007,0.015557
0.083306,0.12744,0.30431,0.27485,0.15439,0.047287,0.0011223,0.0072901,0.2457,0.29625,0.19298,0.15622,0.069106,0.024823,0.0021948,0.012725
0.057864,0.17772,0.27371,0.27245,0.1233,0.080892,0.0027601,0.011306,0.25256,0.36068,0.16735,0.1172,0.080182,0.014662,0.00052439,0.0068331
0.061756,0.13938,0.31942,0.26185,0.14415,0.05576,0.0040937,0.013594,0.22914,0.27226,0.23466,0.13224,0.10051,0.02805,0.0013601,0.0017751
0.072429,0.12515,0.28943,0.29621,0.13533,0.053241,6.1546e-005,0.028134,0.22592,0.23949,0.24678,0.10615,0.13786,0.032258,0.0016826,0.0098534
0.05427,0.11193,0.32755,0.30029,0.1523,0.033664,0.00061503,0.01938,0.24335,0.29206,0.2171,0.11744,0.093071,0.02563,0.0061625,0.0051854
0.062514,0.16108,0.30367,0.27435,0.15336,0.028218,0.0012104,0.015605,0.28344,0.27982,0.19288,0.11035,0.10754,0.016945,0.0050723,0.003941
0.085425,0.13098,0.31425,0.29998,0.13995,0.013048,0.0017328,0.014636,0.2637,0.26625,0.25947,0.099799,0.071951,0.026381,0.0057163,0.0067287
0.087641,0.15419,0.33417,0.27675,0.1145,0.025924,0.00053207,0.0062867,0.22897,0.30552,0.2498,0.10213,0.062069,0.034925,0.0070676,0.0095217
0.080117,0.13536,0.35604,0.24696,0.12587,0.046923,7.7399e-006,0.0087247,0.24144,0.28695,0.21494,0.15134,0.081902,0.01654,0.00065246,0.0062423
0.092772,0.11555,0.31915,0.31112,0.096838,0.048472,1.5732e-005,0.016076,0.22118,0.30911,0.21083,0.13306,0.08091,0.018243,0.0029574,0.023707
0.085059,0.14113,0.29989,0.26347,0.12697,0.053139,0.0062558,0.024087,0.18714,0.37746,0.21023,0.10095,0.10111,0.0098402,0.0014847,0.01178
0.070854,0.15951,0.2637,0.2889,0.10866,0.071199,0.00011381,0.037058,0.20597,0.37865,0.20671,0.10524,0.080123,0.017778,0.00067626,0.0048451
0.068174,0.14939,0.29168,0.30768,0.11738,0.055356,0.00017667,0.010171,0.24581,0.29993,0.22113,0.09945,0.083332,0.025007,0.0077457,0.017599
0.061852,0.16691,0.30184,0.31852,0.08767,0.055537,7.7087e-005,0.0075965,0.18374,0.32088,0.2538,0.10393,0.08122,0.040898,0.0042552,0.011286
0.081319,0.16443,0.29096,0.29496,0.11499,0.040546,0.0033628,0.0094232,0.18613,0.30147,0.2477,0.12417,0.10013,0.020605,0.00363,0.016175
0.094142,0.14804,0.32518,0.2506,0.10889,0.056397,0.0029433,0.013813,0.17939,0.24133,0.27457,0.17204,0.053573,0.053892,0.014165,0.011044
0.10058,0.13075,0.29102,0.28863,0.11003,0.043254,0.0047964,0.030936,0.19803,0.32183,0.26349,0.11417,0.063722,0.031955,0.0010713,0.0057243
0.09136,0.13309,0.30127,0.25644,0.12802,0.058984,0.0039537,0.026884,0.18142,0.32365,0.22717,0.14474,0.07111,0.02634,0.0049385,0.020641
0.087208,0.14458,0.31229,0.26673,0.09204,0.071133,0.0063301,0.019691,0.22705,0.31284,0.20977,0.14871,0.080249,0.013836,0.00287,0.0046814
0.046686,0.2113,0.23329,0.25246,0.14554,0.082547,0.0072316,0.020945,0.24769,0.32273,0.18447,0.13636,0.10174,0.0050805,0.00012097,0.001809
0.071521,0.18246,0.26272,0.30371,0.095989,0.058224,0.0020825,0.023291,0.22878,0.35293,0.19534,0.14791,0.049185,0.012879,0.0051752,0.0078046
0.068111,0.17427,0.25046,0.32442,0.078228,0.07516,0.0023349,0.027016,0.19251,0.32201,0.22991,0.14508,0.071941,0.033979,0.0011968,0.0033766
0.069274,0.14684,0.2713,0.31367,0.10683,0.069204,0.0065555,0.016332,0.16643,0.31118,0.24957,0.13401,0.074206,0.053649,0.0058918,0.0050606
0.10218,0.18025,0.25061,0.27334,0.11272,0.059189,0.010347,0.011373,0.1862,0.32627,0.26679,0.10775,0.068927,0.030759,0.001614,0.0117
0.082856,0.1653,0.26548,0.27867,0.10628,0.056923,0.01265,0.031839,0.22911,0.31338,0.23359,0.13279,0.049443,0.028031,0.0010146,0.012638
0.09232,0.15851,0.27562,0.27249,0.089512,0.083361,0.0094655,0.018713,0.14762,0.31395,0.29602,0.13129,0.051883,0.05272,0.0027519,0.0037658
0.1056,0.17926,0.29377,0.22693,0.11511,0.053854,0.00051458,0.024964,0.19703,0.30729,0.27779,0.1109,0.079238,0.022928,0.00020666,0.0046215
0.08525,0.17303,0.30801,0.23881,0.12719,0.029375,0.0011437,0.037183,0.1987,0.31165,0.21765,0.12789,0.095079,0.041089,9.0909e-005,0.0078554
0.082273,0.15851,0.32873,0.2677,0.10662,0.03488,0.0021041,0.019184,0.20721,0.31861,0.20042,0.14547,0.064436,0.051872,0.0008501,0.011132
0.070587,0.18667,0.3088,0.26769,0.10712,0.035602,0.0057081,0.017816,0.21743,0.30012,0.25655,0.096771,0.091231,0.021609,0.0060026,0.010283
0.080579,0.18434,0.29891,0.25707,0.11248,0.042979,0.0047588,0.018891,0.23184,0.2904,0.26302,0.1079,0.068389,0.018918,0.0017054,0.017831
0.07097,0.17292,0.30126,0.24752,0.12434,0.047288,0.004667,0.03103,0.23641,0.23079,0.26036,0.13194,0.092196,0.032443,0.0067016,0.0091647
0.060171,0.1717,0.32888,0.22785,0.13114,0.047256,0.0053765,0.027632,0.23097,0.28147,0.23589,0.12912,0.064464,0.043764,0.012612,0.0017082
0.0506,0.17509,0.31248,0.22571,0.096626,0.1263,0.00034003,0.012852,0.22922,0.25177,0.2617,0.11914,0.08518,0.040573,0.0044277,0.0079894
0.053857,0.18846,0.33812,0.23472,0.095843,0.078281,0.0012352,0.0094886,0.18106,0.29839,0.30763,0.12801,0.052801,0.024048,0.00023084,0.0078356
0.060932,0.18319,0.32847,0.24258,0.080317,0.083771,0.0012023,0.019539,0.23602,0.27283,0.2981,0.10248,0.071236,0.0031672,0.0020459,0.014132
0.082081,0.22197,0.2955,0.20871,0.11174,0.051433,0.0090668,0.019502,0.2417,0.30639,0.22883,0.13821,0.073238,0.0083251,0.00011988,0.0031812
0.10051,0.19532,0.31863,0.20911,0.10551,0.047744,0.0031651,0.020013,0.20291,0.2978,0.25262,0.14978,0.059364,0.022749,0.0044086,0.010374
0.093557,0.14583,0.28855,0.25857,0.096379,0.096931,0.0020192,0.018177,0.17268,0.30136,0.30043,0.12571,0.051385,0.044012,0.0034037,0.0010214
0.091077,0.1662,0.30362,0.2744,0.075618,0.074288,8.8638e-005,0.014705,0.14596,0.31349,0.25773,0.17067,0.065833,0.03854,0.00074442,0.0070287
0.084397,0.14691,0.30181,0.28713,0.055978,0.09887,0.0072772,0.017635,0.16319,0.33267,0.269,0.099967,0.099274,0.028958,0.0051934,0.001747
0.064223,0.13039,0.33046,0.30468,0.088228,0.06441,0.0068517,0.010758,0.19109,0.31173,0.30349,0.076821,0.060018,0.047759,1.5764e-005,0.0090676
0.069617,0.18215,0.31469,0.26761,0.094006,0.05741,0.0024022,0.012118,0.21159,0.28539,0.23215,0.12334,0.097536,0.042954,0.00018261,0.0068554
0.071297,0.18623,0.27157,0.26411,0.095515,0.087908,0.0045187,0.018847,0.22987,0.2557,0.22096,0.17546,0.071158,0.039128,0.0035047,0.0042237
0.079209,0.19328,0.3268,0.21704,0.073213,0.095945,0.006582,0.007935,0.21138,0.3037,0.30477,0.10075,0.043973,0.023367,0.0012644,0.010807
0.073026,0.15319,0.26998,0.2927,0.1325,0.059193,0.0038761,0.015532,0.21272,0.29726,0.28691,0.11278,0.042875,0.034605,0.00061254,0.012241
0.052713,0.15953,0.31365,0.26107,0.13841,0.053922,0.0024973,0.018212,0.21409,0.28202,0.29793,0.11557,0.037031,0.038753,0.0024763,0.012134
0.0522,0.1732,0.29627,0.26473,0.11601,0.068576,0.0093119,0.019705,0.22019,0.31677,0.281,0.11126,0.044225,0.021214,0.002819,0.0025152
0.072114,0.17212,0.36159,0.19334,0.10919,0.058095,0.00072938,0.032826,0.23223,0.29034,0.26728,0.1284,0.050722,0.016858,0.0014812,0.012681
0.077334,0.18582,0.29213,0.22522,0.11275,0.068603,0.0046092,0.03354,0.23848,0.25245,0.28074,0.13662,0.050022,0.021469,0.01018,0.010041
0.08176,0.18096,0.29675,0.24884,0.077011,0.071431,0.00045748,0.042801,0.27302,0.30332,0.205,0.1036,0.071161,0.035136,0.0073454,0.0014043
0.060287,0.1677,0.31755,0.26493,0.074237,0.087147,0.0042114,0.023934,0.22606,0.32746,0.22224,0.11459,0.058655,0.04835,0.0021733,0.00046986
0.069814,0.16357,0.31804,0.27874,0.094304,0.048649,0.0092462,0.017641,0.17089,0.28756,0.28794,0.1373,0.073718,0.023085,0.0013743,0.018144
0.051577,0.19564,0.2918,0.29856,0.089088,0.050678,0.0056891,0.016956,0.18815,0.33876,0.24661,0.12319,0.06454,0.027242,0.0050382,0.00646
0.056667,0.19681,0.28874,0.27435,0.10172,0.060283,0.00035715,0.021077,0.19383,0.30777,0.25244,0.10518,0.091932,0.036158,0.010735,0.0019611
0.052627,0.1951,0.25537,0.26984,0.11497,0.093107,0.0023094,0.01668,0.183,0.38574,0.20618,0.13654,0.052944,0.032941,0.00029597,0.0023588
0.045512,0.16591,0.26166,0.32231,0.12566,0.063189,9.9008e-005,0.01567,0.18212,0.37498,0.2624,0.07853,0.069232,0.021984,0.0014843,0.0092651
0.045754,0.18941,0.24745,0.36493,0.07941,0.059201,0.0027656,0.011081,0.19495,0.30402,0.26332,0.088806,0.073259,0.050055,0.00082762,0.02476
0.070044,0.19933,0.28429,0.29428,0.086606,0.052501,0.001472,0.011485,0.21693,0.32685,0.24201,0.084722,0.059762,0.036645,0.0009499,0.032139
0.046781,0.17157,0.29772,0.27265,0.14325,0.031267,0.00084837,0.03592,0.22605,0.33338,0.21913,0.11459,0.084903,0.011087,0.00021863,0.010644
0.039131,0.1733,0.28674,0.30573,0.14458,0.036868,6.4803e-007,0.013647,0.16852,0.29806,0.26125,0.13914,0.10422,0.023605,0.002033,0.0031787
0.062254,0.185,0.25505,0.29604,0.15285,0.036255,0.00022814,0.01232,0.25998,0.3086,0.20435,0.10332,0.077372,0.040772,7.8802e-005,0.0055316
0.061101,0.18107,0.29419,0.32017,0.082395,0.033325,2.2053e-006,0.027743,0.19927,0.3507,0.24787,0.10597,0.064982,0.026964,0.00024178,0.0040115
0.058408,0.23382,0.19661,0.33694,0.10027,0.05887,0.0005765,0.014496,0.22056,0.39419,0.17698,0.12867,0.043497,0.019499,0.0012927,0.015309
0.063545,0.19374,0.27358,0.32089,0.11197,0.024359,0.0015258,0.010399,0.21745,0.35889,0.16971,0.15167,0.065788,0.026416,0.0054813,0.0045938
0.057117,0.14955,0.26792,0.37973,0.091521,0.043313,0.0015684,0.009285,0.25422,0.32557,0.18654,0.12618,0.066939,0.022855,0.0043823,0.013316
0.077135,0.15986,0.24501,0.34801,0.07935,0.072671,0.0016307,0.016337,0.26434,0.29536,0.2405,0.098438,0.067946,0.024106,0.0037758,0.0055326
0.066554,0.16783,0.31287,0.27977,0.099989,0.040374,0.0023548,0.030258,0.32727,0.29371,0.19535,0.11396,0.047151,0.018683,0.0005905,0.0032804
0.054761,0.15839,0.35417,0.26444,0.10514,0.043841,0.0031783,0.016074,0.19839,0.30451,0.26132,0.14971,0.060775,0.014679,0.00128,0.0093367
0.070248,0.19263,0.31931,0.22135,0.10277,0.074801,0.00082441,0.018064,0.24398,0.2992,0.25792,0.12084,0.051541,0.016563,0.0015726,0.0083782
0.0671,0.1608,0.30433,0.25151,0.11703,0.06925,0.015582,0.014396,0.24538,0.29749,0.22099,0.15137,0.050397,0.023067,0.00060669,0.010692
0.087873,0.13165,0.32514,0.30269,0.068349,0.066258,0.0041601,0.013874,0.21856,0.30283,0.2389,0.12275,0.092637,0.01967,9.2859e-005,0.0045548
0.073265,0.12655,0.31617,0.31568,0.080363,0.078444,0.0028477,0.0066774,0.18337,0.31251,0.23096,0.12457,0.087101,0.050755,0.0011726,0.0095649
0.097904,0.12937,0.29904,0.29528,0.11842,0.041342,0.002512,0.016132,0.20629,0.28883,0.24015,0.14385,0.081507,0.024137,0.0038783,0.011358
0.088974,0.16214,0.30472,0.2662,0.12804,0.039731,0.0034306,0.0067585,0.22074,0.3092,0.20864,0.15949,0.055719,0.029365,0.0062881,0.010547
0.099641,0.17294,0.30475,0.24234,0.13467,0.029088,0.00023775,0.016337,0.27096,0.27407,0.21226,0.15796,0.056066,0.021824,1.8381e-005,0.0068415
0.078891,0.12783,0.33924,0.27818,0.12221,0.026394,0.0046983,0.022562,0.22068,0.3208,0.22313,0.13961,0.057922,0.034599,0.00059085,0.0026684
0.086472,0.14688,0.2923,0.29685,0.112,0.044504,0.0068108,0.014186,0.21436,0.30611,0.25015,0.1636,0.041321,0.023754,0.00019461,0.00050943
0.093501,0.13548,0.27331,0.30445,0.10102,0.060938,0.0040065,0.027294,0.23712,0.30043,0.24508,0.11931,0.067584,0.020952,0.0080938,0.0014315
0.075692,0.14324,0.29762,0.28326,0.11015,0.066709,0.0047429,0.018581,0.27477,0.26077,0.20407,0.14473,0.07498,0.035549,0.0010639,0.0040722
0.071784,0.14736,0.30389,0.29485,0.10262,0.051057,0.0018924,0.026541,0.25317,0.23178,0.22175,0.15544,0.096547,0.034484,0.0038289,0.0030046
0.041782,0.15642,0.34268,0.32325,0.065767,0.045612,0.00028188,0.0242,0.25736,0.25764,0.23872,0.1106,0.088051,0.046818,2.056e-005,0.00079416
0.07513,0.15186,0.3182,0.30511,0.09189,0.046141,0.0023637,0.0093058,0.24577,0.31346,0.21766,0.10789,0.061783,0.030754,0.0016784,0.020998
0.065046,0.16557,0.34618,0.26496,0.092995,0.052832,0.0067001,0.0057233,0.24407,0.25266,0.26043,0.11371,0.069092,0.044555,0.00021925,0.015267
0.066495,0.15895,0.31646,0.28805,0.10067,0.054839,0.0023302,0.012208,0.25808,0.29506,0.21437,0.089588,0.083171,0.037336,0.010393,0.012001
0.082903,0.15196,0.34364,0.26495,0.084344,0.063987,0.0011013,0.0071164,0.26083,0.25484,0.22268,0.13897,0.063856,0.040532,0.0049646,0.013337
0.098761,0.16662,0.30472,0.25463,0.11094,0.052332,0.0014027,0.010593,0.23851,0.27027,0.27553,0.10412,0.060985,0.043082,0.0022015,0.00529
0.076823,0.12735,0.2928,0.25439,0.16588,0.068063,0.00084101,0.01385,0.24286,0.26281,0.23129,0.14174,0.076965,0.034859,0.003289,0.0061786
0.07261,0.13984,0.26698,0.26935,0.14267,0.088518,0.0040141,0.016016,0.22951,0.27868,0.25182,0.1304,0.061178,0.038526,0.0018898,0.0080021
0.046339,0.16353,0.27791,0.27215,0.1316,0.08132,0.0062671,0.020892,0.25234,0.23387,0.22627,0.1516,0.0781,0.04241,0.012817,0.0025928
0.068936,0.15989,0.27898,0.25684,0.1638,0.04898,0.0091062,0.013463,0.26325,0.26172,0.23717,0.13988,0.057885,0.032999,0.0054908,0.0016136
0.084622,0.12445,0.29587,0.28366,0.13999,0.051039,0.00071191,0.019656,0.26748,0.2487,0.22477,0.11226,0.075741,0.061204,0.0036607,0.0061771
0.063843,0.15391,0.29399,0.2786,0.11887,0.072146,0.0036408,0.014986,0.29031,0.2322,0.22052,0.11537,0.079565,0.048498,0.0031212,0.010418
0.066449,0.20765,0.23779,0.28038,0.12508,0.056157,0.0026151,0.023887,0.23856,0.26689,0.26209,0.13392,0.081079,0.0085803,0.0031602,0.005714
0.075401,0.18312,0.30324,0.22627,0.13005,0.063672,0.0058999,0.012355,0.20085,0.26359,0.26805,0.18263,0.068756,0.01065,0.0024504,0.0030311
0.058208,0.17572,0.28659,0.26443,0.11874,0.056337,0.0080744,0.031903,0.22257,0.19227,0.3059,0.12741,0.12454,0.013551,0.0084894,0.0052702
0.080802,0.17893,0.30455,0.23855,0.12676,0.054795,0.0011728,0.014439,0.21452,0.24963,0.33056,0.10532,0.055724,0.03574,0.0023238,0.0061806
0.10023,0.1198,0.28818,0.26006,0.11822,0.092303,0.0049606,0.016244,0.23354,0.18784,0.27908,0.14776,0.09524,0.043215,0.008294,0.0050381
0.11117,0.11712,0.3173,0.26298,0.088618,0.081653,0.0047293,0.016431,0.32087,0.19928,0.20597,0.16366,0.062077,0.034658,0.002788,0.010697
0.13823,0.15283,0.26533,0.23002,0.10366,0.082245,0.010069,0.017612,0.26552,0.26797,0.23414,0.11241,0.080588,0.023239,0.0034669,0.012655
0.071611,0.15358,0.28619,0.26655,0.10951,0.081113,0.011035,0.020413,0.23859,0.26405,0.1703,0.1798,0.11222,0.022569,0.0035875,0.0088962
0.097707,0.15062,0.29564,0.22162,0.096311,0.085777,0.0043982,0.047922,0.24728,0.284,0.22117,0.15104,0.05904,0.022602,0.001233,0.013638
0.091322,0.17465,0.27765,0.26877,0.082629,0.086133,0.0010748,0.017779,0.26026,0.2783,0.24671,0.12967,0.051431,0.026387,0.0025488,0.0046922
0.086839,0.16313,0.28185,0.29339,0.10946,0.05152,0.0013422,0.01246,0.2177,0.26476,0.2487,0.1475,0.091932,0.019634,0.0001128,0.0096631
0.087931,0.15834,0.3071,0.27286,0.10746,0.052161,0.0011021,0.013052,0.29953,0.26709,0.21209,0.13483,0.05202,0.027607,0.0033334,0.0035068
0.07465,0.15519,0.29981,0.29315,0.093586,0.057305,0.0033796,0.022926,0.27731,0.28794,0.23169,0.088895,0.081275,0.015159,2.432e-005,0.017705
0.054585,0.17847,0.28925,0.30794,0.11504,0.035725,0.0034944,0.015499,0.24551,0.31274,0.2498,0.10643,0.062206,0.0077594,3.8162e-005,0.015522
0.072451,0.16921,0.29913,0.26472,0.12725,0.0595,0.0017162,0.006015,0.22684,0.3286,0.25138,0.09486,0.069061,0.013278,0.001387,0.014599
0.083177,0.13982,0.28629,0.29029,0.11813,0.056804,0.0027388,0.022755,0.25183,0.29053,0.22505,0.12493,0.080998,0.015511,0.0079833,0.0031655
0.090187,0.14128,0.27138,0.32471,0.10668,0.048979,0.0037471,0.013054,0.25342,0.23704,0.24449,0.14076,0.085957,0.029958,0.0055584,0.0028109
0.082696,0.14947,0.33405,0.2825,0.082786,0.056269,2.3105e-006,0.012234,0.23605,0.25006,0.2562,0.13646,0.072486,0.030342,0.013606,0.0047971
0.055102,0.13894,0.31024,0.29485,0.10032,0.073349,0.00012871,0.027067,0.23058,0.29328,0.24869,0.12546,0.0571,0.040189,0.0020897,0.0026172
0.078649,0.15546,0.32059,0.26114,0.095534,0.058738,0.00056604,0.029324,0.27801,0.31098,0.23311,0.080125,0.068898,0.01467,0.0081911,0.0060137
0.062309,0.14364,0.38088,0.22146,0.12831,0.050204,3.894e-006,0.013192,0.27745,0.21881,0.21525,0.15237,0.094032,0.018988,0.0090406,0.014054
0.052317,0.14952,0.31,0.27715,0.12302,0.069299,0.0028379,0.015861,0.24316,0.23143,0.29291,0.13261,0.04122,0.053113,0.00046756,0.0050877
0.043382,0.18867,0.32206,0.24325,0.1205,0.071615,0.003459,0.0070642,0.25699,0.22419,0.31557,0.10662,0.044805,0.03003,0.0079632,0.013836
0.066152,0.15732,0.30894,0.24846,0.11535,0.091863,0.0022878,0.0096301,0.34941,0.25064,0.20315,0.083809,0.081981,0.023228,0.0033921,0.0043856
0.072878,0.1771,0.27889,0.25844,0.14503,0.045923,0.0040403,0.017707,0.29007,0.27564,0.26055,0.087811,0.065615,0.0098921,0.0027517,0.0076681
0.093885,0.1952,0.23808,0.31008,0.075214,0.066431,0.0025804,0.018523,0.28705,0.22955,0.25282,0.11392,0.082228,0.017124,0.00058779,0.016717
0.099385,0.1653,0.31604,0.25359,0.083534,0.066594,0.00023195,0.015326,0.2403,0.2637,0.26167,0.10063,0.098,0.031227,0.00012243,0.0043461
0.092391,0.141,0.29222,0.31037,0.096211,0.048524,0.00040982,0.018864,0.24472,0.229,0.29275,0.10781,0.10083,0.015449,0.0063896,0.0030455
0.064122,0.14405,0.32115,0.27771,0.096267,0.069342,0.0017077,0.025649,0.28544,0.25097,0.26948,0.11775,0.053197,0.018503,0.0011212,0.0035447
0.11088,0.18121,0.29816,0.26182,0.087895,0.05222,0.00099095,0.0068325,0.27625,0.27818,0.25125,0.086857,0.077657,0.018103,0.00015074,0.011557
0.067197,0.14921,0.34459,0.27478,0.10798,0.048013,0.0015598,0.0066745,0.23326,0.33523,0.21655,0.10219,0.081626,0.022122,0.0025108,0.0065043
0.081624,0.14204,0.36215,0.26555,0.092432,0.037511,0.0019122,0.016781,0.21578,0.30632,0.24742,0.10085,0.082527,0.040289,0.0060116,0.00079932
0.072819,0.13083,0.31908,0.29561,0.11003,0.049226,0.01039,0.01201,0.21733,0.33221,0.23938,0.086597,0.093643,0.019653,0.0031979,0.0079885
0.082671,0.1074,0.35481,0.29921,0.081985,0.051702,0.0026081,0.019623,0.21918,0.3195,0.27931,0.081848,0.080119,0.016652,0.0020298,0.0013628
0.051944,0.15303,0.33576,0.30217,0.10033,0.044689,0.00073308,0.01134,0.23033,0.33055,0.24184,0.086769,0.073922,0.026779,0.0048814,0.0049255
0.066998,0.15188,0.31131,0.30547,0.11238,0.03458,0.000145,0.017239,0.24917,0.31119,0.25335,0.078359,0.080112,0.02002,0.00092076,0.006868
0.067766,0.11345,0.35774,0.23799,0.15527,0.051967,3.7561e-005,0.015782,0.29428,0.23787,0.26741,0.10997,0.061065,0.022977,0.0042052,0.0022161
0.083737,0.14023,0.31115,0.26833,0.10809,0.077668,0.00019796,0.010607,0.25672,0.24433,0.28008,0.12809,0.050451,0.023883,5.0066e-006,0.016446
0.084416,0.15811,0.29987,0.25192,0.10781,0.071495,0.004883,0.021496,0.24024,0.28195,0.25243,0.12113,0.057057,0.023202,0.003525,0.020459
0.10026,0.1538,0.29462,0.26183,0.08615,0.083194,0.0070169,0.013135,0.22841,0.33904,0.24306,0.10474,0.057804,0.021055,0.00027765,0.0056086
0.081788,0.1729,0.28723,0.25394,0.056068,0.11139,0.00048885,0.036191,0.26415,0.24854,0.25466,0.092244,0.072282,0.04068,0.0017662,0.025681
0.10479,0.16871,0.33624,0.21796,0.076426,0.074157,0.0016496,0.020066,0.25268,0.25183,0.30369,0.099687,0.054691,0.02862,0.0011427,0.0076713
0.083815,0.13649,0.32528,0.28155,0.097517,0.062543,0.0012314,0.01157,0.25557,0.26499,0.25792,0.1468,0.038253,0.02283,0.001291,0.012344
0.10739,0.1445,0.30257,0.30649,0.075784,0.045661,0.0012871,0.016319,0.23832,0.27495,0.23951,0.13383,0.058401,0.043457,0.00056261,0.010964
0.10827,0.16823,0.276,0.29146,0.063964,0.075821,0.00021953,0.016043,0.27284,0.23454,0.2129,0.16991,0.059527,0.023563,0.00871,0.018011
0.090536,0.16496,0.35673,0.20702,0.082953,0.07949,0.0019358,0.016382,0.24707,0.28998,0.21942,0.11769,0.066216,0.014875,0.028675,0.016058
0.085892,0.12956,0.3226,0.25831,0.12303,0.06766,0.00036267,0.012586,0.23824,0.29521,0.2435,0.12425,0.065883,0.014467,0.0020753,0.01638
0.12483,0.12813,0.31654,0.26968,0.11214,0.038763,0.00067166,0.0092446,0.21092,0.25495,0.28042,0.13895,0.069686,0.027131,0.0084812,0.0094692
0.095558,0.084529,0.37261,0.27002,0.11454,0.044917,0.0024621,0.01537,0.19798,0.36763,0.23653,0.13408,0.031629,0.018301,0.0020487,0.011802
0.075207,0.15059,0.31342,0.28431,0.10255,0.053492,0.0012641,0.019162,0.25901,0.30698,0.22632,0.11002,0.065031,0.013694,0.00093065,0.018009
0.071953,0.1774,0.31473,0.26452,0.090856,0.067011,0.0021524,0.011383,0.2397,0.34257,0.22455,0.099766,0.054105,0.027672,0.010285,0.0013508
0.097692,0.16707,0.33324,0.23239,0.09908,0.062581,0.00064885,0.0073085,0.27035,0.34392,0.18333,0.12126,0.049501,0.025033,0.00096255,0.0056368
0.060205,0.17255,0.28558,0.2592,0.10505,0.096976,0.001538,0.018906,0.21822,0.31323,0.22943,0.1391,0.061621,0.02687,0.0022443,0.0092843
0.076321,0.15476,0.30214,0.27307,0.091288,0.076193,0.0010306,0.025199,0.23201,0.30971,0.21432,0.13333,0.080466,0.019176,0.0056954,0.0052955
0.068124,0.1691,0.26635,0.28505,0.11029,0.083558,0.0060322,0.0115,0.19308,0.272,0.21884,0.13661,0.12237,0.026505,0.025148,0.0054449
0.046894,0.18708,0.28433,0.27253,0.11919,0.076792,0.0016938,0.011487,0.24305,0.31222,0.1897,0.13594,0.076933,0.015003,0.0052115,0.021933
0.063785,0.17176,0.3243,0.24425,0.11138,0.055524,0.00317,0.025827,0.28851,0.23563,0.18803,0.13647,0.1091,0.012726,0.0076169,0.021904
0.065008,0.15396,0.31482,0.29462,0.12155,0.030739,2.0153e-005,0.019284,0.30468,0.22023,0.20741,0.12719,0.091775,0.03961,0.0060569,0.0030439
0.062446,0.17779,0.34586,0.27355,0.091707,0.031406,0.00080296,0.016432,0.28557,0.22193,0.25365,0.15822,0.055865,0.022141,9.8752e-006,0.0026233
0.072719,0.22329,0.28643,0.24642,0.090344,0.058944,0.0037725,0.018079,0.30722,0.21569,0.26097,0.13284,0.063453,0.018892,0.00026158,0.00067729
0.098597,0.16133,0.3377,0.22051,0.11925,0.039481,0.0087142,0.014416,0.23896,0.24072,0.24584,0.13826,0.10844,0.017492,0.0034868,0.0067986
0.094551,0.16619,0.28527,0.29921,0.092776,0.039397,0.0054311,0.017175,0.23006,0.22985,0.30816,0.11864,0.070367,0.036141,0.0013255,0.0054614
0.076071,0.17445,0.28668,0.2604,0.10079,0.080121,0.0012224,0.020273,0.24488,0.23985,0.31047,0.11446,0.061869,0.0097563,0.0047966,0.013921
0.091332,0.17397,0.24655,0.29344,0.11726,0.064816,0.0008925,0.01174,0.20106,0.34756,0.28595,0.07805,0.06616,0.015757,0.00093927,0.0045246
0.094461,0.1552,0.30692,0.25607,0.12202,0.043378,7.9998e-005,0.021874,0.23071,0.28029,0.25028,0.12349,0.058203,0.049889,0.00011787,0.0070208
0.070061,0.15363,0.3333,0.25923,0.10904,0.053328,2.8364e-005,0.021391,0.26646,0.22911,0.2784,0.15255,0.056166,0.014397,0.00016001,0.0027497
0.084355,0.18607,0.31251,0.26351,0.086287,0.045461,0.0014239,0.020381,0.25805,0.25164,0.25232,0.13322,0.075403,0.017371,0.0013553,0.010648
0.085122,0.15803,0.30022,0.29387,0.11735,0.028527,0.0060794,0.010796,0.24602,0.30357,0.2453,0.092913,0.092707,0.017528,0.0010436,0.00091523
0.070364,0.17031,0.26537,0.32249,0.11588,0.032939,0.0014204,0.021226,0.20633,0.32811,0.2471,0.094433,0.068857,0.039392,0.0063655,0.0094085
0.054875,0.15203,0.33321,0.27861,0.11654,0.054954,9.6524e-006,0.0097656,0.24382,0.3112,0.2239,0.098169,0.097688,0.022444,0.001453,0.0013364
0.049177,0.16409,0.30372,0.2977,0.11851,0.040448,5.1888e-005,0.026299,0.24305,0.30024,0.23365,0.11462,0.089414,0.0078733,0.00013797,0.011013
0.06166,0.14678,0.30446,0.31786,0.12324,0.03078,0.00031868,0.014902,0.19088,0.2776,0.28668,0.14082,0.081006,0.0076503,0.00025553,0.015112
0.090349,0.13492,0.27532,0.32009,0.13308,0.029823,1.3277e-005,0.016415,0.16237,0.25283,0.32771,0.15236,0.07611,0.020938,0.0026075,0.0050809
0.091628,0.14729,0.31485,0.2708,0.10141,0.057257,0.0013348,0.01543,0.18495,0.32732,0.26772,0.1118,0.059666,0.033224,9.1248e-005,0.015231
0.09527,0.15504,0.22473,0.26288,0.16219,0.092212,0.00024609,0.0074321,0.24355,0.24618,0.27373,0.090916,0.087448,0.037978,0.00090718,0.019299
0.085548,0.15141,0.26217,0.29811,0.14601,0.045544,0.00086816,0.010343,0.18368,0.2807,0.29176,0.10304,0.066493,0.067738,0.0041514,0.0024391
0.094653,0.18554,0.24034,0.29801,0.10403,0.062624,3.1578e-006,0.014799,0.25213,0.27313,0.23685,0.13776,0.059002,0.034813,0.0011693,0.0051397
0.088909,0.18063,0.32098,0.24848,0.10891,0.038131,0.0017069,0.01226,0.25011,0.29356,0.25092,0.080007,0.099498,0.025649,0.00012599,0.00012832
0.06583,0.13013,0.2864,0.32733,0.10694,0.069691,0.0014172,0.012269,0.22937,0.28563,0.27329,0.081965,0.084162,0.042281,0.00019245,0.0031059
0.084885,0.18353,0.29218,0.26394,0.10361,0.059769,0.00018463,0.011906,0.20416,0.31853,0.26265,0.074056,0.075258,0.061096,0.0018624,0.0023913
0.045737,0.14699,0.30424,0.32402,0.10603,0.055965,0.0024209,0.014599,0.2568,0.25214,0.22897,0.1361,0.079213,0.039493,2.5897e-005,0.0072465
0.063571,0.17276,0.31231,0.26177,0.13142,0.046105,0.0013643,0.010693,0.25301,0.28165,0.21572,0.093109,0.11058,0.031662,0.0010805,0.013174
0.054099,0.16179,0.28679,0.30388,0.12207,0.058256,0.0017208,0.0114,0.23801,0.26249,0.28185,0.095364,0.083767,0.023249,0.00014145,0.015132
0.083725,0.17073,0.29867,0.27848,0.098942,0.052068,3.6486e-005,0.017351,0.26014,0.29936,0.27473,0.10547,0.02767,0.021121,0.00019398,0.011323
0.078798,0.20334,0.28711,0.24994,0.10656,0.055516,0.0001964,0.01854,0.21995,0.28569,0.23306,0.12968,0.067227,0.04543,0.0045756,0.01439
0.075607,0.16675,0.26668,0.2948,0.10412,0.069497,0.0019341,0.020601,0.1767,0.32477,0.18596,0.17298,0.087763,0.040014,9.4539e-006,0.011807
0.060142,0.20222,0.24587,0.28019,0.11459,0.080768,0.0022313,0.013992,0.18364,0.30852,0.22257,0.15117,0.10473,0.018012,0.00087694,0.010476
0.076903,0.16712,0.29307,0.26795,0.12653,0.051019,0.0053236,0.012081,0.21423,0.33133,0.19484,0.12338,0.089256,0.026975,0.0030395,0.016946
0.063467,0.16132,0.29631,0.2898,0.094615,0.079578,0.00029166,0.014612,0.17274,0.35985,0.22455,0.14883,0.055383,0.028945,0.00041129,0.0093013
0.07295,0.15075,0.30714,0.2674,0.12765,0.051688,0.0007518,0.021671,0.20705,0.28639,0.23389,0.1368,0.091282,0.034144,0.0032915,0.0071442
0.079451,0.16283,0.29145,0.26526,0.13913,0.035713,0.00013138,0.026031,0.21983,0.31064,0.2438,0.11978,0.046109,0.037917,0.0035271,0.018399
0.058404,0.1835,0.2567,0.27835,0.15554,0.044118,0.002317,0.021072,0.17891,0.34593,0.26052,0.097202,0.050609,0.053581,0.00072507,0.012531
0.03457,0.16247,0.28538,0.30712,0.12769,0.065305,0.00080158,0.016666,0.1827,0.30503,0.28936,0.15098,0.04328,0.021818,9.2711e-005,0.0067316
0.055933,0.13728,0.28516,0.30319,0.12408,0.07671,0.0023835,0.015258,0.21548,0.26876,0.29429,0.14369,0.043971,0.027658,0.00032303,0.0058322
0.069888,0.18554,0.27516,0.28977,0.1037,0.04601,0.00022501,0.029715,0.221,0.30906,0.25678,0.1197,0.05935,0.020491,0.0014318,0.012187
0.054478,0.17444,0.32203,0.26945,0.11644,0.046664,0.0022199,0.014272,0.19312,0.31246,0.27574,0.14451,0.044949,0.021549,0.0033147,0.0043623
0.072883,0.13935,0.279,0.28559,0.15726,0.057211,0.0023848,0.0063154,0.2124,0.27071,0.25071,0.18369,0.04448,0.030733,0.0052384,0.0020403
0.07735,0.16868,0.28176,0.32553,0.1008,0.042463,4.9731e-006,0.003418,0.17591,0.30028,0.29224,0.14575,0.055879,0.029164,8.3906e-005,0.00069055
0.063261,0.16186,0.28154,0.28453,0.13073,0.05927,0.0019783,0.016829,0.17235,0.27613,0.3125,0.12595,0.078242,0.023416,0.0051775,0.006232
0.090444,0.1454,0.29648,0.25985,0.12395,0.061247,0.0010246,0.021614,0.21307,0.25689,0.29736,0.14093,0.058865,0.022571,0.00029413,0.010016
0.059902,0.16745,0.31256,0.27896,0.10855,0.063064,0.00024104,0.0092743,0.27586,0.24953,0.239,0.13635,0.069203,0.025535,0.000607,0.0039088
0.053031,0.19022,0.28694,0.29647,0.1001,0.065416,0.0021548,0.0056756,0.25102,0.26879,0.33288,0.099616,0.027293,0.017496,0.0014969,0.0014017
0.041035,0.16607,0.30213,0.27424,0.10764,0.086677,0.00070138,0.021507,0.22878,0.2182,0.27981,0.17742,0.046929,0.033134,0.011996,0.0037352
0.059648,0.13795,0.28998,0.32175,0.10567,0.068915,0.0012759,0.014809,0.26084,0.2304,0.2483,0.15525,0.059738,0.026886,0.014743,0.0038482
0.068064,0.15125,0.29415,0.31529,0.077724,0.06662,0.0032821,0.023622,0.22656,0.2915,0.24954,0.15036,0.056851,0.01933,0.004182,0.0016762
0.073106,0.15965,0.27088,0.28697,0.13041,0.05865,0.0033126,0.017024,0.22066,0.2828,0.26367,0.14706,0.065139,0.014841,0.00088567,0.0049447
0.085085,0.17573,0.28401,0.28773,0.10097,0.044255,0.0050431,0.017178,0.21392,0.31189,0.24522,0.14778,0.058465,0.01222,0.0011064,0.0093905
0.084949,0.13739,0.27698,0.30509,0.11317,0.056731,0.0063589,0.01932,0.19511,0.30253,0.27348,0.11155,0.08156,0.020415,0.0089945,0.0063559
0.11168,0.14125,0.26894,0.28025,0.1221,0.050187,0.00082029,0.024781,0.21925,0.32071,0.23386,0.11716,0.067801,0.032945,0.0037884,0.0044827
0.074811,0.1251,0.28437,0.33039,0.10553,0.060614,3.3655e-005,0.019148,0.20644,0.2773,0.23857,0.14907,0.083454,0.035133,0.0050636,0.0049697
0.069547,0.16373,0.33172,0.27886,0.069118,0.06688,0.00047232,0.019671,0.20472,0.25808,0.247,0.17807,0.080772,0.01193,0.00079508,0.018637
0.073541,0.14772,0.31085,0.27236,0.10166,0.071601,0.0008849,0.021382,0.19433,0.31571,0.23363,0.15058,0.076256,0.014229,0.011153,0.0041134
0.11041,0.18969,0.29388,0.25167,0.070382,0.058364,0.0049866,0.020608,0.21403,0.2761,0.19512,0.1693,0.099147,0.022278,0.020786,0.0032387
0.087254,0.1449,0.27183,0.28152,0.11183,0.082224,0.0041251,0.016322,0.19242,0.29592,0.25147,0.14342,0.080115,0.030664,0.0022325,0.0037703
0.087614,0.16671,0.30046,0.266,0.10197,0.068329,0.0017056,0.0072181,0.2161,0.27104,0.24973,0.11942,0.090461,0.049562,0.0012326,0.0024516
0.07639,0.17046,0.31618,0.2647,0.092245,0.057893,0.0039413,0.018189,0.23274,0.29483,0.22996,0.14721,0.059275,0.030533,0.0016754,0.0037843
0.076445,0.15893,0.26749,0.30212,0.10968,0.058437,0.0013275,0.025578,0.26407,0.3029,0.19357,0.13285,0.059027,0.04243,0.00084853,0.0043093
0.078419,0.16871,0.33825,0.2433,0.10345,0.044194,0.010023,0.013653,0.25394,0.33069,0.20725,0.099665,0.054278,0.039256,0.0022511,0.012672
0.10648,0.17995,0.28575,0.25142,0.080042,0.074073,0.0042783,0.018004,0.21572,0.36894,0.185,0.14563,0.043021,0.018253,0.0054552,0.017983
0.074678,0.12486,0.32896,0.27747,0.085006,0.078038,0.0088579,0.022135,0.19557,0.28713,0.24593,0.17383,0.069564,0.018788,0.00043593,0.0087581
0.074172,0.15629,0.32422,0.26758,0.086867,0.067968,0.0047177,0.018177,0.23583,0.31041,0.21002,0.15588,0.061428,0.018444,0.0010166,0.006969
0.078088,0.16452,0.24922,0.29358,0.10729,0.081547,0.0018688,0.02388,0.21823,0.30357,0.17781,0.13081,0.12379,0.026109,0.0020936,0.017583
0.093071,0.14226,0.28388,0.26556,0.10012,0.078317,0.011271,0.025524,0.18318,0.21139,0.29239,0.17824,0.090889,0.017402,0.0045363,0.021972
0.067356,0.14776,0.26991,0.34245,0.088289,0.063831,0.012283,0.0081222,0.24224,0.30246,0.1601,0.11473,0.12949,0.023063,0.017592,0.010319
0.094381,0.15527,0.31524,0.26933,0.099378,0.04892,0.0035903,0.013888,0.19508,0.30373,0.18932,0.15513,0.13145,0.013066,0.0066582,0.0055642
0.077578,0.16921,0.27503,0.29992,0.094061,0.05517,0.014352,0.014682,0.19441,0.27549,0.20616,0.20933,0.076098,0.02278,0.0040809,0.011655
0.056138,0.14984,0.32949,0.26017,0.11484,0.060982,0.012243,0.016304,0.24011,0.21448,0.24365,0.17756,0.083688,0.034988,0.00070918,0.0048164
0.055817,0.17886,0.28622,0.26767,0.097682,0.07007,0.0091759,0.034509,0.22403,0.26045,0.22259,0.16816,0.076978,0.03979,0.00028645,0.007706
0.058382,0.16192,0.27394,0.29802,0.10204,0.074314,0.0045219,0.026866,0.26412,0.23824,0.21894,0.14494,0.080018,0.025205,0.0018,0.026738
0.043036,0.15186,0.29004,0.29437,0.10104,0.098218,0.0046673,0.016778,0.24163,0.2426,0.23713,0.1473,0.088555,0.025403,0.00040849,0.016968
0.050036,0.14313,0.32916,0.29948,0.089262,0.070275,0.0019567,0.016693,0.27406,0.22515,0.19718,0.15757,0.1047,0.023857,0.0007124,0.016766
0.062192,0.14461,0.278,0.31649,0.10829,0.064525,0.002445,0.023453,0.27572,0.27577,0.19871,0.13837,0.072077,0.015321,0.015342,0.0086816
0.05024,0.15592,0.32554,0.30405,0.092927,0.040177,0.0085151,0.022632,0.27832,0.30191,0.20506,0.1207,0.048261,0.027684,0.0036107,0.014446
0.048175,0.18743,0.31315,0.2781,0.10911,0.052409,0.0037035,0.0079199,0.2182,0.25354,0.24275,0.1576,0.056299,0.049889,0.0089377,0.012785
0.041325,0.16738,0.32028,0.28811,0.11031,0.059419,0.0010721,0.012106,0.18732,0.30615,0.29424,0.10869,0.066654,0.021361,0.011161,0.0044281
0.038367,0.19878,0.24132,0.34123,0.11448,0.050961,0.0056352,0.0092195,0.1737,0.27626,0.28295,0.12617,0.105,0.022764,0.0056958,0.0074712
0.046231,0.14924,0.24448,0.35239,0.12015,0.057644,0.00086346,0.029004,0.19699,0.29327,0.25227,0.14417,0.048639,0.055971,0.0019818,0.0066993
0.083296,0.17045,0.26964,0.26791,0.1117,0.081461,0.0043472,0.0112,0.22878,0.31831,0.20624,0.12577,0.091679,0.021956,0.00026264,0.0069987
0.049347,0.18755,0.26818,0.28394,0.12798,0.062265,0.0022006,0.018538,0.22198,0.28411,0.23253,0.16161,0.085543,0.0091609,0.0027162,0.0023368
0.060731,0.17634,0.32152,0.26664,0.083511,0.064814,0.0074937,0.018951,0.16978,0.2706,0.24593,0.17329,0.10386,0.028887,3.1494e-005,0.0076302
0.052029,0.17962,0.30342,0.30271,0.08444,0.06308,0.00026866,0.014432,0.19144,0.25549,0.30062,0.14777,0.079613,0.014452,0.0020286,0.0085846
0.063457,0.12948,0.2925,0.28621,0.14053,0.064363,0.0018368,0.021622,0.23857,0.27403,0.20459,0.14802,0.090021,0.035217,0.00052225,0.0090263
0.062367,0.18778,0.27149,0.27163,0.13286,0.059605,0.0010548,0.013208,0.2787,0.27817,0.24379,0.1015,0.053781,0.034775,0.00040134,0.0088843
0.072951,0.15353,0.27864,0.29553,0.12443,0.056298,0.00026217,0.018352,0.28637,0.26912,0.25778,0.11439,0.050498,0.01477,0.0010018,0.006073
0.10205,0.17174,0.26407,0.25167,0.12327,0.061661,0.00044894,0.02509,0.27089,0.26811,0.23887,0.0962,0.093307,0.019284,0.0045253,0.0088212
0.080818,0.17775,0.27917,0.27748,0.11162,0.055784,0.0043314,0.013042,0.25853,0.22682,0.24069,0.15478,0.083358,0.031898,0.00018883,0.0037314
0.0859,0.1611,0.2868,0.30634,0.091313,0.052504,0.0028775,0.013169,0.25639,0.26358,0.1955,0.14982,0.072473,0.051291,0.00070271,0.010244
0.086783,0.13773,0.3195,0.31045,0.08223,0.043983,0.00015641,0.019171,0.2702,0.22191,0.22678,0.16031,0.073636,0.03104,0.0063702,0.009753
0.073836,0.17196,0.32002,0.27556,0.081892,0.056385,0.00069606,0.01966,0.24366,0.27583,0.24475,0.1389,0.062734,0.026936,0.0019462,0.0052423
0.068777,0.16454,0.28724,0.30734,0.10081,0.061049,0.0025921,0.0076463,0.21152,0.29685,0.23198,0.13788,0.072931,0.031386,0.0072189,0.010227
0.080087,0.18009,0.2992,0.25824,0.089268,0.074753,0.00098837,0.017375,0.19676,0.29418,0.26102,0.10859,0.11521,0.018856,0.0022534,0.0031283
0.072212,0.15504,0.27803,0.32359,0.1006,0.057942,0.00029556,0.012295,0.23131,0.29532,0.25091,0.095087,0.10098,0.011755,0.0034558,0.011184
0.0806,0.15214,0.25008,0.30857,0.13521,0.056602,0.00029097,0.016493,0.20543,0.32655,0.24117,0.13858,0.05764,0.02588,0.002447,0.002306
0.059992,0.16047,0.28503,0.32086,0.10518,0.040034,2.4208e-005,0.028423,0.23521,0.27446,0.1761,0.13229,0.10979,0.056542,0.00057695,0.015032
0.060508,0.1679,0.26474,0.29997,0.10918,0.077606,0.0041387,0.015946,0.23852,0.29124,0.18407,0.11123,0.12639,0.040457,0.00032375,0.0077741
0.088362,0.15981,0.25864,0.28492,0.13448,0.067526,0.00047956,0.0057875,0.25716,0.26536,0.20646,0.13504,0.10935,0.022345,0.00073323,0.0035637
0.094162,0.1768,0.27964,0.29547,0.072774,0.0628,3.9207e-005,0.018311,0.26501,0.31124,0.189,0.11918,0.095548,0.0075881,0.0022007,0.010225
0.062985,0.16518,0.33165,0.2953,0.077596,0.050674,0.00011946,0.016498,0.21128,0.34971,0.21831,0.10298,0.093784,0.013802,0.0021536,0.007982
0.060547,0.17788,0.28992,0.29837,0.097704,0.063741,0.0012634,0.01057,0.28378,0.24567,0.24675,0.14289,0.062763,0.013786,0.00068808,0.0036747
0.056196,0.21365,0.27164,0.23509,0.11561,0.093911,0.0033976,0.010509,0.23708,0.26288,0.27364,0.12766,0.067546,0.025467,0.0003337,0.0053951
0.080241,0.16966,0.27987,0.26713,0.12338,0.061584,0.0034189,0.014711,0.26392,0.25165,0.23697,0.12747,0.084275,0.026618,3.8214e-005,0.0090546
0.084737,0.15972,0.24233,0.32242,0.11521,0.056694,0.0023155,0.016583,0.23141,0.28166,0.24468,0.14371,0.066723,0.025568,0.00097863,0.0052753
0.071308,0.15188,0.26679,0.26588,0.15531,0.067625,0.0039486,0.017259,0.22255,0.29762,0.25944,0.093188,0.084852,0.031082,0.0050551,0.0062086
0.094176,0.15865,0.24369,0.3158,0.099502,0.073362,0.00098968,0.013838,0.25192,0.28808,0.27092,0.079995,0.094249,0.0066352,0.0023904,0.005809
0.059242,0.1756,0.29591,0.28012,0.095953,0.080171,0.00016741,0.012841,0.32033,0.21907,0.26106,0.10716,0.061075,0.030813,0.00039502,8.5236e-005
0.047449,0.21015,0.24754,0.25871,0.11815,0.098151,0.0008716,0.018966,0.3172,0.27301,0.21384,0.089106,0.072929,0.030818,0.0013667,0.0017305
0.10038,0.16741,0.25111,0.25299,0.1174,0.099137,2.5698e-005,0.011542,0.29192,0.27366,0.25048,0.093887,0.058141,0.021367,0.0022132,0.0083343
0.076792,0.16977,0.27017,0.29162,0.099906,0.071404,0.00036618,0.019973,0.19805,0.34342,0.22828,0.11043,0.069942,0.048678,8.8278e-005,0.0011107
0.084665,0.15,0.29799,0.2908,0.11205,0.050097,0.0017461,0.012655,0.2224,0.31715,0.27067,0.090801,0.068827,0.027753,0.00012661,0.0022714
0.10317,0.14494,0.30514,0.27907,0.11157,0.041589,0.00015955,0.014372,0.19121,0.27332,0.2487,0.11767,0.10245,0.047127,0.0073675,0.012164
0.062651,0.15728,0.35719,0.24397,0.10931,0.055041,0.001646,0.012901,0.2227,0.26767,0.27231,0.087966,0.098498,0.028173,0.0013912,0.021293
0.084593,0.17142,0.2861,0.24545,0.13064,0.054408,0.0034407,0.023961,0.30734,0.25223,0.26408,0.065065,0.084946,0.023358,0.0017571,0.001225
0.070771,0.17716,0.30399,0.25412,0.092962,0.075736,0.0046433,0.020612,0.24614,0.27559,0.25666,0.11351,0.076145,0.017237,0.0085197,0.0061858
0.072276,0.1868,0.30108,0.27437,0.093217,0.05511,0.000254,0.016888,0.29143,0.26046,0.24035,0.10964,0.067061,0.025457,5.5208e-005,0.0055437
0.050775,0.13779,0.35169,0.28481,0.098384,0.054209,0.0020144,0.020332,0.25365,0.33718,0.20681,0.099611,0.065284,0.03256,0.0019236,0.0029809
0.059793,0.18501,0.28763,0.29195,0.10392,0.051845,0.0028016,0.017053,0.16444,0.30308,0.20218,0.18436,0.1069,0.032373,2.857e-005,0.0066334
0.05407,0.1421,0.29314,0.31834,0.13259,0.040055,0.000874,0.018836,0.26698,0.2707,0.23304,0.10887,0.086214,0.022913,8.654e-006,0.011274
0.059862,0.15843,0.32683,0.28233,0.088398,0.053435,0.0066795,0.024039,0.2083,0.25943,0.30193,0.15276,0.060207,0.011038,0.00077216,0.0055657
0.075934,0.13959,0.32503,0.27631,0.098289,0.053557,0.003199,0.028091,0.2011,0.32232,0.25382,0.11521,0.087126,0.018269,8.3112e-006,0.002151
0.083969,0.12953,0.29649,0.30771,0.11105,0.046525,0.0109,0.013822,0.2363,0.27755,0.29684,0.083815,0.075825,0.018405,0.00044089,0.01083
0.053339,0.17933,0.28639,0.30359,0.090014,0.050357,0.01747,0.019508,0.20697,0.28227,0.29234,0.090475,0.094728,0.022875,0.0082795,0.0020527
0.082924,0.14148,0.29143,0.32361,0.097791,0.041098,0.0052963,0.016376,0.24148,0.28382,0.2623,0.10655,0.071046,0.033552,2.0253e-006,0.0012494
0.073112,0.11486,0.28732,0.30924,0.14715,0.043995,0.0043426,0.019986,0.26196,0.29257,0.241,0.059901,0.11752,0.024215,3.0699e-005,0.0028029
0.078097,0.12341,0.33261,0.28076,0.13818,0.031167,0.0022369,0.013542,0.23023,0.27887,0.23556,0.11455,0.13011,0.0096174,0.000441,0.00061962
0.081564,0.11671,0.36855,0.26079,0.10955,0.037609,0.00057159,0.024658,0.26519,0.31757,0.21057,0.093777,0.086656,0.012474,0.00025855,0.013514
0.1193,0.09256,0.33792,0.2906,0.10313,0.035684,0.0025514,0.01825,0.19266,0.37844,0.24122,0.076793,0.083915,0.025482,6.1695e-005,0.0014358
0.096681,0.11532,0.33558,0.30466,0.084847,0.046713,0.0064426,0.0097533,0.24519,0.30925,0.21154,0.12516,0.068891,0.03399,0.00086071,0.0051134
0.09746,0.13026,0.29892,0.32218,0.10048,0.036184,0.00028518,0.014233,0.25241,0.25491,0.22588,0.14519,0.094261,0.022603,4.8232e-015,0.00475
0.084733,0.17814,0.23552,0.30444,0.10596,0.076491,0.00057787,0.014142,0.23432,0.2852,0.25727,0.095735,0.084353,0.039795,0.00026152,0.0030755
0.069433,0.11312,0.31414,0.29507,0.11038,0.071729,0.0021468,0.023975,0.2367,0.26936,0.24972,0.1275,0.080845,0.026066,3.6516e-008,0.0098092
0.085712,0.12841,0.29811,0.31709,0.11318,0.038372,0.0033868,0.015732,0.20205,0.29034,0.27591,0.08665,0.080874,0.043024,1.105e-005,0.021139
0.093853,0.12617,0.30729,0.28971,0.091869,0.07016,0.00054629,0.020405,0.23731,0.28774,0.25951,0.099031,0.071951,0.038719,3.6955e-007,0.0057341
0.095951,0.13618,0.34634,0.24848,0.10953,0.049338,0.00033594,0.013843,0.26233,0.29917,0.22175,0.11462,0.059874,0.039222,0.00095834,0.0020662
0.10112,0.15044,0.30661,0.26442,0.11041,0.041453,0.010953,0.014598,0.19133,0.23053,0.32357,0.14384,0.070472,0.033088,0.00018437,0.006976
0.087439,0.16386,0.34833,0.28121,0.084128,0.027785,0.0008568,0.0063874,0.22248,0.27957,0.28435,0.1075,0.074777,0.027847,0.0023745,0.0010971
0.085235,0.18183,0.30631,0.27597,0.10732,0.032962,0.0020107,0.0083569,0.17511,0.26013,0.25569,0.14133,0.098123,0.058729,0.00014534,0.010743
0.072191,0.14653,0.33711,0.26043,0.12597,0.042411,0.011439,0.0039147,0.21266,0.23861,0.35863,0.07112,0.053746,0.048018,0.0016927,0.015519
0.085127,0.16314,0.26171,0.29396,0.090847,0.071063,0.0049351,0.029211,0.24924,0.24908,0.27715,0.11429,0.080843,0.020891,0.0011324,0.007372
0.094338,0.17201,0.27273,0.27476,0.070487,0.064171,0.016896,0.034612,0.2151,0.2933,0.25671,0.13191,0.085373,0.017057,0.00046378,8.4656e-005
0.06167,0.14251,0.28429,0.28739,0.11428,0.076197,0.0040596,0.029605,0.2291,0.28602,0.24782,0.13189,0.063298,0.024961,3.5944e-008,0.016919
0.059782,0.17891,0.27231,0.3019,0.097255,0.070324,0.0055176,0.014001,0.24945,0.21049,0.29358,0.15609,0.026138,0.056334,0.00040438,0.0075065
0.065063,0.19319,0.30368,0.27953,0.10886,0.031262,0.0015695,0.016834,0.19514,0.31467,0.25566,0.13646,0.058364,0.038944,2.7915e-006,0.00076068
0.090951,0.15293,0.3148,0.31545,0.070638,0.033982,0.00088407,0.020373,0.21495,0.30386,0.2499,0.12288,0.070453,0.029171,0.00047159,0.008316
0.042002,0.18368,0.30711,0.27989,0.11854,0.060685,0.00141,0.0066821,0.2178,0.35326,0.24356,0.10518,0.052441,0.019082,0.00020107,0.00848
0.063409,0.15634,0.30468,0.25881,0.12285,0.076662,0.00082808,0.016426,0.19332,0.27343,0.26406,0.14372,0.065914,0.056558,0.00028994,0.0026969
0.064232,0.15786,0.30011,0.27263,0.11727,0.056385,0.0057027,0.025809,0.21007,0.29779,0.25845,0.13516,0.058101,0.03637,0.00054086,0.0035196
0.071937,0.16541,0.29207,0.27684,0.12433,0.054878,0.0033772,0.011152,0.24932,0.30167,0.24194,0.13911,0.037722,0.027299,0.0016276,0.0013113
0.099197,0.17977,0.31978,0.27265,0.074152,0.034948,0.0038065,0.015704,0.23018,0.3001,0.24965,0.12772,0.051814,0.028307,0.0062374,0.0059954
0.066871,0.1527,0.35827,0.28246,0.089882,0.024024,0.0075818,0.018212,0.1793,0.30769,0.25489,0.1433,0.081673,0.027801,0.0003308,0.0050053
0.059507,0.13733,0.3137,0.31753,0.12671,0.03243,0.00094889,0.011845,0.20066,0.31367,0.23648,0.1338,0.082967,0.015806,0.00025882,0.016357
0.066616,0.19968,0.27801,0.29764,0.11115,0.040178,1.4321e-006,0.006734,0.2891,0.25628,0.21082,0.11566,0.08349,0.041255,0.0019352,0.0014569
0.094388,0.14942,0.26542,0.30028,0.11598,0.051601,0.00089,0.022013,0.24851,0.26096,0.23727,0.13434,0.073364,0.029256,0.0024419,0.013865
0.071748,0.19341,0.25911,0.31469,0.076207,0.059161,4.5588e-006,0.025662,0.22436,0.25244,0.22647,0.14317,0.098114,0.044252,0.0097554,0.0014432
0.067113,0.17756,0.28652,0.29014,0.12005,0.042212,0.0016342,0.014756,0.22488,0.26986,0.23813,0.14421,0.07738,0.041594,0.0013824,0.002559
0.066188,0.18693,0.31789,0.27576,0.095595,0.034742,0.0085189,0.014386,0.26599,0.27781,0.17292,0.14452,0.095785,0.040655,0.0009165,0.0014191
0.049705,0.1632,0.30144,0.32082,0.10627,0.029371,0.011798,0.017391,0.29701,0.25874,0.18232,0.13445,0.098651,0.020082,0.0024733,0.0062774
0.07914,0.13769,0.27298,0.34374,0.10338,0.039503,0.0087025,0.014854,0.20156,0.30396,0.19565,0.15596,0.069595,0.040554,0.0010555,0.031658
0.066712,0.13061,0.29778,0.34415,0.10306,0.045107,0.0052791,0.0072923,0.22691,0.28722,0.19221,0.1453,0.08714,0.045517,0.0030535,0.012652
0.078376,0.17897,0.30795,0.32563,0.052483,0.039516,0.0040504,0.013031,0.2341,0.29316,0.20824,0.16223,0.061238,0.028563,0.0028842,0.0095849
0.073534,0.16743,0.32392,0.30865,0.072577,0.045086,0.00041692,0.0083843,0.17277,0.27589,0.29889,0.1694,0.061862,0.015593,0.0027128,0.0028768
0.066304,0.16918,0.34097,0.26838,0.087852,0.041865,0.0011273,0.024325,0.23492,0.28953,0.25605,0.12513,0.049875,0.03313,0.0019729,0.0093993
0.056717,0.1969,0.28721,0.3325,0.07538,0.032008,0.0034173,0.015862,0.18342,0.32445,0.24945,0.11552,0.068334,0.031699,0.0072889,0.019833
0.062509,0.16552,0.39367,0.22399,0.097205,0.048372,0.00017157,0.0085572,0.19573,0.34803,0.2032,0.12831,0.075577,0.030494,0.0019766,0.016674
0.074673,0.1944,0.22712,0.32732,0.12537,0.03089,0.0036304,0.016608,0.21316,0.32171,0.20371,0.16648,0.05946,0.028451,0.00086967,0.0061522
0.075288,0.18542,0.27873,0.30764,0.091715,0.039582,0.0032829,0.018344,0.16508,0.30926,0.26116,0.15279,0.050535,0.05714,0.00097854,0.0030657
0.077373,0.2078,0.2795,0.27912,0.09822,0.031291,0.0032099,0.023479,0.15849,0.33157,0.23549,0.16841,0.061192,0.035244,0.0014251,0.0081907
0.071419,0.14465,0.27891,0.30648,0.13211,0.043472,0.00047976,0.022474,0.25643,0.29944,0.22069,0.14357,0.057368,0.013368,0.0038774,0.0052557
0.064949,0.15235,0.2725,0.32166,0.12804,0.048815,0.00076264,0.010923,0.17702,0.31536,0.24142,0.17416,0.07334,0.01187,0.00034412,0.0064885
0.072634,0.14552,0.3207,0.28823,0.10983,0.032317,4.3709e-005,0.030719,0.17721,0.30838,0.22496,0.18136,0.0904,0.012415,2.5582e-005,0.0052394
0.078456,0.13309,0.33527,0.24696,0.134,0.058632,0.0019676,0.01163,0.18138,0.35202,0.23806,0.14867,0.057958,0.010855,0.0016235,0.0094329
0.086029,0.19126,0.32806,0.20601,0.11696,0.049733,0.00064333,0.021301,0.23225,0.2878,0.21697,0.16627,0.075833,0.020623,9.5731e-006,0.00024437
0.079024,0.15254,0.24199,0.32584,0.11112,0.053104,0.0014467,0.034945,0.21013,0.33423,0.19597,0.1378,0.080633,0.035089,0.00025532,0.0058843
0.062033,0.17209,0.29742,0.30891,0.099099,0.040987,0.00080242,0.01866,0.22769,0.33432,0.20321,0.11565,0.065069,0.0415,1.4241e-005,0.012548
0.077584,0.16897,0.27029,0.26965,0.15488,0.051373,8.2954e-005,0.0071723,0.20823,0.29296,0.2126,0.15754,0.094196,0.018215,0.002525,0.01373
0.081811,0.15247,0.2757,0.29922,0.12432,0.050269,0.001245,0.014962,0.26005,0.25909,0.2185,0.13609,0.074524,0.023091,6.1556e-007,0.028653
0.084443,0.15644,0.27822,0.30193,0.094754,0.066051,0.00084448,0.017328,0.19944,0.29561,0.28195,0.11251,0.089264,0.016547,0.0026624,0.002019
0.064348,0.13885,0.34238,0.29392,0.09852,0.053848,0.00010211,0.008037,0.25882,0.30094,0.2513,0.083594,0.072778,0.019737,0.0066995,0.006133
0.066148,0.17243,0.26356,0.33084,0.089415,0.048652,2.1964e-005,0.02893,0.2285,0.30868,0.25646,0.10802,0.046455,0.026428,0.013272,0.012181
0.06028,0.20217,0.2816,0.2974,0.10676,0.028264,7.2617e-005,0.023452,0.23996,0.32553,0.23953,0.11576,0.044353,0.032384,4.8652e-005,0.0024264
0.057446,0.13368,0.31323,0.33817,0.11357,0.032605,0.0017597,0.009546,0.22257,0.38718,0.21402,0.10357,0.055942,0.012321,0.00015142,0.0042562
0.062918,0.11513,0.34816,0.27561,0.11987,0.050095,0.0061429,0.02207,0.24436,0.34104,0.21034,0.090008,0.092483,0.014142,0.00099879,0.0066271
0.058035,0.16562,0.33357,0.27285,0.098365,0.038542,0.0083201,0.024692,0.24008,0.30854,0.22265,0.075524,0.11185,0.027278,0.0011953,0.012881
0.057159,0.16064,0.34376,0.28172,0.10602,0.040186,0.0021978,0.0083101,0.23647,0.36808,0.19037,0.080833,0.067045,0.017744,0.0035453,0.035902
0.053914,0.11973,0.34055,0.29596,0.12785,0.039857,0.0018303,0.020316,0.14556,0.3305,0.27447,0.11724,0.06782,0.052654,0.00071059,0.011046
0.073484,0.11757,0.27975,0.30533,0.12134,0.068945,0.0090746,0.024505,0.18811,0.31839,0.2472,0.1332,0.053178,0.047743,0.0016367,0.010547
0.097511,0.16059,0.26009,0.31345,0.097065,0.057203,0.00038777,0.013703,0.17692,0.41143,0.21331,0.11623,0.043952,0.02685,0.0078708,0.0034314
0.094073,0.15894,0.24667,0.31362,0.10861,0.063576,0.0055185,0.008993,0.22222,0.30838,0.22143,0.13227,0.074884,0.029128,0.0055968,0.0060953
0.083938,0.14206,0.24623,0.28957,0.16622,0.055707,0.0016453,0.014632,0.25217,0.32872,0.20217,0.092636,0.073386,0.038797,0.0036162,0.0085037
0.069126,0.14868,0.27235,0.26681,0.14108,0.060437,0.013215,0.028301,0.23799,0.28486,0.24524,0.093725,0.070076,0.04546,0.0044062,0.018244
0.07561,0.13176,0.31399,0.30321,0.095915,0.048582,0.006852,0.024071,0.21281,0.3488,0.20268,0.087119,0.11295,0.027894,0.00088544,0.0068553
0.083121,0.13819,0.25883,0.32994,0.10128,0.062142,0.0027367,0.023758,0.21579,0.35487,0.17859,0.1503,0.068168,0.02638,0.0050177,0.00087834
0.069115,0.11518,0.28992,0.32514,0.12296,0.062748,0.0027498,0.012184,0.21902,0.28453,0.25695,0.15215,0.047171,0.03084,0.00067431,0.0086692
0.094067,0.16955,0.25415,0.28998,0.076913,0.10521,4.6951e-005,0.010076,0.23295,0.24162,0.28385,0.13217,0.047134,0.042891,0.0027993,0.016598
0.075678,0.12521,0.30477,0.28176,0.10068,0.08399,0.0042396,0.023669,0.20241,0.28505,0.27183,0.10325,0.070632,0.042741,0.012626,0.011466
0.078605,0.14441,0.30362,0.28322,0.1006,0.059736,0.00020972,0.029601,0.19391,0.31436,0.28538,0.1115,0.045702,0.028703,0.0088204,0.011619
0.055959,0.11193,0.32403,0.25981,0.15249,0.071518,1.2398e-006,0.02426,0.22838,0.27867,0.27789,0.12698,0.040453,0.020686,0.0080449,0.018888
0.086348,0.13225,0.29344,0.27324,0.14401,0.046335,0.0020683,0.022317,0.26964,0.27192,0.25574,0.13739,0.044123,0.013705,0.00085847,0.0066334
0.053024,0.12711,0.27548,0.34737,0.13606,0.049075,0.00051874,0.011376,0.29632,0.24956,0.287,0.077886,0.041409,0.031124,0.0032494,0.013461
0.054049,0.16111,0.27436,0.3055,0.14455,0.045524,0.0028786,0.012031,0.19698,0.29318,0.23973,0.14092,0.093936,0.021921,0.00027884,0.01305
0.079283,0.1555,0.31015,0.27626,0.12282,0.038211,3.4331e-005,0.017745,0.17667,0.29269,0.29109,0.1177,0.074886,0.045086,2.6078e-005,0.0018643
0.083379,0.15253,0.30853,0.29968,0.11,0.036649,0.0010852,0.0081371,0.14946,0.3441,0.29122,0.096018,0.077441,0.037552,0.0035088,0.00069971
0.0737,0.12574,0.30748,0.35016,0.07487,0.053924,0.0032356,0.010891,0.19978,0.29145,0.2268,0.095539,0.13224,0.051928,0.00021001,0.0020577
0.076842,0.16008,0.28707,0.28625,0.12127,0.049923,0.00032008,0.018237,0.26423,0.27589,0.22726,0.10792,0.098035,0.023944,4.4651e-005,0.0026715
0.051552,0.13373,0.2332,0.36514,0.12969,0.067319,0.0010605,0.018311,0.22035,0.29616,0.26009,0.079505,0.12806,0.0069993,0.002037,0.006798
0.066036,0.21136,0.27489,0.28803,0.10718,0.027195,0.0012751,0.024037,0.19295,0.39094,0.19494,0.083352,0.12014,0.014707,0.0016471,0.0013135
0.075325,0.17677,0.27065,0.30382,0.12203,0.031984,0.0012189,0.018199,0.24923,0.36555,0.20654,0.085916,0.068894,0.0094679,0.0009031,0.013507
0.058266,0.18917,0.27757,0.30274,0.12336,0.033404,0.00076676,0.014728,0.27323,0.32169,0.18003,0.12334,0.061478,0.035227,0.0020601,0.0029423
0.064505,0.22284,0.2409,0.30883,0.10776,0.040031,3.6894e-005,0.015089,0.20906,0.40407,0.22383,0.083452,0.052331,0.024982,3.7308e-005,0.00224
0.088337,0.11394,0.26423,0.34219,0.11071,0.059891,0.00020349,0.020507,0.20536,0.32415,0.26376,0.10508,0.072188,0.025486,0.0028442,0.001137
0.070547,0.1526,0.26256,0.30882,0.11117,0.065816,0.0026393,0.025859,0.26353,0.31311,0.24321,0.10524,0.054427,0.012803,0.002208,0.0054778
0.091457,0.1365,0.29443,0.29543,0.087103,0.085655,0.0019284,0.0075002,0.23739,0.34247,0.25726,0.1026,0.033126,0.017082,0.00035747,0.0097103
0.081526,0.1952,0.22431,0.25037,0.17393,0.060422,0.0017905,0.012456,0.25697,0.32177,0.24961,0.10888,0.049729,0.0095007,0.00073116,0.0028178
0.069838,0.16854,0.26856,0.29303,0.13147,0.051568,0.00020778,0.0168,0.22747,0.32342,0.25543,0.1027,0.048626,0.033746,0.0012732,0.0073307
0.084683,0.15947,0.28526,0.28733,0.12036,0.05133,0.0006837,0.01089,0.23787,0.30783,0.22806,0.13326,0.055129,0.030447,0.0070501,0.00035185
0.10954,0.17446,0.25147,0.26461,0.11096,0.061206,0.0011451,0.026605,0.23665,0.32845,0.22252,0.083167,0.066801,0.037854,0.010467,0.014093
0.090381,0.18359,0.27826,0.27088,0.11823,0.031094,0.00016655,0.027402,0.2487,0.21039,0.26774,0.14408,0.068809,0.032041,0.012643,0.015608
0.098032,0.18644,0.23428,0.29357,0.13287,0.037129,0.00070386,0.016973,0.23563,0.29148,0.23413,0.13731,0.058258,0.023238,0.0064224,0.013526
0.068746,0.14487,0.24557,0.33482,0.12685,0.064425,0.00045212,0.014282,0.26979,0.2251,0.19526,0.14935,0.10904,0.045305,0.00081508,0.0053367
0.05983,0.16666,0.28826,0.28086,0.13371,0.054568,0.0028521,0.013256,0.23012,0.23865,0.22868,0.17147,0.095225,0.025216,0.00047619,0.010169
0.063505,0.19171,0.29168,0.221,0.12221,0.082686,0.0022631,0.024947,0.20691,0.22726,0.27823,0.13895,0.11423,0.024961,0.00048419,0.008976
0.063256,0.14739,0.31257,0.29717,0.092467,0.058513,0.0022484,0.026382,0.21717,0.28378,0.25111,0.11357,0.084351,0.045005,0.0011043,0.0039106
0.069242,0.15614,0.31864,0.2943,0.096276,0.057364,0.0024631,0.0055746,0.23987,0.33151,0.2684,0.072314,0.063434,0.022099,0.00037793,0.0019939
0.055165,0.1476,0.30591,0.27689,0.12425,0.072575,0.0010357,0.016571,0.27027,0.27657,0.24756,0.083642,0.097916,0.01898,0.00043592,0.0046245
0.080019,0.19108,0.24348,0.27614,0.083408,0.10016,0.00076127,0.024956,0.24746,0.27037,0.25524,0.10929,0.092978,0.018958,0.0039401,0.0017641
0.097384,0.12272,0.29586,0.29299,0.088825,0.074345,0.0028571,0.025021,0.26889,0.22901,0.25149,0.13301,0.086568,0.023571,0.0036301,0.0038384
0.081097,0.13368,0.3249,0.29423,0.10548,0.051024,0.0009372,0.0086472,0.24065,0.24659,0.25078,0.15732,0.062771,0.030655,0.00096797,0.010265
0.059153,0.13137,0.29394,0.32224,0.10924,0.062756,0.0011188,0.020184,0.18682,0.30363,0.2946,0.12473,0.06437,0.024857,0.00029631,0.00070624
0.067912,0.12914,0.26428,0.31078,0.13888,0.05436,0.00012602,0.034529,0.24955,0.27433,0.27259,0.09016,0.071779,0.031396,0.0059127,0.0042818
0.069493,0.13411,0.3096,0.27864,0.096276,0.091091,0.00033312,0.020453,0.23335,0.2608,0.22427,0.15385,0.083407,0.030387,0.0012275,0.012712
0.075292,0.14526,0.29873,0.30962,0.096716,0.063691,0.0029358,0.0077495,0.27435,0.2649,0.22108,0.12823,0.066012,0.033199,0.00051242,0.011715
0.075417,0.14851,0.26802,0.35438,0.10034,0.042574,0.00082413,0.0099224,0.31109,0.22723,0.1949,0.12924,0.085844,0.037979,0.001161,0.01256
0.063657,0.18898,0.26012,0.32437,0.089634,0.064332,0.00025494,0.0086501,0.28097,0.25831,0.20753,0.11903,0.071851,0.032562,0.00080263,0.028947
0.073535,0.15729,0.27191,0.329,0.10866,0.043893,0.00024612,0.015467,0.16742,0.31362,0.27528,0.12778,0.070614,0.040474,0.00014419,0.0046741
0.084431,0.15151,0.25678,0.3496,0.085566,0.060417,0.00023051,0.011469,0.1529,0.33874,0.24069,0.14429,0.081646,0.034517,0.00080774,0.0064153
0.079822,0.19153,0.29415,0.30244,0.077787,0.047097,0.00048204,0.0066996,0.24577,0.31168,0.21986,0.123,0.055069,0.024585,0.0022016,0.017836
0.061568,0.18017,0.36185,0.28126,0.062769,0.039464,0.00043797,0.012478,0.19234,0.28171,0.18743,0.22431,0.082094,0.01837,0.00071411,0.013034
0.07869,0.15101,0.33526,0.2872,0.10203,0.035018,6.2227e-006,0.010784,0.27415,0.27333,0.18176,0.1445,0.10243,0.017434,0.00033733,0.0060621
0.084595,0.17078,0.28552,0.27723,0.10487,0.06649,3.1427e-005,0.010486,0.26711,0.28475,0.19482,0.13223,0.098468,0.013685,0.0074771,0.0014629
0.080694,0.1408,0.29737,0.33297,0.087278,0.03077,3.8105e-005,0.030082,0.22965,0.28812,0.21292,0.17313,0.075006,0.014457,0.0026252,0.004084
0.075006,0.14721,0.31657,0.297,0.10415,0.04124,0.0010843,0.017732,0.25574,0.24917,0.20322,0.16244,0.087013,0.039918,0.00024093,0.0022522
0.066314,0.16306,0.35615,0.28376,0.065908,0.051886,0.003909,0.0090125,0.22645,0.35687,0.17987,0.11844,0.068712,0.028499,0.0096624,0.011494
0.058942,0.19196,0.31282,0.27967,0.064536,0.066057,0.0030029,0.023019,0.30793,0.31788,0.19302,0.090078,0.068763,0.013528,0.0014408,0.0073639
0.056436,0.17284,0.31005,0.31326,0.084857,0.03467,0.0036616,0.024226,0.24991,0.2804,0.21312,0.10043,0.11713,0.022093,0.00098099,0.015948
0.063987,0.17606,0.29958,0.29663,0.094936,0.049882,0.0011277,0.017797,0.22158,0.34835,0.20182,0.10952,0.088977,0.024388,0.00029479,0.0050672
0.07071,0.15314,0.27747,0.27348,0.12636,0.056168,0.00049806,0.042171,0.2558,0.30944,0.21056,0.098173,0.099538,0.020632,0.0015865,0.004276
0.050788,0.16718,0.32444,0.27568,0.10377,0.05273,0.00049798,0.024916,0.27979,0.27251,0.20788,0.10975,0.10557,0.023676,1.2836e-005,0.00081177
0.06229,0.16921,0.28708,0.28996,0.10812,0.059321,0.00022725,0.02378,0.29638,0.30089,0.22182,0.083546,0.071399,0.024301,0.00017062,0.0014964
0.069302,0.13679,0.31047,0.29419,0.10413,0.078582,0.00032753,0.006212,0.27998,0.27445,0.23183,0.12804,0.058355,0.023184,0.00082107,0.0033478
0.066983,0.15737,0.31558,0.2488,0.11662,0.074955,0.00012294,0.019579,0.24452,0.34792,0.2272,0.10137,0.046499,0.019044,1.4298e-006,0.013438
0.074618,0.17067,0.31265,0.25955,0.1228,0.044885,4.8258e-006,0.014826,0.25767,0.30534,0.21067,0.1346,0.067896,0.013904,0.00015125,0.0097697
0.083948,0.17056,0.25818,0.28837,0.080642,0.091511,0.0065478,0.020251,0.24041,0.34678,0.20866,0.10601,0.074554,0.0060332,0.00050034,0.017042
0.098068,0.15926,0.28284,0.30119,0.086639,0.060115,0.001172,0.010713,0.2426,0.35603,0.20655,0.12491,0.043892,0.023287,0.001213,0.0015272
0.10434,0.13538,0.30588,0.26568,0.086476,0.09269,0.00011054,0.0094427,0.24023,0.32133,0.22448,0.13138,0.062134,0.01851,7.5565e-009,0.0019465
0.054968,0.13533,0.34479,0.30123,0.079855,0.067582,1.1477e-005,0.016231,0.28847,0.32739,0.1837,0.10552,0.079911,0.014253,9.2444e-005,0.00066645
0.06557,0.15101,0.34469,0.25761,0.07734,0.075726,0.011099,0.016954,0.24257,0.28474,0.25344,0.12442,0.064337,0.029549,0.00050903,0.00043253
0.087765,0.1581,0.3007,0.25353,0.10918,0.051421,0.0048459,0.034466,0.21958,0.30395,0.21527,0.17024,0.066692,0.023656,4.0056e-006,0.00060223
0.079198,0.20278,0.35552,0.22591,0.087276,0.036386,0.0013212,0.011615,0.22131,0.28144,0.21964,0.1652,0.068698,0.034809,0.00072816,0.0081717
0.071121,0.16379,0.38254,0.21318,0.10918,0.050198,0.0027197,0.0072735,0.21337,0.27633,0.25317,0.14722,0.060782,0.039976,0.0021134,0.0070353
0.085172,0.14619,0.40687,0.2075,0.098499,0.037702,0.0049453,0.013122,0.18886,0.3093,0.24081,0.14977,0.064696,0.027464,0.010363,0.008731
0.073599,0.16554,0.30398,0.27343,0.10891,0.057901,0.001237,0.015415,0.18182,0.32942,0.22757,0.11844,0.062474,0.053688,0.023106,0.0034775
0.10685,0.14808,0.30539,0.24163,0.12673,0.052902,0.0073781,0.011045,0.18101,0.34417,0.21048,0.15215,0.069105,0.021384,0.019594,0.0021081
0.07567,0.15513,0.28043,0.34574,0.073482,0.043097,0.001685,0.024768,0.2165,0.29265,0.21867,0.15018,0.092593,0.024497,7.7092e-005,0.0048246
0.063372,0.16709,0.3053,0.29798,0.084758,0.061349,0.0032353,0.016917,0.23091,0.23415,0.24735,0.13527,0.084774,0.051812,0.0093862,0.0063451
0.073815,0.1788,0.29253,0.25253,0.10474,0.076651,0.00494,0.015992,0.19329,0.28497,0.24186,0.14346,0.060656,0.046875,0.0015976,0.027283
0.086162,0.21616,0.25815,0.24601,0.11464,0.057934,0.013128,0.007824,0.21859,0.26683,0.28177,0.16401,0.047512,0.014048,0.0045762,0.0026611
0.071226,0.16626,0.25344,0.27505,0.14087,0.068426,0.0011782,0.023551,0.1802,0.29271,0.28791,0.13837,0.077126,0.010957,0.0013535,0.011377
0.06446,0.18853,0.29999,0.26136,0.11236,0.058131,0.00070902,0.014464,0.15977,0.27283,0.30826,0.14338,0.069862,0.033095,0.006941,0.0058605
0.069328,0.16898,0.31185,0.25013,0.1339,0.050657,4.2785e-005,0.015118,0.16675,0.3001,0.26034,0.14829,0.086895,0.029948,0.0053316,0.0023492
0.059959,0.17846,0.29223,0.26093,0.11205,0.063097,0.00066975,0.0326,0.17786,0.33998,0.23992,0.16021,0.059698,0.017878,0.00043526,0.0040172
0.06616,0.14833,0.30686,0.26308,0.12452,0.070319,0.0027955,0.017937,0.19735,0.32034,0.21221,0.16921,0.078688,0.017126,0.00082666,0.0042438
0.09329,0.13569,0.32552,0.24931,0.1067,0.067711,0.0003223,0.021461,0.22513,0.30587,0.24341,0.13828,0.057472,0.02815,0.00031647,0.0013662
0.068675,0.12857,0.31853,0.31497,0.073811,0.065821,0.01128,0.018337,0.25013,0.31996,0.21048,0.11561,0.070361,0.025101,0.0016476,0.006713
0.083446,0.15521,0.2533,0.32666,0.096015,0.064065,0.0029108,0.018388,0.23647,0.33415,0.24303,0.094534,0.056834,0.018195,0.0012719,0.015507
0.081841,0.18797,0.28647,0.26784,0.089793,0.066605,0.0043944,0.015085,0.21005,0.31333,0.26773,0.082056,0.082929,0.037262,1.6926e-006,0.0066427
0.090525,0.13773,0.29231,0.26572,0.11001,0.093408,0.0036096,0.0066865,0.22419,0.24399,0.28007,0.10641,0.10554,0.030091,6.9093e-005,0.0096451
0.11044,0.13159,0.29835,0.26512,0.094694,0.073684,0.012367,0.013753,0.2764,0.279,0.25353,0.078717,0.072641,0.024585,0.0030306,0.012094
0.10507,0.14462,0.3024,0.27329,0.10233,0.054113,0.00043161,0.017732,0.28223,0.31469,0.18464,0.1056,0.086938,0.016971,3.3127e-005,0.0089038
0.072455,0.13431,0.28196,0.31262,0.11193,0.053475,0.0032839,0.02997,0.23183,0.30706,0.24761,0.08291,0.10497,0.012446,0.0059794,0.0071977
0.072673,0.12789,0.34899,0.23427,0.11469,0.07458,0.0035136,0.023402,0.21284,0.30697,0.23322,0.094828,0.099229,0.041634,0.0068794,0.0043927
0.063977,0.14753,0.36799,0.2634,0.074858,0.048353,0.00053143,0.033358,0.21727,0.26918,0.24245,0.13022,0.070737,0.054504,0.0074012,0.0082468
0.10404,0.12556,0.27498,0.35183,0.068756,0.057621,0.0021651,0.015052,0.23622,0.30713,0.23605,0.076487,0.09711,0.036712,0.0016704,0.0086198
0.081345,0.19392,0.23298,0.29418,0.11525,0.067199,0.0023543,0.012777,0.2087,0.29363,0.231,0.10758,0.10256,0.033393,0.0030668,0.020061
0.086696,0.17878,0.25309,0.27713,0.10999,0.075407,0.001682,0.017218,0.24538,0.25942,0.29262,0.086493,0.091851,0.01769,0.0001881,0.0063633
0.053192,0.2093,0.29484,0.24275,0.11497,0.072324,0.0017569,0.010862,0.2645,0.26341,0.24155,0.10213,0.094763,0.010845,0.0058525,0.016949
0.058281,0.17117,0.29609,0.26575,0.10756,0.062523,0.0021578,0.036468,0.26749,0.24945,0.23472,0.11654,0.084033,0.030486,0.004968,0.012305
0.060782,0.1654,0.32816,0.24417,0.14004,0.04176,0.005138,0.014551,0.29538,0.22131,0.20847,0.14323,0.099259,0.015227,0.0074433,0.0096877
0.074373,0.16251,0.30245,0.2888,0.10558,0.047908,0.0017984,0.01657,0.21891,0.22367,0.25381,0.16178,0.10412,0.021792,0.002558,0.013361
0.07856,0.15465,0.33345,0.28121,0.081654,0.04947,0.0051163,0.015889,0.24219,0.25457,0.23379,0.15712,0.066603,0.040826,0.0030058,0.0018981
0.053835,0.18154,0.26365,0.31069,0.091587,0.063602,0.012975,0.022124,0.20145,0.30835,0.21596,0.14349,0.10268,0.027073,0.00030526,0.00068973
0.069177,0.23075,0.25287,0.27026,0.09053,0.067906,0.00153,0.01697,0.27923,0.29707,0.17346,0.13692,0.075113,0.035031,0.0024754,0.00070246
0.045202,0.21266,0.26809,0.26548,0.10148,0.088699,3.4305e-005,0.018356,0.17629,0.32201,0.2555,0.14654,0.066884,0.030526,0.00036742,0.0018917
0.057728,0.19506,0.30777,0.24653,0.092044,0.09257,0.00095573,0.0073442,0.24907,0.29808,0.22105,0.13376,0.06061,0.032566,1.2523e-007,0.0048629
0.07303,0.18848,0.27557,0.25981,0.11966,0.05512,0.00081505,0.027517,0.25834,0.29317,0.2587,0.094802,0.064806,0.025393,4.6337e-006,0.0047811
0.074781,0.18281,0.26896,0.28126,0.099687,0.062065,0.0076804,0.022757,0.2773,0.2916,0.22654,0.10521,0.077479,0.0049108,0.00056582,0.016399
0.066291,0.18564,0.28674,0.31342,0.081239,0.049531,0.0016166,0.015534,0.2379,0.29506,0.2293,0.099521,0.11106,0.015377,0.0084919,0.0033044
0.090483,0.16187,0.31469,0.26244,0.093451,0.060256,0.0069082,0.0098939,0.26752,0.29085,0.21741,0.11805,0.078525,0.017504,0.00182,0.0083273
0.085964,0.16631,0.30759,0.27053,0.11576,0.040726,0.00029602,0.012826,0.21769,0.27958,0.25123,0.1242,0.11259,0.013888,0.00023889,0.00058522
0.076167,0.15357,0.32216,0.26534,0.091571,0.07592,0.0050314,0.01024,0.26412,0.2956,0.22101,0.11413,0.072772,0.02777,0.0010255,0.0035686
0.10505,0.14098,0.25752,0.294,0.092678,0.093345,0.002628,0.0138,0.26867,0.27831,0.22328,0.12711,0.080388,0.01535,4.911e-007,0.0069008
0.066884,0.18222,0.29624,0.26228,0.11505,0.06759,0.00084343,0.0088931,0.2677,0.28379,0.21241,0.11925,0.094033,0.01595,0.0013967,0.0054759
0.05796,0.15519,0.32804,0.26519,0.12643,0.050113,0.0031136,0.013963,0.28672,0.29534,0.24057,0.06367,0.085947,0.022036,7.3225e-005,0.0056461
0.093918,0.15677,0.28248,0.27608,0.11275,0.059181,0.00024475,0.018582,0.31922,0.29073,0.18409,0.090795,0.085999,0.024334,0.0016064,0.003225
0.10648,0.13834,0.25359,0.3311,0.10902,0.03257,0.0013007,0.027594,0.2455,0.30456,0.2223,0.085811,0.1044,0.034223,0.00080905,0.0023898
0.088208,0.17343,0.31308,0.2684,0.077233,0.05084,0.0020059,0.026798,0.21792,0.31084,0.20885,0.13073,0.089593,0.029187,0.0023625,0.01052
0.054957,0.17536,0.29797,0.30406,0.077705,0.062995,0.006087,0.020864,0.22845,0.34709,0.25056,0.09436,0.04485,0.017634,0.0084166,0.0086402
0.04395,0.1923,0.25809,0.32936,0.095665,0.065251,0.0041991,0.011185,0.20529,0.27609,0.29695,0.12796,0.039459,0.030446,0.0099199,0.013891
0.064736,0.17789,0.28026,0.26113,0.1117,0.074287,0.0057038,0.024288,0.22505,0.28854,0.27931,0.11989,0.048035,0.022604,0.0041305,0.012451
0.074816,0.21216,0.25411,0.27094,0.10347,0.076647,0.00012735,0.0077193,0.23838,0.26305,0.25405,0.15474,0.071223,0.015732,0.00063849,0.0021937
0.063289,0.22676,0.29057,0.25679,0.091185,0.063284,0.0005776,0.0075543,0.20728,0.25801,0.2745,0.13828,0.097918,0.023061,0.00038638,0.00056677
0.085136,0.18178,0.30271,0.268,0.082804,0.061136,0.0019222,0.016511,0.26065,0.2498,0.25074,0.090169,0.10372,0.03879,0.00079353,0.0053353
0.15092,0.15226,0.26645,0.25368,0.094901,0.038913,0.0092088,0.033673,0.25295,0.2809,0.23816,0.093309,0.09785,0.031055,0.00027738,0.0054931
0.10573,0.17826,0.27128,0.24905,0.10662,0.059606,0.014552,0.014905,0.21198,0.28583,0.29098,0.087017,0.075376,0.045902,0.00017541,0.0027327
0.071009,0.19204,0.24577,0.30256,0.095447,0.058909,0.0059767,0.028291,0.21662,0.34488,0.20528,0.11263,0.076085,0.03662,0.00087431,0.007014
0.11795,0.16904,0.32184,0.24718,0.078973,0.040459,0.0073634,0.017194,0.25383,0.29022,0.23291,0.095852,0.081218,0.03315,0.00071746,0.012101
0.10522,0.13926,0.28256,0.25077,0.10838,0.071314,0.012796,0.0297,0.24711,0.29852,0.18621,0.08124,0.11779,0.059676,0.00041944,0.009029
0.072635,0.12696,0.30443,0.29629,0.10922,0.065521,0.013655,0.011292,0.27353,0.36029,0.14715,0.10245,0.065518,0.026285,0.0012357,0.023545
0.086989,0.13027,0.32995,0.27279,0.084076,0.074425,0.0039791,0.017523,0.24631,0.27058,0.21819,0.11061,0.11044,0.019093,0.0068951,0.017891
0.067723,0.17125,0.31496,0.28122,0.10248,0.054394,0.00039565,0.0075747,0.31782,0.2874,0.18389,0.083211,0.10477,0.013089,4.1987e-005,0.0097794
0.094556,0.16811,0.29619,0.27885,0.085018,0.062223,4.9047e-005,0.015005,0.29242,0.25759,0.23815,0.090472,0.08009,0.033755,0.0035658,0.0039625
0.083278,0.18229,0.28288,0.25181,0.10203,0.083536,2.5487e-005,0.014157,0.31655,0.22699,0.26792,0.091612,0.067596,0.027009,0.00023744,0.0020889
0.12746,0.20248,0.28575,0.22459,0.087795,0.056798,1.1155e-005,0.01511,0.27765,0.29067,0.25497,0.070362,0.080079,0.019819,0.0037006,0.0027391
0.088688,0.1365,0.25728,0.29799,0.10342,0.10456,0.00012323,0.011437,0.34958,0.21604,0.23515,0.081314,0.087675,0.025903,0.0014951,0.0028441
0.092219,0.13849,0.26186,0.29888,0.095153,0.093324,0.00092787,0.019145,0.27964,0.21709,0.29882,0.10745,0.078665,0.013783,0.00028401,0.0042615
0.080142,0.10903,0.31996,0.29832,0.11623,0.055216,0.00036721,0.020742,0.26889,0.29795,0.22042,0.104,0.094099,0.0098879,7.4217e-006,0.0047456
0.091127,0.15568,0.24282,0.29285,0.1174,0.091471,9.1804e-007,0.0086528,0.25653,0.3139,0.24182,0.086565,0.07342,0.012376,0.00019643,0.015188
0.096156,0.17204,0.24887,0.27949,0.10577,0.083846,0.00023145,0.013602,0.25923,0.25329,0.24276,0.1287,0.096388,0.0081252,0.00044219,0.011062
0.090211,0.13112,0.2523,0.30638,0.14733,0.061662,0.0039771,0.0070297,0.23861,0.28655,0.26113,0.11207,0.067932,0.0081573,0.0023162,0.023225
0.075002,0.16125,0.3007,0.28874,0.1109,0.049681,0.002084,0.011642,0.18465,0.25127,0.30238,0.11254,0.10533,0.021286,0.0057737,0.01676
0.057733,0.16495,0.2935,0.28275,0.10569,0.072117,0.0040366,0.019223,0.20642,0.31496,0.25103,0.089836,0.081862,0.042381,0.0044049,0.0091055
0.056876,0.17425,0.30581,0.29442,0.11143,0.045541,0.002758,0.0089257,0.26008,0.24356,0.29162,0.11291,0.058682,0.029665,0.00021824,0.0032684
0.069053,0.14984,0.28599,0.32899,0.11681,0.032375,0.0047133,0.012223,0.17137,0.32544,0.30633,0.083202,0.079697,0.031299,0.0016885,0.00097193
0.090233,0.18463,0.31111,0.27858,0.086324,0.028185,0.0026982,0.018236,0.24001,0.25557,0.23753,0.14303,0.068076,0.049938,0.0016306,0.004208
0.077569,0.15339,0.31536,0.24747,0.10795,0.068673,0.010913,0.018683,0.26696,0.26262,0.23522,0.12021,0.0667,0.035416,0.0032498,0.0096157
0.095216,0.15575,0.28402,0.28301,0.10648,0.049451,0.0039868,0.022096,0.27699,0.32253,0.15249,0.12627,0.062579,0.042651,0.00071874,0.015773
0.098242,0.12854,0.25019,0.27822,0.12966,0.10076,0.00080869,0.013582,0.22142,0.29238,0.18561,0.13935,0.10907,0.045804,1.5499e-005,0.0063523
0.080564,0.17574,0.26475,0.26861,0.10857,0.078415,0.0025031,0.020847,0.24243,0.3353,0.17126,0.11179,0.098727,0.026823,0.0028478,0.010822
0.12643,0.17469,0.25815,0.26266,0.11659,0.046798,0.0011633,0.013514,0.21108,0.33555,0.18409,0.15621,0.072133,0.018151,0.001151,0.021637
0.078132,0.16858,0.26395,0.30843,0.10252,0.068466,0.00032336,0.0096045,0.20497,0.3854,0.17448,0.14006,0.064033,0.018856,0.007028,0.0051738
0.080136,0.13854,0.25708,0.31667,0.11445,0.074862,0.00097139,0.017291,0.20082,0.34613,0.20612,0.14745,0.083818,0.0033073,1.0533e-005,0.012337
0.089625,0.15287,0.28172,0.31302,0.10197,0.051026,0.0014673,0.0083035,0.21411,0.29697,0.24809,0.15882,0.062996,0.0080692,0.0029799,0.007969
0.10382,0.11712,0.30496,0.29918,0.087033,0.071467,0.0012454,0.015175,0.22272,0.29653,0.23717,0.11527,0.070144,0.055757,8.7143e-005,0.0023324
0.10122,0.13275,0.27581,0.26888,0.098558,0.11035,0.00015341,0.012274,0.22214,0.34426,0.22579,0.10073,0.071184,0.030474,0.0036291,0.0018043
0.085112,0.11795,0.33494,0.28578,0.10528,0.05621,0.0010281,0.013691,0.27594,0.32532,0.1947,0.10446,0.053337,0.029579,0.00047889,0.016181
0.073926,0.15005,0.35779,0.25759,0.085412,0.058082,6.1212e-005,0.017088,0.20721,0.32846,0.25139,0.10887,0.077517,0.010657,0.0021605,0.013737
0.075537,0.14238,0.32669,0.27962,0.090509,0.062254,0.0031872,0.019825,0.21208,0.36883,0.1784,0.13636,0.073988,0.016033,0.0023057,0.011993
0.072315,0.14202,0.28921,0.27969,0.13745,0.061322,0.00084634,0.017143,0.18043,0.33275,0.24782,0.12016,0.10048,0.013212,0.0023997,0.002736
0.069398,0.15611,0.28587,0.23995,0.14808,0.07502,0.0089804,0.016589,0.20776,0.29407,0.19908,0.1363,0.10801,0.028309,0.00035182,0.026116
0.077914,0.17619,0.34967,0.22186,0.093742,0.058059,0.0041169,0.018446,0.22885,0.31075,0.18294,0.11565,0.098207,0.025379,0.012116,0.026097
0.079938,0.15081,0.28382,0.25679,0.13053,0.082372,0.0013708,0.014379,0.21131,0.33097,0.18744,0.10511,0.09467,0.042116,0.0011893,0.02719
0.0868,0.18593,0.23394,0.30216,0.090879,0.07943,0.00097255,0.019895,0.26209,0.32477,0.16417,0.12397,0.058667,0.04195,0.005805,0.01858
0.096882,0.16594,0.28212,0.27343,0.085576,0.080972,0.0002082,0.014877,0.2278,0.36575,0.15815,0.16657,0.047745,0.017808,0.003263,0.012906
0.094815,0.12175,0.24772,0.32275,0.079957,0.10791,9.0884e-005,0.025008,0.26374,0.38014,0.16398,0.099277,0.049973,0.033938,5.6842e-005,0.0088973
0.081716,0.16665,0.27356,0.29363,0.092642,0.07313,0.0023518,0.016328,0.2591,0.31705,0.16483,0.14488,0.047759,0.058655,0.0036183,0.0041124
0.06694,0.17447,0.33869,0.26081,0.088105,0.060827,0.0012872,0.0088635,0.27976,0.29844,0.19283,0.12281,0.06535,0.025441,0.0019342,0.013442
0.051919,0.13816,0.34891,0.27886,0.10741,0.047408,1.6753e-005,0.027322,0.24332,0.35289,0.1793,0.12652,0.069053,0.020223,0.0054841,0.0032017
0.058923,0.16209,0.32525,0.24408,0.10704,0.088258,0.0019338,0.012426,0.2064,0.37004,0.1811,0.12078,0.088401,0.015398,0.010689,0.0071986
0.05851,0.14771,0.3545,0.24634,0.12156,0.056051,0.00053367,0.014801,0.24146,0.31748,0.19715,0.12894,0.092566,0.015865,0.006396,0.00014969
0.065305,0.1361,0.34329,0.24468,0.098196,0.083382,0.0077005,0.021346,0.19257,0.28423,0.18819,0.20122,0.10079,0.026692,0.0028701,0.0034307
0.061959,0.17206,0.30557,0.27834,0.088006,0.070648,0.00027977,0.023132,0.19779,0.33613,0.21991,0.1389,0.083075,0.019389,0.0010081,0.0037939
0.046695,0.13785,0.31809,0.30353,0.099734,0.068858,0.00047276,0.02476,0.25312,0.28981,0.21533,0.12273,0.079681,0.031391,0.00049249,0.0074348
0.075653,0.15312,0.28829,0.31816,0.088441,0.058516,0.00067676,0.017143,0.17057,0.31397,0.19769,0.18097,0.10427,0.023696,0.0019531,0.0068819
0.057226,0.16196,0.30453,0.29062,0.11313,0.052843,0.00078668,0.018907,0.19131,0.30281,0.26425,0.12871,0.08921,0.012211,1.195e-005,0.011487
0.077509,0.15291,0.26519,0.28932,0.12782,0.050065,0.008633,0.028564,0.18448,0.32778,0.25358,0.12042,0.078878,0.027574,0.0007374,0.0065501
0.082484,0.15292,0.24386,0.32441,0.089889,0.085718,0.00080348,0.019927,0.16466,0.34427,0.23649,0.15426,0.058767,0.023971,0.0016808,0.015894
0.090671,0.15747,0.25424,0.29904,0.1239,0.050628,0.00094739,0.023099,0.20503,0.3128,0.24934,0.16944,0.033817,0.013124,0.00069734,0.015742
0.071908,0.16585,0.22468,0.33004,0.10234,0.065983,0.00047713,0.038717,0.24152,0.30317,0.20946,0.18041,0.058079,0.0035967,0.0012039,0.0025536
0.08149,0.13952,0.22674,0.32735,0.10168,0.09764,4.6062e-006,0.025581,0.19896,0.28018,0.27969,0.15186,0.055818,0.032628,3.0012e-007,0.00086664
0.080805,0.17359,0.26393,0.31583,0.097747,0.047433,0.0052393,0.015423,0.22307,0.23836,0.26604,0.2015,0.049409,0.010331,2.0518e-015,0.011291
0.072812,0.19818,0.23253,0.3004,0.099871,0.0789,0.0042628,0.013049,0.19102,0.34378,0.22179,0.15653,0.059084,0.018582,0.00056616,0.0086496
0.069893,0.17248,0.27263,0.32491,0.080458,0.064347,0.0014774,0.013806,0.24321,0.27353,0.26697,0.13302,0.043239,0.039744,8.3939e-005,0.00020515
0.052353,0.23024,0.29017,0.26212,0.10642,0.033819,0.0029274,0.021957,0.26685,0.24501,0.26305,0.14561,0.054538,0.019653,0.0020908,0.0032012
0.094949,0.16646,0.30201,0.26396,0.075348,0.057627,0.017234,0.02241,0.22073,0.30069,0.26096,0.14119,0.063358,0.01071,0.0018307,0.0005273
0.072959,0.18749,0.2937,0.27077,0.08923,0.059713,0.0033889,0.022744,0.1834,0.34877,0.23488,0.1286,0.062954,0.033769,0.00012296,0.0075087
0.075006,0.18991,0.27713,0.2718,0.11651,0.051692,0.0033094,0.014646,0.23061,0.30333,0.20705,0.14899,0.05796,0.024759,0.00096371,0.026338
0.079333,0.16206,0.32305,0.21042,0.16571,0.045154,0.0032699,0.011005,0.25604,0.26867,0.21405,0.16508,0.048085,0.032342,6.7806e-005,0.015662
0.095617,0.17754,0.29902,0.24314,0.11522,0.048453,0.0020027,0.019007,0.22176,0.26887,0.26598,0.13372,0.073944,0.034166,0.00064759,0.00091135
0.088785,0.18341,0.33029,0.24111,0.10761,0.026239,0.0023701,0.020189,0.21483,0.26266,0.25544,0.15194,0.070768,0.041206,2.7175e-005,0.003134
0.068479,0.14016,0.32221,0.29439,0.11163,0.046882,0.0014866,0.014768,0.22999,0.26217,0.24938,0.14663,0.092792,0.017822,1.1485e-005,0.0012076
0.067887,0.13755,0.3051,0.30058,0.1167,0.051852,0.001436,0.018889,0.29253,0.2686,0.21602,0.09806,0.085399,0.023924,0.0017793,0.01369
0.061523,0.14779,0.31584,0.30355,0.093588,0.057431,0.004948,0.015318,0.2573,0.25784,0.22083,0.16683,0.059394,0.033843,0.00020124,0.0037685
0.065729,0.16872,0.29212,0.33617,0.083563,0.042682,0.0047231,0.0062854,0.28062,0.28857,0.20675,0.15632,0.0311,0.030662,0.0058074,0.00016923
0.06768,0.18297,0.28647,0.29904,0.071298,0.075347,0.0065266,0.010678,0.33321,0.27515,0.19889,0.11951,0.060936,0.011688,0.00038511,0.00022392
0.070145,0.13078,0.30489,0.30156,0.10151,0.085035,0.00026336,0.0058177,0.27047,0.32807,0.16864,0.13041,0.0899,0.01136,6.247e-006,0.0011418
0.088165,0.13449,0.31185,0.31107,0.089779,0.053312,0.0040984,0.0072368,0.23218,0.28879,0.24171,0.12805,0.081386,0.021276,0.001012,0.0055889
0.084406,0.15472,0.31289,0.28145,0.1105,0.032361,0.0030989,0.020574,0.21818,0.28459,0.22646,0.18109,0.062951,0.020781,0.00097184,0.0049746
0.062634,0.18344,0.29852,0.2954,0.092294,0.051438,0.0084157,0.007858,0.22797,0.3378,0.17088,0.14534,0.081812,0.034778,0.00017896,0.0012308
0.08292,0.16191,0.3175,0.3148,0.081171,0.027963,7.0692e-005,0.013666,0.18667,0.33471,0.25955,0.14325,0.036611,0.034364,0.00023852,0.0046059
0.09031,0.13949,0.31909,0.29476,0.092244,0.041014,0.00099258,0.022095,0.22408,0.32299,0.20046,0.1305,0.10105,0.011726,0.00012483,0.0090688
0.096681,0.15055,0.26058,0.29801,0.11387,0.06468,0.00023812,0.015387,0.24371,0.31515,0.2003,0.12053,0.093879,0.016686,0.00040883,0.0093398
0.066585,0.17441,0.28047,0.33291,0.093104,0.036094,0.0012598,0.015172,0.23884,0.29134,0.24332,0.12927,0.07562,0.0099405,0.0077641,0.0039146
0.059987,0.19212,0.31118,0.27346,0.10916,0.031602,0.00050702,0.021984,0.23477,0.30164,0.23746,0.13532,0.07065,0.013437,0.0010532,0.0056655
0.057694,0.1903,0.30589,0.25474,0.12212,0.024618,0.0038168,0.040827,0.21316,0.31294,0.26937,0.10878,0.071634,0.01661,0.0030555,0.0044569
0.065814,0.17202,0.34981,0.22566,0.12685,0.033069,0.00051081,0.026275,0.1811,0.34329,0.28183,0.10901,0.062228,0.018313,2.4534e-013,0.0042257
0.084771,0.18895,0.30565,0.26175,0.11411,0.022212,0.002039,0.020522,0.21857,0.30186,0.24866,0.14126,0.076491,0.0080421,0.00037238,0.0047448
0.062724,0.18072,0.33853,0.25466,0.096991,0.056402,0.002058,0.007923,0.2369,0.30917,0.23415,0.13402,0.068073,0.016356,3.8251e-006,0.0013215
0.078942,0.16103,0.30173,0.33179,0.064868,0.046772,0.0032923,0.011587,0.21191,0.3609,0.20582,0.12671,0.057176,0.033373,6.0463e-006,0.0041172
0.085771,0.18078,0.34881,0.2539,0.079685,0.034472,0.00020595,0.016382,0.16973,0.40233,0.21419,0.080343,0.086826,0.037278,0.00057895,0.0087195
0.050757,0.19218,0.2867,0.24936,0.14587,0.045305,0.0012073,0.028627,0.22409,0.34381,0.2153,0.10186,0.085876,0.012903,0.0032697,0.01289
0.070176,0.18704,0.27902,0.30467,0.076744,0.060092,0.0024705,0.019794,0.18742,0.27171,0.27204,0.13814,0.097068,0.023771,0.00073571,0.0091163
0.063748,0.19443,0.28968,0.29953,0.09848,0.042727,0.0041455,0.0072576,0.22748,0.32625,0.24039,0.095343,0.060494,0.031819,0.0028116,0.015413
0.064545,0.14153,0.29909,0.33924,0.09188,0.042956,0.0050805,0.015682,0.22841,0.31407,0.22731,0.095029,0.078903,0.047171,0.0035866,0.0055179
0.1246,0.12461,0.29383,0.30254,0.084396,0.057457,0.0071821,0.0053827,0.22863,0.32159,0.23177,0.11337,0.083711,0.019434,3.4478e-005,0.0014526
0.08866,0.16731,0.30513,0.24098,0.1143,0.054682,0.0063953,0.022537,0.24488,0.32392,0.2241,0.11553,0.064178,0.015179,0.0011447,0.011077
0.079698,0.15302,0.31725,0.28647,0.10132,0.048876,0.0029215,0.01045,0.19142,0.34391,0.23242,0.10478,0.086701,0.031846,1.7553e-005,0.0089062
0.058205,0.16301,0.32015,0.30223,0.089468,0.051953,0.0034241,0.011551,0.245,0.25892,0.22383,0.13908,0.086011,0.038311,0.00025279,0.0085865
0.066527,0.13293,0.34572,0.29577,0.092095,0.047273,0.0017638,0.017916,0.28731,0.24921,0.20327,0.12266,0.083744,0.043053,0.00089029,0.0098652
0.067172,0.15275,0.25853,0.31768,0.13752,0.052145,0.00062152,0.013585,0.25849,0.32235,0.21913,0.099437,0.074777,0.016572,0.00090206,0.0083479
0.070609,0.19322,0.28102,0.29701,0.10292,0.037239,0.0001644,0.017824,0.25678,0.29811,0.23451,0.10601,0.076096,0.025753,1.072e-005,0.0027355
0.059365,0.17849,0.29381,0.26945,0.11272,0.065848,8.3896e-005,0.020232,0.22128,0.30428,0.24184,0.11436,0.082715,0.025549,0.0027419,0.0072322
0.057344,0.15762,0.28234,0.30332,0.11089,0.058786,0.0031536,0.026544,0.24247,0.30494,0.25362,0.07272,0.096345,0.025262,1.8199e-006,0.0046414
0.052202,0.15582,0.2984,0.30311,0.11968,0.046807,0.0011139,0.02288,0.22744,0.28628,0.25042,0.097764,0.1059,0.020748,0.0033923,0.0080634
0.039047,0.10557,0.38652,0.26767,0.094494,0.077358,0.0037193,0.025613,0.24891,0.29021,0.2217,0.10801,0.1077,0.0096912,0.0091067,0.0046624
0.083937,0.16088,0.33804,0.24205,0.10249,0.051971,0.0085433,0.012094,0.27536,0.28336,0.19643,0.13049,0.083678,0.021099,0.0041892,0.0053976
0.075292,0.13208,0.36308,0.25252,0.10371,0.062903,0.0015546,0.0088675,0.3144,0.25713,0.22994,0.11059,0.053471,0.030636,0.00016865,0.0036521
0.077607,0.12877,0.29983,0.30086,0.11286,0.067572,0.00096218,0.01154,0.2443,0.29951,0.28933,0.075375,0.052056,0.032395,5.9502e-005,0.0069733
0.084226,0.13528,0.29766,0.27489,0.11353,0.061991,0.0024378,0.029987,0.21697,0.29993,0.28934,0.077136,0.06814,0.036232,1.231e-005,0.012239
0.07986,0.17681,0.30567,0.25258,0.10227,0.05523,0.00047478,0.027102,0.20842,0.26999,0.28297,0.08448,0.09975,0.04024,0.0025104,0.011643
0.088785,0.17911,0.29636,0.24088,0.10763,0.063738,0.0003313,0.023166,0.23663,0.33432,0.20631,0.14011,0.060565,0.018243,4.2322e-005,0.0037892
0.085684,0.1339,0.31813,0.26184,0.1206,0.065039,0.0010662,0.013743,0.23377,0.3168,0.22018,0.13864,0.047492,0.037924,0.00037976,0.0048131
0.071446,0.15941,0.30995,0.26212,0.14158,0.043132,0.00024281,0.012125,0.29951,0.2485,0.20879,0.13224,0.04385,0.058855,0.0074598,0.00078995
0.06576,0.14711,0.3135,0.29693,0.10195,0.058562,0.0041321,0.012055,0.24649,0.25737,0.2683,0.14574,0.058165,0.013195,0.004153,0.0065747
0.057807,0.15483,0.31161,0.24504,0.16316,0.052166,0.0036999,0.011679,0.25328,0.24305,0.28072,0.11915,0.070933,0.028334,0.0016868,0.0028541
0.063258,0.20052,0.28593,0.28939,0.093754,0.04421,0.0024871,0.020447,0.27808,0.2384,0.24701,0.14414,0.053837,0.030115,0.0065621,0.0018519
0.062159,0.15749,0.33761,0.23992,0.11567,0.07042,0.0035114,0.013218,0.25492,0.23516,0.27855,0.11148,0.065078,0.052802,0.00093003,0.0010733
0.068987,0.17888,0.29827,0.24701,0.12672,0.051879,0.010912,0.017343,0.24492,0.31201,0.24653,0.090455,0.0661,0.037132,0.00013916,0.0027136
0.069892,0.20497,0.27812,0.24655,0.12642,0.060052,0.0037145,0.010283,0.22895,0.29898,0.28223,0.075209,0.093615,0.01159,8.2884e-005,0.0093516
0.079547,0.18757,0.30453,0.25854,0.084368,0.067992,0.0054526,0.012007,0.18034,0.2424,0.24313,0.16699,0.15183,0.014163,0.0011107,3.4889e-005
0.074804,0.17921,0.24371,0.32792,0.083445,0.063039,5.4058e-006,0.027866,0.23462,0.28058,0.25365,0.13072,0.073028,0.0043796,0.00012198,0.022907
0.054549,0.15892,0.28975,0.32234,0.077372,0.065976,0.00063606,0.03046,0.2708,0.2451,0.29091,0.091994,0.064691,0.025002,0.0029905,0.0085152
0.057038,0.17609,0.27898,0.28453,0.11841,0.064379,0.0021161,0.018452,0.28183,0.25956,0.21482,0.10967,0.10874,0.014962,0.00054955,0.0098682
0.076292,0.16552,0.31442,0.28209,0.10423,0.034799,0.0002766,0.022379,0.27518,0.25307,0.22475,0.10631,0.12455,0.0096135,2.4399e-005,0.0065009
0.082224,0.1485,0.28845,0.28329,0.11775,0.054729,0.00052848,0.024532,0.2435,0.28297,0.22525,0.10232,0.11302,0.024222,0.0013592,0.0073496
0.063118,0.15877,0.28116,0.33046,0.077479,0.070722,0.00023923,0.018044,0.25705,0.32824,0.22084,0.061363,0.097035,0.033693,0.00013587,0.0016506
0.054061,0.21515,0.29325,0.2812,0.11044,0.038013,0.0032212,0.0046598,0.29205,0.27712,0.19465,0.1009,0.10807,0.025763,0.00041402,0.0010369
0.058292,0.14819,0.29979,0.3079,0.13168,0.038182,0.0019971,0.013978,0.26379,0.26172,0.18945,0.11241,0.12014,0.046354,0.00060364,0.0055406
0.06683,0.13993,0.2985,0.26035,0.1504,0.05342,0.0013359,0.029242,0.23843,0.28528,0.20748,0.13925,0.082469,0.041993,0.0024454,0.002654
0.088149,0.12904,0.27151,0.28264,0.14121,0.051472,0.0074945,0.028469,0.24919,0.27201,0.20155,0.14718,0.067473,0.050081,0.0085069,0.0040134
0.09567,0.15305,0.30311,0.29275,0.086496,0.053605,0.0018581,0.013463,0.29054,0.25256,0.19359,0.14113,0.073412,0.040578,0.0020973,0.0060867
0.088701,0.14586,0.26897,0.32816,0.11473,0.029615,0.0041064,0.019859,0.1758,0.32313,0.20163,0.15584,0.10196,0.038606,8.0759e-006,0.0030284
0.11588,0.15332,0.27853,0.27919,0.10521,0.058689,0.00022562,0.0089593,0.2225,0.27468,0.24897,0.14755,0.071678,0.032377,0.0012536,0.00099387
0.089725,0.14786,0.31082,0.29889,0.1059,0.032841,5.3881e-006,0.013958,0.26186,0.29095,0.19952,0.15256,0.06885,0.0090937,0.00015552,0.016999
0.093525,0.15642,0.30193,0.28841,0.1101,0.031667,1.355e-006,0.017938,0.27167,0.27686,0.18793,0.15703,0.085361,0.011193,0.0018742,0.008079
0.089909,0.16967,0.28486,0.30522,0.10263,0.02851,0.00014428,0.019058,0.28961,0.28962,0.19529,0.11497,0.084504,0.015879,0.0032542,0.0068752
0.08019,0.15282,0.29059,0.33998,0.078782,0.036735,0.00012473,0.020786,0.22287,0.25745,0.25922,0.13181,0.075822,0.033957,0.0040744,0.014799
0.067396,0.15651,0.24481,0.37967,0.10359,0.040564,0.00018721,0.0072772,0.28129,0.25844,0.25469,0.12755,0.043453,0.022016,0.0099479,0.0026164
0.051004,0.17655,0.29923,0.32284,0.081542,0.052178,0.0010782,0.015574,0.29239,0.20258,0.27251,0.12744,0.079003,0.013521,0.0065839,0.0059757
0.056516,0.11962,0.30366,0.3161,0.13498,0.052373,0.00040179,0.016352,0.23851,0.24226,0.28964,0.12855,0.045384,0.02877,0.00015655,0.026733
0.058069,0.12651,0.30308,0.30146,0.14252,0.054029,0.00028123,0.014066,0.25654,0.27164,0.20752,0.15085,0.085138,0.01824,0.00084339,0.00923
0.087937,0.11923,0.32869,0.28398,0.10309,0.055828,0.0053911,0.01585,0.2457,0.27813,0.2294,0.16325,0.052625,0.026625,0.0029019,0.001366
0.071662,0.1476,0.31827,0.25763,0.12595,0.061639,0.00013798,0.01711,0.24811,0.24432,0.20633,0.17601,0.073566,0.036296,0.0076168,0.0077545
0.065924,0.15879,0.3326,0.26234,0.095084,0.072662,0.0033982,0.0091981,0.32206,0.22455,0.15055,0.17839,0.07485,0.03765,0.00027599,0.011677
0.085472,0.13466,0.29913,0.29634,0.11584,0.062609,0.00030467,0.005643,0.25571,0.24687,0.20032,0.14179,0.12916,0.014615,0.0050812,0.0064528
0.088838,0.1586,0.30065,0.28949,0.10552,0.048746,0.0001452,0.0080068,0.30449,0.29002,0.16852,0.10261,0.092532,0.012906,0.019643,0.0092866
0.061555,0.12214,0.3517,0.24913,0.13173,0.068407,0.0017334,0.01361,0.32766,0.28584,0.17611,0.11873,0.059876,0.021582,0.0054248,0.0047786
0.093677,0.13151,0.28893,0.2689,0.13919,0.060536,0.0028802,0.014376,0.24942,0.26202,0.20171,0.15183,0.087913,0.033567,0.0016138,0.011932
0.072612,0.10389,0.31319,0.27806,0.1599,0.056388,0.0033408,0.012617,0.27566,0.24354,0.18609,0.17229,0.073452,0.043988,0.00028581,0.0046936
0.051112,0.14566,0.31442,0.277,0.14026,0.0562,0.00058335,0.01476,0.30172,0.29758,0.1961,0.090593,0.085257,0.019816,0.0059516,0.0029864
0.05451,0.10529,0.31246,0.29351,0.13435,0.075854,0.0014282,0.022595,0.22425,0.32161,0.16795,0.19197,0.067125,0.020227,0.0013799,0.005492
0.070818,0.15684,0.31288,0.29063,0.10223,0.052094,0.0012829,0.013224,0.23902,0.30824,0.19544,0.12308,0.10221,0.021429,0.00047338,0.010106
0.06891,0.15715,0.27447,0.30544,0.098738,0.067047,0.011132,0.017103,0.18388,0.31696,0.23342,0.15588,0.070989,0.030148,7.6494e-005,0.0086437
0.052081,0.16247,0.31074,0.2918,0.09351,0.063776,0.0014822,0.024139,0.24159,0.30629,0.21665,0.144,0.057971,0.029959,0.00013501,0.0034015
0.057836,0.19389,0.28574,0.29407,0.080826,0.055861,0.0059444,0.025831,0.24626,0.26947,0.24234,0.10398,0.09552,0.025068,0.0011039,0.016265
0.053246,0.19923,0.27016,0.28977,0.10002,0.069091,0.0034683,0.015019,0.27159,0.23176,0.24434,0.10623,0.10898,0.021341,0.0065022,0.009256
0.061647,0.17448,0.2807,0.32215,0.095679,0.05733,0.00015148,0.0078575,0.24265,0.28138,0.27731,0.11687,0.050349,0.02051,2.2025e-005,0.010918
0.051738,0.17397,0.29077,0.28456,0.11214,0.0644,0.00089936,0.021532,0.2255,0.29438,0.22107,0.14962,0.078089,0.019332,0.0028656,0.0091481
0.067576,0.19615,0.30116,0.25128,0.1004,0.067672,5.4412e-006,0.015764,0.23281,0.24686,0.26896,0.16326,0.07401,0.012837,0.00018516,0.0010845
0.052177,0.20126,0.28672,0.28869,0.089193,0.054644,0.00076826,0.02655,0.25446,0.26703,0.23865,0.1373,0.053487,0.042466,0.00038351,0.0062192
0.036972,0.15681,0.32178,0.29554,0.08889,0.083727,0.0027571,0.013527,0.1843,0.29515,0.31971,0.1166,0.047367,0.031719,0.0011264,0.0040266
0.066564,0.16694,0.30129,0.28386,0.10248,0.060677,0.0014416,0.016738,0.20189,0.31537,0.26422,0.11357,0.058406,0.034009,0.0042013,0.0083347
0.058491,0.17998,0.33124,0.23179,0.10256,0.069829,0.0066854,0.019419,0.18487,0.29669,0.28565,0.12111,0.076905,0.024285,0.0023958,0.0080846
0.054647,0.17357,0.26732,0.29105,0.1177,0.063251,0.0046903,0.027775,0.20419,0.30929,0.28121,0.075941,0.10823,0.017774,0.00018447,0.0031799
0.055029,0.21664,0.27677,0.27295,0.091565,0.070856,0.00065914,0.015529,0.19335,0.30715,0.28728,0.063405,0.10473,0.036369,0.0011145,0.0065981
0.081722,0.17639,0.28659,0.27604,0.087343,0.064911,0.0017862,0.025211,0.20321,0.34303,0.2927,0.074017,0.038779,0.046042,0.00018423,0.0020282
0.052294,0.13432,0.27422,0.32059,0.11538,0.079188,0.002608,0.021398,0.28648,0.32868,0.23318,0.076231,0.053314,0.02103,1.0947e-005,0.0010692
0.069778,0.1626,0.26588,0.31246,0.13516,0.036537,0.0045825,0.013,0.29266,0.27691,0.25148,0.10947,0.052741,0.014962,2.5018e-006,0.0017746
0.085141,0.15374,0.28782,0.27993,0.11397,0.066137,0.00013836,0.013129,0.29784,0.28111,0.21564,0.10549,0.060092,0.030785,0.0069768,0.002063
0.072846,0.20726,0.27464,0.28811,0.055567,0.090471,0.0016236,0.0094759,0.25811,0.29275,0.22679,0.11312,0.076652,0.02721,0.0001787,0.0051945
0.093094,0.16345,0.27673,0.31409,0.074255,0.056286,0.0039549,0.018133,0.27971,0.32869,0.18728,0.1098,0.075899,0.013515,2.4744e-005,0.0050833
0.069519,0.18535,0.28193,0.27773,0.096469,0.075304,0.004991,0.0087108,0.29168,0.31266,0.17774,0.1283,0.04137,0.047367,0.00017799,0.00070634
0.057871,0.1748,0.3231,0.25176,0.11305,0.057124,0.0023089,0.019982,0.32965,0.26763,0.19099,0.11671,0.064222,0.029232,6.8764e-005,0.0015017
0.089261,0.14254,0.30797,0.27565,0.10467,0.068399,0.00024661,0.011268,0.31387,0.25781,0.23621,0.12665,0.029261,0.024859,0.00016109,0.011181
0.062728,0.17217,0.29207,0.29361,0.12198,0.043518,0.00023883,0.013696,0.32444,0.35396,0.16467,0.08385,0.046136,0.012007,0.00099807,0.013944
0.07997,0.11475,0.3158,0.29802,0.13279,0.041752,0.00011673,0.016798,0.22652,0.36685,0.21895,0.10511,0.052599,0.017116,8.2934e-005,0.012772
0.060918,0.18962,0.24874,0.31404,0.10504,0.066422,0.00031708,0.014908,0.19501,0.35771,0.26359,0.10275,0.070799,0.0065369,0.0033187,0.00028451
0.087131,0.19421,0.28534,0.25135,0.11211,0.048925,0.00037905,0.02056,0.22813,0.33923,0.23093,0.10936,0.046617,0.037316,0.001737,0.0066857
0.065855,0.19719,0.27047,0.28423,0.10773,0.062023,0.00013413,0.012364,0.21032,0.33042,0.22999,0.13998,0.066807,0.020644,0.00050497,0.0013283
0.065892,0.17609,0.28765,0.27147,0.12981,0.058661,0.00053651,0.0098854,0.20961,0.31138,0.24741,0.14264,0.065772,0.020768,0.00032405,0.002099
0.076075,0.17867,0.29036,0.29645,0.081774,0.054487,0.00025983,0.021919,0.1963,0.34945,0.25604,0.11188,0.049463,0.033371,3.0083e-005,0.0034595
0.055243,0.17838,0.29933,0.28399,0.10439,0.064289,0.00040269,0.013983,0.2128,0.33064,0.24198,0.11988,0.060594,0.026743,0.00398,0.0033862
0.10274,0.1313,0.31305,0.31787,0.061385,0.064308,0.0010363,0.0083112,0.23292,0.28947,0.27999,0.1049,0.066707,0.018353,0.0011692,0.0064944
0.086091,0.17519,0.29716,0.32098,0.061584,0.047563,4.6233e-005,0.011387,0.26253,0.32938,0.21335,0.1016,0.071544,0.020284,0.00044342,0.00087667
0.072522,0.15542,0.29989,0.33471,0.086911,0.038701,0.00028534,0.01157,0.17977,0.30748,0.28002,0.12818,0.073431,0.023294,0.0013376,0.0064884
0.083849,0.17129,0.28523,0.31601,0.072648,0.046186,0.002875,0.021914,0.17849,0.28694,0.28198,0.098145,0.08615,0.061653,0.0026783,0.0039587
0.10946,0.1688,0.2764,0.32536,0.078108,0.031571,0.0029127,0.0073867,0.20901,0.29873,0.24334,0.13453,0.07253,0.035558,0.0032373,0.0030677
0.084693,0.14943,0.28073,0.34122,0.086438,0.043963,0.00013438,0.01339,0.19612,0.28135,0.23476,0.13575,0.10035,0.037733,0.00089499,0.013036
0.10426,0.14225,0.27721,0.30284,0.11214,0.037793,0.00061746,0.02289,0.17871,0.33893,0.18036,0.1589,0.10955,0.024026,0.0027674,0.0067644
0.093335,0.1105,0.30707,0.31282,0.12202,0.033551,0.00048019,0.020226,0.22389,0.34759,0.20644,0.10691,0.073137,0.03078,0.001949,0.0092949
0.1025,0.11968,0.29251,0.27895,0.14899,0.030596,0.00065409,0.026108,0.20854,0.31582,0.25309,0.10275,0.097047,0.013904,0.0035715,0.0052655
0.087406,0.13707,0.26723,0.33056,0.10243,0.052229,0.0029999,0.020076,0.25223,0.32477,0.21434,0.1199,0.073906,0.011118,2.0746e-005,0.0037113
0.082194,0.12681,0.34161,0.253,0.12222,0.058045,0.0053265,0.010797,0.28316,0.29365,0.20858,0.094791,0.086205,0.027101,0.00054573,0.0059608
0.077059,0.12091,0.36407,0.20974,0.13759,0.068491,0.002401,0.019733,0.26277,0.25866,0.26997,0.094286,0.078596,0.017343,0.0025483,0.015831
0.054294,0.11866,0.39559,0.25381,0.10593,0.04718,0.0080829,0.016451,0.2206,0.34031,0.24791,0.10249,0.050418,0.023468,0.0059559,0.0088623
0.085635,0.10018,0.3622,0.25742,0.11198,0.062924,0.0014823,0.018178,0.2439,0.31969,0.25761,0.076541,0.045223,0.04634,0.0036518,0.0070417
0.082637,0.11199,0.3361,0.23477,0.13629,0.07332,0.005279,0.019624,0.20597,0.36745,0.22362,0.11246,0.057093,0.027753,0.0016842,0.0039685
0.062858,0.13171,0.35951,0.22754,0.14568,0.052073,0.0058095,0.014824,0.26193,0.31957,0.22926,0.10232,0.048173,0.030789,0.00062572,0.0073344
0.084753,0.12671,0.31452,0.29954,0.10642,0.051287,0.0033289,0.013438,0.18807,0.34716,0.25335,0.10921,0.045015,0.05058,0.004822,0.0017952
0.080026,0.13168,0.28565,0.28526,0.11303,0.083313,0.00054282,0.020498,0.18412,0.33543,0.24836,0.11113,0.052816,0.053276,0.0037966,0.011065
0.076722,0.14338,0.31096,0.28882,0.092433,0.066456,0.00075404,0.02048,0.20772,0.36388,0.23516,0.09063,0.05855,0.034973,0.00084476,0.0082426
0.074962,0.16005,0.33937,0.23845,0.099089,0.06244,0.0065193,0.019113,0.22644,0.32621,0.22196,0.12624,0.053902,0.040493,3.8888e-005,0.0047177
0.066896,0.14841,0.2671,0.29454,0.12759,0.080733,0.0036907,0.011042,0.18945,0.33316,0.20867,0.14983,0.075197,0.023643,0.010937,0.0091087
0.060022,0.13958,0.35189,0.26873,0.11371,0.048189,0.0038038,0.014073,0.21717,0.38252,0.24185,0.096853,0.042845,0.012792,0.0011382,0.0048273
0.062334,0.15425,0.29751,0.31732,0.11148,0.029158,0.00072456,0.027229,0.23101,0.32202,0.26429,0.099629,0.055713,0.025534,0.00012988,0.0016746
0.060911,0.17018,0.32071,0.25146,0.12593,0.057451,0.00066705,0.012697,0.25177,0.26047,0.25152,0.1014,0.10946,0.021769,0.00073685,0.002885
0.051118,0.18154,0.3363,0.25761,0.093059,0.060451,0.00021261,0.019715,0.2311,0.23098,0.31534,0.094042,0.084419,0.028871,0.0006067,0.014643
0.06177,0.12715,0.33038,0.26833,0.10061,0.070592,0.001087,0.040079,0.23292,0.28142,0.26131,0.10775,0.080455,0.026364,0.0045866,0.0052015
0.10481,0.1168,0.28252,0.32423,0.075687,0.046458,0.00058463,0.048905,0.23676,0.33286,0.23227,0.10899,0.069827,0.01271,0.0022595,0.0043206
0.093268,0.17609,0.29069,0.29115,0.074791,0.052263,0.00036805,0.021387,0.18287,0.2926,0.25607,0.15018,0.092011,0.022698,0.0015243,0.0020419
0.039094,0.17845,0.27907,0.29927,0.12401,0.052139,0.0024325,0.025533,0.24356,0.24344,0.26569,0.11101,0.087749,0.033751,0.01024,0.0045598
0.081785,0.14576,0.30384,0.30265,0.11649,0.023987,0.00015911,0.025326,0.25487,0.21371,0.32565,0.10136,0.068227,0.026842,0.00044996,0.0088853
0.072322,0.14453,0.362,0.25906,0.097186,0.038408,0.002079,0.024417,0.21929,0.22382,0.32919,0.09525,0.096764,0.031846,0.0013985,0.0024461
0.048923,0.16825,0.34769,0.27891,0.084589,0.052053,7.3632e-005,0.019511,0.20751,0.22999,0.3312,0.10691,0.078991,0.031483,0.00013765,0.013768
0.066912,0.15968,0.34942,0.28255,0.084664,0.038665,0.00017477,0.017937,0.29167,0.23815,0.23058,0.11691,0.086938,0.020869,0.0067534,0.008125
0.093195,0.17616,0.28523,0.25257,0.11852,0.054847,0.004236,0.015251,0.26722,0.23269,0.31113,0.099643,0.062362,0.013936,0.00063712,0.012379
0.1041,0.116,0.26292,0.33572,0.094346,0.063028,0.010761,0.013127,0.31523,0.26055,0.26329,0.068009,0.063824,0.023765,0.0050721,0.00025222
0.087247,0.13433,0.30835,0.31042,0.079707,0.059154,0.0070097,0.013778,0.29855,0.25389,0.27805,0.061726,0.082092,0.014713,0.0043196,0.0066643
0.092027,0.13052,0.323,0.27576,0.1233,0.035734,2.9619e-005,0.019633,0.21879,0.28871,0.25483,0.10044,0.10431,0.026694,0.0030291,0.0031922
0.07349,0.20981,0.27387,0.2767,0.12908,0.025393,2.1433e-005,0.011628,0.24458,0.23901,0.26034,0.092018,0.11873,0.040513,0.00042263,0.0043885
0.08348,0.17984,0.26164,0.31258,0.094282,0.032854,0.0002968,0.035023,0.17744,0.3053,0.29147,0.089761,0.083547,0.033013,0.0067486,0.012718
0.10523,0.15069,0.29593,0.29774,0.10629,0.034123,0.0020223,0.0079773,0.24727,0.29068,0.21425,0.14529,0.061662,0.016013,0.012795,0.012038
0.078705,0.1487,0.30522,0.33414,0.089222,0.033715,0.00095697,0.0093363,0.19566,0.32193,0.22226,0.13697,0.064473,0.031485,0.00037506,0.026843
0.074255,0.14035,0.26393,0.3681,0.10039,0.024452,0.0026666,0.025845,0.18357,0.32372,0.22931,0.1184,0.053718,0.05666,0.00563,0.028997
0.076659,0.17129,0.30532,0.27053,0.12806,0.031565,0.0022236,0.01435,0.16838,0.36327,0.26726,0.092375,0.074821,0.020902,0.00015327,0.012838
0.060345,0.2052,0.26633,0.26145,0.15751,0.033725,0.0023777,0.013058,0.192,0.3301,0.31373,0.06698,0.076109,0.013252,5.7656e-005,0.0077713
0.045413,0.13895,0.35543,0.27225,0.11402,0.057337,0.0037879,0.012816,0.19674,0.35403,0.22697,0.097634,0.10238,0.017486,1.2838e-005,0.0047457
0.065459,0.15352,0.31222,0.30401,0.084343,0.055642,0.0059153,0.018895,0.21258,0.29627,0.23288,0.13029,0.085957,0.031479,7.5314e-005,0.010466
0.068179,0.11469,0.32472,0.326,0.085857,0.061639,0.0018732,0.017047,0.23208,0.30793,0.27655,0.080638,0.089511,0.0047709,1.9072e-006,0.0085233
0.073575,0.14588,0.32311,0.31551,0.083427,0.036208,0.0049146,0.01737,0.20532,0.27933,0.30037,0.12069,0.077707,0.013573,1.0227e-006,0.003007
0.082222,0.14969,0.32281,0.25378,0.12543,0.034038,0.004263,0.027778,0.23626,0.27897,0.26168,0.12513,0.084945,0.012268,0.00068638,5.8247e-005
0.081762,0.17096,0.27558,0.28752,0.083527,0.058975,0.0011713,0.040512,0.28026,0.27168,0.26431,0.10455,0.067408,0.0084008,0.00013535,0.0032591
0.07547,0.17745,0.2822,0.27721,0.11077,0.054034,0.0011828,0.021689,0.22079,0.33913,0.23997,0.11317,0.051188,0.029224,0.0012055,0.0053199
0.07132,0.17325,0.27966,0.33043,0.08722,0.040692,0.0059193,0.011509,0.24898,0.26169,0.27028,0.10559,0.081466,0.015471,0.010732,0.0057959
0.064484,0.18632,0.27555,0.29744,0.10302,0.05771,0.00091683,0.014561,0.26111,0.26235,0.23775,0.15029,0.058,0.020578,1.4179e-006,0.0099121
0.070224,0.20607,0.25227,0.31509,0.094761,0.045335,0.00069911,0.015547,0.23151,0.21856,0.3199,0.13632,0.044609,0.043929,0.00059325,0.0045921
0.095934,0.18991,0.28649,0.24816,0.11986,0.047162,4.2665e-005,0.012448,0.17951,0.28722,0.30457,0.10343,0.051927,0.06797,0.001932,0.0034375
0.050813,0.15199,0.33075,0.29298,0.11609,0.041544,0.00057614,0.015254,0.26288,0.23214,0.30377,0.083429,0.057003,0.037966,0.0022317,0.020583
0.059014,0.1589,0.29713,0.30775,0.10934,0.040174,0.0011265,0.026564,0.18821,0.25598,0.33803,0.12172,0.051053,0.037945,0.000887,0.0061693
0.087049,0.16983,0.29473,0.30099,0.093428,0.0404,0.0028489,0.010719,0.21815,0.21431,0.32973,0.11067,0.083558,0.03515,0.0054723,0.0029649
0.083128,0.13155,0.32265,0.30228,0.073083,0.068825,0.0010528,0.017431,0.20722,0.26908,0.32112,0.11715,0.03927,0.031396,0.00092559,0.01384
0.087751,0.13464,0.28739,0.30892,0.11599,0.040801,0.0029097,0.021599,0.20159,0.2927,0.29814,0.10506,0.063108,0.032565,2.2339e-005,0.0068141
0.081939,0.14462,0.27875,0.2784,0.12355,0.071628,0.001175,0.019937,0.22645,0.26193,0.31295,0.10172,0.07118,0.011303,0.0082737,0.0061924
0.068799,0.16808,0.26765,0.30789,0.11145,0.039508,0.010917,0.025711,0.20348,0.26084,0.34033,0.08401,0.08147,0.01487,0.00082865,0.014174
0.069968,0.14444,0.29679,0.29071,0.14275,0.032626,0.0011692,0.021542,0.23923,0.25738,0.3351,0.081323,0.059204,0.017975,0.0034965,0.0062945
0.0589,0.14945,0.28796,0.27492,0.15348,0.052024,0.00065849,0.022608,0.23526,0.25275,0.27573,0.1376,0.08266,0.014317,0.00010566,0.001577
0.063664,0.11704,0.27666,0.33005,0.1492,0.034899,0.00014808,0.028346,0.19572,0.24405,0.34323,0.13691,0.067335,0.011557,5.0003e-005,0.0011466
0.09007,0.11871,0.28995,0.32214,0.13125,0.023254,0.0058624,0.018768,0.21412,0.31779,0.32767,0.069554,0.038843,0.019979,0.00076511,0.011286
0.049382,0.15411,0.34944,0.25082,0.1224,0.049178,0.0063848,0.018302,0.1871,0.3397,0.26296,0.10236,0.054127,0.035551,0.0017735,0.016433
0.05154,0.15154,0.36021,0.26463,0.1138,0.047047,0.0071894,0.0040372,0.19945,0.34201,0.26355,0.10389,0.046056,0.021158,0.00038252,0.02351
0.065754,0.15439,0.3096,0.31001,0.089373,0.052887,0.0030829,0.014909,0.19522,0.31605,0.31787,0.08834,0.058228,0.011967,0.0022607,0.010066
0.10425,0.13442,0.31239,0.31155,0.091352,0.027837,0.0032417,0.014962,0.20784,0.24764,0.31813,0.12713,0.070765,0.02608,3.0983e-005,0.0023831
0.090607,0.11831,0.30748,0.3299,0.10119,0.040069,0.00031799,0.012123,0.19238,0.19907,0.33693,0.15475,0.093482,0.011135,0.003668,0.008586
0.051326,0.13035,0.31726,0.31014,0.12848,0.04624,0.0046806,0.011511,0.26247,0.18213,0.33069,0.13493,0.060859,0.013242,0.0036986,0.011971
0.068738,0.15865,0.31737,0.29786,0.099574,0.041918,0.0016879,0.014197,0.26689,0.23069,0.30919,0.079345,0.071366,0.037844,0.00036736,0.0043051
0.054232,0.1681,0.29247,0.31515,0.094375,0.059045,0.00024295,0.016375,0.2976,0.29918,0.22965,0.085423,0.057167,0.021636,0.0011569,0.0081767
0.067442,0.13198,0.30835,0.30764,0.10423,0.050916,0.0032456,0.02619,0.22358,0.28222,0.26957,0.089667,0.062629,0.064758,0.00032346,0.0072525
0.085894,0.1605,0.29822,0.2854,0.094959,0.052586,0.0038365,0.018604,0.21763,0.27864,0.26622,0.12618,0.04476,0.063338,0.00010844,0.0031282
0.068118,0.14391,0.32865,0.30502,0.09065,0.041506,0.004204,0.017935,0.21051,0.33458,0.26817,0.086761,0.06637,0.01985,0.0012828,0.012471
0.069834,0.17211,0.29512,0.30375,0.092972,0.042484,0.0034501,0.020279,0.19295,0.3102,0.26087,0.13817,0.068633,0.022003,0.0011891,0.0059869
0.064703,0.18561,0.29745,0.26143,0.10612,0.054763,0.0020207,0.027907,0.17045,0.33337,0.25253,0.13774,0.074851,0.0063762,0.0025926,0.02209
0.063081,0.2193,0.29975,0.27235,0.066939,0.051778,0.00027003,0.026536,0.18681,0.33507,0.28572,0.12351,0.045038,0.005731,0.010087,0.0080329
0.049807,0.1867,0.28159,0.24538,0.13905,0.059124,0.00052875,0.037817,0.18997,0.35054,0.28303,0.09932,0.057113,0.015206,0.0025639,0.002255
0.087359,0.19406,0.2622,0.27757,0.10544,0.053847,0.0003745,0.019148,0.21659,0.26951,0.29171,0.13434,0.060706,0.01256,0.0065158,0.0080617
0.071764,0.15779,0.29877,0.28755,0.084945,0.08418,0.0057488,0.0092547,0.19876,0.30547,0.27941,0.0892,0.099339,0.020228,1.43e-005,0.0075782
0.073609,0.17425,0.27826,0.27695,0.094767,0.083464,0.00098484,0.01771,0.17513,0.34265,0.25624,0.13735,0.069972,0.016126,0.00051027,0.0020237
0.070178,0.14892,0.28133,0.2986,0.091182,0.074059,0.010161,0.02557,0.21323,0.29481,0.24735,0.15757,0.06453,0.012429,0.00067871,0.0094018
0.059376,0.1747,0.28433,0.29316,0.082992,0.076332,0.0063796,0.022733,0.24243,0.2825,0.20352,0.1778,0.056481,0.028541,0.00079942,0.0079273
0.072258,0.1376,0.2613,0.32658,0.12704,0.056856,0.00057566,0.017783,0.19321,0.30958,0.2819,0.15314,0.034154,0.012077,0.0035988,0.01234
0.084579,0.16321,0.30074,0.29256,0.092577,0.052177,0.0010626,0.0131,0.18371,0.27668,0.27824,0.14477,0.087495,0.020436,0.0020015,0.0066679
0.071977,0.20894,0.25089,0.29453,0.11172,0.048028,0.005434,0.0084807,0.19471,0.28082,0.23442,0.15661,0.081856,0.031205,0.01199,0.0083956
0.076654,0.16557,0.23872,0.33894,0.13248,0.036889,0.00052854,0.010214,0.24035,0.26699,0.23907,0.15321,0.056762,0.032073,0.0014527,0.010095
0.071769,0.14772,0.28925,0.31578,0.10515,0.056404,0.0030177,0.010907,0.19481,0.23402,0.24631,0.2086,0.051492,0.041438,0.0022372,0.021089
0.075119,0.13632,0.32995,0.29577,0.10046,0.049658,0.0020578,0.010665,0.23767,0.28224,0.22628,0.1374,0.07835,0.02516,0.0071231,0.0057742
0.058029,0.13371,0.31272,0.31022,0.12935,0.045541,0.00011333,0.010319,0.22629,0.31659,0.19339,0.15415,0.061283,0.036697,0.0041141,0.0074853
0.068503,0.12912,0.2739,0.37393,0.090048,0.046864,0.0018631,0.015773,0.25018,0.31784,0.18539,0.149,0.058064,0.026109,0.0015591,0.01185
0.04507,0.14577,0.3346,0.31307,0.12051,0.028721,0.001714,0.010545,0.22601,0.25837,0.26023,0.13487,0.074068,0.033482,0.00052655,0.012454
0.064875,0.12374,0.29863,0.32905,0.13547,0.03746,0.0024273,0.0083569,0.21399,0.25954,0.31683,0.12353,0.04203,0.025648,0.0003644,0.018064
0.067804,0.15324,0.31677,0.32119,0.083811,0.041465,0.0005228,0.015193,0.20665,0.28783,0.25723,0.13029,0.07421,0.018579,0.0015511,0.023657
0.058783,0.17091,0.29585,0.29276,0.10005,0.055274,0.0032501,0.023128,0.23316,0.26513,0.23758,0.15663,0.070418,0.030486,0.00049468,0.0060986
0.091527,0.17732,0.30064,0.26527,0.094931,0.057094,0.00092753,0.012289,0.17968,0.33162,0.26496,0.12454,0.070721,0.021932,0.0021236,0.0044241
0.082089,0.15881,0.30985,0.28649,0.082988,0.056058,0.0025951,0.021116,0.20194,0.32498,0.25386,0.10651,0.084673,0.015069,0.0077835,0.0051979
0.080094,0.19038,0.31211,0.26815,0.078247,0.050272,0.00072484,0.020021,0.23427,0.31414,0.22104,0.1417,0.071775,0.011229,0.00092016,0.0049244
0.05461,0.16739,0.33162,0.26859,0.085579,0.077922,0.00019734,0.014084,0.20717,0.34372,0.20279,0.16403,0.052009,0.029396,0.00024968,0.00063597
0.085288,0.13753,0.29452,0.30975,0.096317,0.070385,0.00045774,0.0057423,0.17808,0.32101,0.25557,0.14093,0.061357,0.029902,0.0006086,0.012547
0.068248,0.15549,0.28276,0.3009,0.10123,0.07724,1.8519e-005,0.014102,0.19982,0.30541,0.25902,0.14534,0.050972,0.025055,0.0038233,0.010556
0.10979,0.1305,0.2833,0.30452,0.09296,0.064233,0.00031248,0.01439,0.18062,0.3059,0.24774,0.16438,0.07771,0.018195,0.0031887,0.002268
0.075974,0.14602,0.28144,0.31415,0.096334,0.077048,0.001636,0.007398,0.15712,0.34492,0.25472,0.13894,0.078854,0.023505,2.8841e-005,0.0019085
0.089176,0.17894,0.25321,0.28774,0.092658,0.08261,0.0024072,0.013254,0.22245,0.28888,0.22092,0.14391,0.087564,0.02344,0.0057193,0.0071184
0.083684,0.19022,0.2862,0.29991,0.062181,0.062382,8.682e-005,0.01533,0.2487,0.2564,0.22295,0.14896,0.091904,0.02506,0.0011565,0.0048669
0.088925,0.14091,0.24793,0.28709,0.12613,0.090818,0.0017661,0.016425,0.22138,0.30704,0.1983,0.14384,0.092884,0.024859,0.0043755,0.0073201
0.069025,0.12887,0.33889,0.25629,0.12134,0.070752,0.0017532,0.013078,0.25003,0.28081,0.27369,0.10266,0.057249,0.028203,4.2999e-005,0.0073166
0.081496,0.12622,0.31528,0.26482,0.11551,0.080539,0.002177,0.013956,0.22225,0.36814,0.20559,0.12161,0.069123,0.0088084,0.0023648,0.0021054
0.073185,0.16935,0.26318,0.30747,0.10038,0.06809,0.00022417,0.018114,0.2278,0.3072,0.22254,0.13573,0.085754,0.015575,0.00033165,0.0050798
0.074836,0.18813,0.2782,0.26583,0.11905,0.045498,0.00059619,0.027857,0.20506,0.32657,0.18469,0.19003,0.078286,0.013534,0.00073677,0.0011014
0.07377,0.19719,0.32456,0.22217,0.09891,0.065724,0.0016644,0.016014,0.2926,0.28186,0.17034,0.15341,0.078692,0.014474,0.00012746,0.008496
0.090328,0.11373,0.31365,0.26701,0.088967,0.078624,0.00070099,0.046982,0.22287,0.25324,0.27906,0.16342,0.059113,0.010264,0.00015823,0.011878
0.08107,0.15888,0.24422,0.3332,0.093053,0.069427,0.0037431,0.016409,0.24061,0.27524,0.30532,0.12231,0.043789,0.0055445,4.9305e-005,0.0071422
0.10526,0.14441,0.26827,0.2858,0.093511,0.080929,0.0014753,0.020338,0.27328,0.27064,0.29284,0.10682,0.041279,0.012762,4.1392e-005,0.002332
0.09151,0.15915,0.31069,0.28908,0.065494,0.064812,0.005316,0.013951,0.27684,0.2298,0.25328,0.1297,0.07981,0.028941,0.00094276,0.000681
0.078349,0.16212,0.34263,0.25472,0.097274,0.046515,0.0059796,0.012415,0.2516,0.28142,0.24124,0.10258,0.083531,0.035035,0.00026427,0.0043372
0.089989,0.17552,0.30677,0.27566,0.10015,0.036755,0.0035548,0.011609,0.18081,0.2745,0.27288,0.14074,0.092612,0.035958,0.00029708,0.0021996
0.065874,0.18193,0.31498,0.27089,0.10194,0.042572,0.0017032,0.020117,0.18537,0.26797,0.28823,0.13164,0.097431,0.024908,0.0040644,0.00038501
0.067124,0.16626,0.26149,0.34776,0.094138,0.047789,0.0040126,0.011428,0.21883,0.26057,0.24886,0.12837,0.098904,0.022911,0.005272,0.01629
0.079811,0.15728,0.27223,0.31921,0.079934,0.080703,0.0057369,0.0050959,0.24078,0.24107,0.24486,0.14148,0.060796,0.0361,0.00063625,0.034275
0.07307,0.17171,0.33185,0.23455,0.071558,0.094573,0.00044454,0.02224,0.21009,0.20826,0.24755,0.17799,0.095702,0.033203,0.0051987,0.022002
0.056283,0.18341,0.29738,0.27825,0.070618,0.09871,8.8706e-005,0.01526,0.18962,0.23732,0.28999,0.14237,0.080947,0.046983,0.0026033,0.010173
0.083068,0.17972,0.30586,0.24584,0.082064,0.079546,8.6481e-005,0.023808,0.18672,0.28,0.26465,0.14225,0.097887,0.022227,0.0020386,0.0042298
0.055781,0.12455,0.33436,0.27544,0.12115,0.069476,4.7145e-005,0.019187,0.22076,0.26442,0.22011,0.1825,0.072844,0.027527,0.010792,0.0010439
0.05639,0.19425,0.30362,0.24692,0.10843,0.060664,0.0033046,0.02642,0.24993,0.28661,0.18851,0.18138,0.06371,0.022089,0.0010035,0.0067676
0.054499,0.15937,0.28147,0.2853,0.11207,0.083054,0.0025217,0.021721,0.24828,0.27299,0.23788,0.13407,0.080664,0.019604,0.00050052,0.0060156
0.055501,0.15296,0.2283,0.34819,0.10475,0.081482,0.00011483,0.028703,0.239,0.31163,0.22688,0.10977,0.070273,0.015247,0.0089012,0.018292
0.068182,0.16258,0.26096,0.3316,0.092173,0.070349,0.00059104,0.01357,0.23995,0.33843,0.27079,0.076811,0.050346,0.0099622,0.0010353,0.012668
0.082228,0.18455,0.28185,0.24699,0.10079,0.091072,0.0003201,0.01221,0.23331,0.33144,0.22647,0.11884,0.055798,0.022242,0.00056524,0.01133
0.057134,0.17975,0.29964,0.28269,0.092697,0.060945,0.00010852,0.027034,0.2193,0.29186,0.22888,0.14194,0.075638,0.03574,0.0028383,0.0038093
0.080355,0.17324,0.31716,0.27091,0.079121,0.055377,0.0004044,0.023438,0.21648,0.25567,0.30321,0.11851,0.045999,0.033865,0.018043,0.0082204
0.091699,0.16197,0.29822,0.26475,0.10155,0.062519,0.0022128,0.017083,0.22373,0.25275,0.24384,0.15748,0.08807,0.02802,0.0021369,0.0039701
0.068326,0.18254,0.34181,0.21924,0.10394,0.058738,0.0006041,0.024803,0.2778,0.30278,0.20262,0.10821,0.094176,0.0058836,0.0010644,0.0074781
0.088931,0.16735,0.33924,0.21501,0.11599,0.0569,0.0052326,0.011342,0.24571,0.30572,0.24406,0.093291,0.081632,0.014788,0.0010599,0.013733
0.078512,0.16871,0.2546,0.2666,0.12164,0.084967,0.00015615,0.024823,0.21341,0.38235,0.25604,0.060085,0.042816,0.039151,0.00021188,0.005946
0.090241,0.18074,0.2518,0.30108,0.11133,0.05114,0.00092046,0.012756,0.19101,0.30248,0.24957,0.095088,0.097299,0.055677,0.0034261,0.0054489
0.099841,0.16272,0.25004,0.26996,0.11391,0.083651,0.001211,0.018667,0.24128,0.29472,0.23493,0.1092,0.074016,0.042505,0.0010401,0.0023007
0.095283,0.14516,0.24881,0.29591,0.10632,0.065601,0.0053361,0.037581,0.24404,0.32131,0.25162,0.085533,0.051119,0.042964,0.00021205,0.0032005
0.088571,0.11326,0.30065,0.2779,0.10574,0.080815,0.00022088,0.032844,0.23977,0.33835,0.20076,0.10917,0.079339,0.027395,0.0040683,0.0011471
0.08157,0.13224,0.28911,0.28697,0.1139,0.073136,0.0013088,0.02177,0.28439,0.33389,0.20103,0.083556,0.052968,0.03552,0.003306,0.0053405
0.048044,0.1517,0.31747,0.28893,0.15178,0.032668,1.5605e-005,0.0093917,0.25892,0.34173,0.2106,0.086559,0.054562,0.022361,0.0048353,0.020427
0.071859,0.13695,0.35781,0.26374,0.12487,0.041304,2.3767e-005,0.0034359,0.19774,0.31728,0.25,0.11217,0.066202,0.036947,0.00016535,0.019497
0.094464,0.15139,0.28584,0.2815,0.12497,0.047319,7.9733e-005,0.01444,0.2268,0.38347,0.19356,0.06201,0.066728,0.050582,0.0037337,0.013109
0.079739,0.15942,0.2883,0.27347,0.12635,0.05742,2.065e-008,0.015315,0.22332,0.35666,0.22169,0.059933,0.084683,0.044579,0.0011464,0.0079866
0.079582,0.1602,0.28425,0.27015,0.10746,0.07703,0.0021597,0.019178,0.17417,0.40663,0.21444,0.062495,0.10286,0.028423,0.0010386,0.0099441
0.058975,0.13285,0.32259,0.29594,0.10429,0.069879,0.0012455,0.014231,0.22534,0.3048,0.21943,0.096423,0.09342,0.048983,0.0094725,0.0021369
0.06688,0.13776,0.34085,0.26856,0.11028,0.058817,0.001023,0.01582,0.25904,0.2923,0.2434,0.098001,0.066498,0.034323,0.00072598,0.0057113
0.094878,0.15584,0.32274,0.26999,0.11336,0.016792,0.0070153,0.019385,0.21376,0.29671,0.27613,0.12248,0.054549,0.033926,0.00059662,0.0018429
0.07896,0.18175,0.33559,0.25112,0.10447,0.023627,0.0055769,0.018911,0.24086,0.25169,0.28154,0.1182,0.06706,0.039219,5.6436e-005,0.0013794
0.09784,0.18876,0.24285,0.30103,0.12733,0.028612,0.0011575,0.012423,0.21471,0.22,0.33351,0.12016,0.081152,0.028146,4.7098e-011,0.0023171
0.078961,0.16741,0.28633,0.28986,0.12613,0.042301,0.0010423,0.007957,0.30434,0.219,0.26604,0.11503,0.065268,0.025364,7.0531e-005,0.004882
0.082803,0.19388,0.27694,0.25444,0.13162,0.034347,0.002882,0.023093,0.24454,0.30936,0.25598,0.10372,0.052202,0.019358,1.1142e-005,0.014822
0.084022,0.16251,0.24222,0.29832,0.13602,0.042477,1.2794e-005,0.034424,0.22264,0.3022,0.25482,0.1247,0.070483,0.018501,0.005297,0.0013718
0.073788,0.143,0.30345,0.2764,0.1084,0.084146,0.0014837,0.0093434,0.25017,0.30089,0.19684,0.11443,0.090792,0.020178,0.0013075,0.025392
0.11098,0.11938,0.25895,0.27957,0.1211,0.078277,8.8323e-008,0.031739,0.25293,0.28813,0.22646,0.12155,0.065904,0.038274,0.00017451,0.0065696
0.10892,0.18098,0.29508,0.28275,0.072513,0.044136,0.00051523,0.015112,0.21798,0.28128,0.23374,0.13789,0.077605,0.044565,0.0017592,0.00518
0.071246,0.18102,0.29148,0.29473,0.080776,0.057889,0.00032418,0.022529,0.23063,0.28247,0.22052,0.16196,0.068223,0.027003,0.0012913,0.0078946
0.080491,0.15084,0.28458,0.30379,0.10701,0.048137,0.003562,0.021591,0.27296,0.2777,0.24979,0.10475,0.062198,0.027191,0.00070054,0.0047071
0.076734,0.15792,0.286,0.27849,0.081758,0.092905,0.0043162,0.02188,0.25172,0.30622,0.2387,0.10712,0.069257,0.017283,0.0013954,0.0083098
0.065455,0.12973,0.30077,0.32341,0.083848,0.070604,0.016447,0.0097352,0.26143,0.24631,0.21151,0.1386,0.09089,0.03186,0.0019841,0.017419
0.042748,0.12151,0.32833,0.34128,0.068673,0.061604,0.0087215,0.02713,0.19922,0.27626,0.20242,0.20079,0.068791,0.044546,0.00029709,0.0076693
0.046388,0.16573,0.3433,0.29037,0.075029,0.06182,0.001789,0.015567,0.21358,0.33531,0.22404,0.1262,0.078275,0.017073,0.0019968,0.0035156
0.044533,0.17006,0.31498,0.30659,0.070442,0.074628,0.00024527,0.018521,0.19992,0.30035,0.24706,0.14143,0.064734,0.029923,0.012058,0.0045268
0.072659,0.1752,0.29565,0.29725,0.08367,0.067713,0.00020377,0.0076547,0.19731,0.2644,0.25739,0.15832,0.054005,0.044048,0.0045375,0.019998
0.043335,0.18006,0.33002,0.24381,0.1339,0.049755,0.00032391,0.018795,0.16903,0.35267,0.2295,0.15125,0.052844,0.015685,0.0015341,0.027489
0.06447,0.13351,0.32493,0.25561,0.155,0.043154,0.00091307,0.022407,0.18164,0.32364,0.24717,0.14993,0.062112,0.020977,0.0057797,0.008754
0.058395,0.11455,0.32431,0.29265,0.12441,0.054626,0.0083707,0.022685,0.17264,0.34903,0.19189,0.16037,0.079064,0.037992,0.0045078,0.0044956
0.070156,0.13717,0.28789,0.29721,0.10612,0.072331,0.00022671,0.0289,0.16933,0.33341,0.23627,0.13333,0.080041,0.037274,0.0020809,0.008252
0.069607,0.17319,0.27113,0.3017,0.12418,0.041846,0.00022053,0.018123,0.18256,0.29186,0.29952,0.11448,0.086211,0.022472,0.00070691,0.0022012
0.054605,0.15721,0.31751,0.26177,0.092169,0.069461,0.0024096,0.044875,0.15705,0.31695,0.24071,0.14969,0.10282,0.024189,0.0034098,0.005183
0.081562,0.14559,0.30157,0.24667,0.12139,0.085064,0.0012405,0.016921,0.19224,0.31565,0.26599,0.1122,0.066577,0.027701,0.0083034,0.011348
0.071685,0.18408,0.32054,0.2306,0.10264,0.079482,0.00010193,0.010865,0.18803,0.32885,0.23924,0.1364,0.048468,0.02791,0.0085414,0.022568
0.074657,0.21522,0.33882,0.21232,0.093846,0.05145,0.00064524,0.013046,0.2035,0.27099,0.24847,0.1538,0.068143,0.040225,0.010504,0.0043677
0.079076,0.16718,0.33787,0.24106,0.095419,0.046608,0.00066332,0.032122,0.24431,0.29048,0.20675,0.16184,0.069195,0.0157,0.0087416,0.0029886
0.083658,0.14301,0.26724,0.29241,0.11093,0.05235,0.0039956,0.046404,0.20313,0.27707,0.23792,0.13795,0.086088,0.029231,0.0045484,0.024053
0.070211,0.13761,0.32302,0.23382,0.12516,0.091,0.00058233,0.018585,0.23393,0.25265,0.25206,0.11214,0.11074,0.029627,0.0018944,0.0069629
0.070248,0.19082,0.32058,0.22474,0.12119,0.056296,0.0064229,0.0097145,0.23318,0.23711,0.26151,0.13948,0.067469,0.044961,0.0010748,0.01521
0.064726,0.1345,0.34048,0.26983,0.10622,0.062993,0.0038545,0.017399,0.17917,0.34011,0.23797,0.14006,0.061846,0.026723,0.0042362,0.0098863
0.098915,0.18166,0.26868,0.25406,0.1022,0.058676,0.0076494,0.028163,0.2109,0.2732,0.26583,0.13044,0.080689,0.02877,0.0029793,0.0071992
0.065888,0.17044,0.30366,0.29588,0.094017,0.046852,0.00074045,0.022522,0.16294,0.24825,0.31525,0.11488,0.087743,0.053243,0.0056147,0.012076
0.078539,0.18572,0.25048,0.26922,0.12884,0.070543,0.0001625,0.016489,0.16731,0.25338,0.31646,0.10587,0.09474,0.035208,0.0047556,0.022266
0.062378,0.16408,0.3236,0.23998,0.13404,0.049065,1.0104e-009,0.026854,0.21388,0.33685,0.2845,0.086761,0.040176,0.016981,0.00057439,0.020277
0.10544,0.1668,0.24632,0.28776,0.10248,0.053568,0.00016306,0.037469,0.16321,0.27569,0.29643,0.11903,0.093514,0.0429,0.0015298,0.0076895
0.07617,0.10882,0.28608,0.30673,0.11159,0.082931,0.0029072,0.024772,0.22526,0.28339,0.25218,0.11264,0.085771,0.022564,0.011217,0.0069764
0.085305,0.13687,0.29484,0.28174,0.11742,0.058578,0.0030186,0.022223,0.21059,0.28579,0.2388,0.11455,0.11032,0.018252,0.0057572,0.015944
0.065659,0.15292,0.25296,0.32312,0.13002,0.057561,0.0029522,0.014812,0.18956,0.25972,0.3205,0.13087,0.062928,0.028782,0.0025198,0.0051242
0.0777,0.11234,0.23852,0.34823,0.13193,0.072501,0.00023085,0.018547,0.21597,0.20795,0.27041,0.14408,0.098459,0.029921,0.013323,0.01988
0.075535,0.12553,0.30292,0.31267,0.1085,0.058813,1.3943e-007,0.016026,0.21816,0.32839,0.23937,0.11048,0.06743,0.026286,0.0030093,0.0068743
0.10151,0.11623,0.3138,0.27997,0.11888,0.056275,3.8031e-005,0.013296,0.18433,0.28896,0.28042,0.10885,0.082298,0.031573,0.0059541,0.017617
0.12736,0.13346,0.26241,0.29917,0.11189,0.038181,1.249e-007,0.027523,0.16091,0.34679,0.27779,0.11451,0.057194,0.028813,0.002621,0.011376
0.082352,0.166,0.27831,0.28027,0.12273,0.042235,5.1109e-009,0.028099,0.18181,0.31686,0.26672,0.12065,0.077382,0.017264,0.0042787,0.01504
0.069256,0.14948,0.29669,0.29816,0.10217,0.071113,4.5633e-010,0.013128,0.22032,0.30189,0.23597,0.1618,0.044608,0.025251,0.0024141,0.0077413
0.066145,0.1278,0.29098,0.28785,0.15543,0.058176,1.1787e-006,0.013629,0.23971,0.34791,0.17096,0.12273,0.071924,0.034421,0.0033573,0.0090029
0.063342,0.13704,0.27323,0.34848,0.11992,0.045882,1.6921e-007,0.012104,0.22879,0.30446,0.24132,0.10524,0.07502,0.036432,0.0033127,0.0054247
0.060545,0.14888,0.29989,0.29575,0.13485,0.039354,3.7686e-005,0.020695,0.24597,0.30009,0.1968,0.15369,0.050938,0.021387,0.012175,0.018959
0.099525,0.13742,0.28467,0.3234,0.12665,0.025152,1.7542e-006,0.0031875,0.21184,0.3677,0.21408,0.0864,0.070111,0.042637,0.0045838,0.0026513
0.09208,0.12569,0.29922,0.3076,0.1221,0.037503,0.00011047,0.015686,0.21029,0.36081,0.21861,0.087459,0.092286,0.029355,0.0010988,9.7516e-005
0.067928,0.15352,0.29889,0.29683,0.094961,0.060202,0.00062501,0.027048,0.22057,0.2874,0.22915,0.10971,0.10559,0.038113,0.0061573,0.0033075
0.055411,0.15914,0.30868,0.31637,0.096949,0.042229,0.0011196,0.020099,0.23773,0.35118,0.1836,0.11445,0.084575,0.01683,5.6911e-006,0.011641
0.079554,0.18484,0.29615,0.29594,0.070854,0.056131,0.0037101,0.012822,0.23401,0.31861,0.23506,0.089876,0.067877,0.023737,0.005442,0.025393
0.062933,0.15868,0.31686,0.26267,0.14424,0.034171,0.0010769,0.019371,0.26702,0.32284,0.19498,0.093341,0.070255,0.028832,3.3224e-007,0.022729
0.087678,0.17462,0.30264,0.25563,0.11959,0.043834,0.00055616,0.015462,0.22584,0.31424,0.2334,0.11648,0.073549,0.024896,0.0053629,0.0062257
0.096018,0.13392,0.32305,0.27895,0.091077,0.055194,0.0007817,0.021011,0.28544,0.25653,0.24686,0.13544,0.0401,0.0089144,0.0067699,0.019942
0.058338,0.11381,0.34697,0.2945,0.11678,0.057495,0.0010068,0.011091,0.28292,0.25116,0.27167,0.10467,0.060981,0.02204,0.0016073,0.0049438
0.048971,0.15981,0.33558,0.32833,0.070198,0.042444,7.291e-006,0.014654,0.2881,0.31451,0.19916,0.072826,0.075299,0.041137,0.0030291,0.0059384
0.054858,0.17627,0.30935,0.27696,0.091927,0.06552,0.0037877,0.021326,0.22572,0.29505,0.22671,0.057466,0.13501,0.049063,0.0033775,0.0076031
0.086752,0.16159,0.27094,0.28572,0.14226,0.03533,0.0027131,0.014693,0.23412,0.33955,0.20282,0.049135,0.12686,0.03658,0.0014747,0.009468
0.084487,0.1764,0.28257,0.27558,0.12069,0.048981,0.0030091,0.008289,0.23445,0.32189,0.25727,0.049759,0.095433,0.027917,0.0037466,0.0095375
0.11034,0.14105,0.25221,0.30906,0.13171,0.050642,0.0022123,0.0027758,0.253,0.34424,0.19769,0.057699,0.1233,0.010417,0.0096109,0.0040481
0.1063,0.14544,0.24183,0.31919,0.12045,0.0464,0.0036049,0.016793,0.2192,0.33707,0.22808,0.077811,0.10836,0.015778,0.00062897,0.013082
0.10299,0.12661,0.24735,0.31927,0.10651,0.065144,0.0020958,0.030025,0.24077,0.31153,0.23831,0.089821,0.087909,0.015236,0.010292,0.0061351
0.066294,0.16656,0.32841,0.27445,0.0958,0.039811,0.00035757,0.028317,0.22304,0.29505,0.22314,0.10924,0.10984,0.020161,0.0062605,0.013269
0.0303,0.13413,0.38277,0.2716,0.11503,0.05017,0.0038844,0.012124,0.21223,0.32102,0.20649,0.14934,0.076416,0.01424,0.003048,0.017207
0.065001,0.15436,0.30973,0.31549,0.11645,0.027664,0.0009485,0.010349,0.21885,0.3432,0.19801,0.13263,0.086971,0.014707,0.0012257,0.0044102
0.059063,0.18136,0.26256,0.30128,0.1213,0.036049,0.0053662,0.03302,0.15361,0.34726,0.22371,0.14548,0.090722,0.030039,9.5258e-005,0.0090818
0.059568,0.17164,0.27209,0.31086,0.12239,0.038448,0.0032868,0.021715,0.19509,0.33512,0.26823,0.098134,0.063576,0.035788,0.00027403,0.0037812
0.06111,0.21616,0.30787,0.27466,0.072195,0.037449,0.0064765,0.024075,0.23088,0.34906,0.21522,0.12052,0.067383,0.015965,0.00024927,0.00072487
0.072269,0.16227,0.28559,0.3038,0.10921,0.037383,0.0025979,0.026886,0.24722,0.31997,0.23766,0.10402,0.066639,0.023857,0.00014874,0.00049598
0.048175,0.18868,0.31657,0.28992,0.1051,0.027778,0.0012612,0.022512,0.20146,0.34863,0.21969,0.13234,0.067916,0.020111,0.002283,0.0075675
0.06581,0.16215,0.34026,0.28956,0.085495,0.037835,0.0042002,0.014683,0.2576,0.31193,0.17351,0.13246,0.086204,0.027283,1.412e-010,0.011014
0.083989,0.15838,0.31958,0.32351,0.048947,0.04164,0.00047593,0.023483,0.27856,0.23808,0.25688,0.13269,0.063698,0.020404,0.0015192,0.0081722
0.076955,0.18071,0.32168,0.29026,0.055769,0.060381,0.0010204,0.013227,0.24672,0.27632,0.2524,0.11132,0.10502,0.0031735,0.00038154,0.0046646
0.056499,0.18429,0.35576,0.26932,0.08912,0.031521,0.0067356,0.0067656,0.23686,0.2747,0.29515,0.079469,0.081548,0.022838,0.001146,0.0082874
0.10046,0.16691,0.2658,0.34654,0.088584,0.019558,0.00033016,0.011819,0.21041,0.27957,0.30171,0.078121,0.076211,0.047748,0.0043538,0.0018772
0.068326,0.16635,0.34865,0.27807,0.10048,0.024276,0.0051231,0.0087188,0.24606,0.2429,0.269,0.10872,0.07536,0.050117,0.0036266,0.004216
0.071765,0.15339,0.3887,0.26077,0.075084,0.040365,0.0010681,0.0088618,0.23475,0.33663,0.19386,0.13655,0.068113,0.014991,0.0046158,0.010483
0.05556,0.15223,0.3188,0.30809,0.12131,0.017645,0.001171,0.025195,0.2008,0.33012,0.23328,0.11202,0.083175,0.022047,0.00021707,0.018344
0.066474,0.12411,0.34441,0.29252,0.10888,0.028289,0.0013979,0.033923,0.21625,0.29631,0.26854,0.099504,0.096775,0.011023,0.0012227,0.010379
0.037752,0.14569,0.35091,0.32855,0.09994,0.025545,0.00041881,0.011188,0.20646,0.29371,0.24113,0.12274,0.097047,0.025836,0.00036969,0.012713
0.048941,0.10907,0.38655,0.30705,0.096931,0.043536,0.0010626,0.0068543,0.24943,0.27491,0.22589,0.12263,0.085142,0.036988,0.00066115,0.0043578
0.057134,0.13664,0.35857,0.28733,0.10857,0.033159,1.5639e-005,0.018575,0.19796,0.35635,0.21905,0.12152,0.06945,0.034315,0.00031223,0.0010514
0.056705,0.17895,0.3038,0.33047,0.091962,0.024149,0.00057003,0.013393,0.21254,0.2662,0.23793,0.11454,0.1034,0.061981,0.0026,0.00079999
0.054313,0.14593,0.33412,0.29204,0.1212,0.021439,4.6493e-009,0.030964,0.21469,0.25103,0.29502,0.12615,0.051091,0.050256,0.001646,0.010127
0.061504,0.15839,0.34445,0.24626,0.13317,0.034859,1.2798e-015,0.021358,0.23134,0.26112,0.29616,0.11231,0.05047,0.043347,0.00089859,0.0043504
0.066999,0.15709,0.30141,0.29068,0.10562,0.05442,3.2689e-006,0.023773,0.26354,0.22309,0.29759,0.11611,0.059663,0.030227,0.0073262,0.0024493
0.07307,0.14173,0.34244,0.25103,0.13844,0.041661,0.00059512,0.011036,0.22652,0.26224,0.27187,0.15247,0.057139,0.02265,0.0054564,0.0016575
0.087891,0.15485,0.30588,0.23118,0.15773,0.037253,0.0070799,0.018145,0.24372,0.27831,0.29246,0.1161,0.044844,0.01866,0.00047156,0.0054348
0.060892,0.14735,0.25051,0.31842,0.14051,0.052301,0.0052335,0.024774,0.25997,0.23314,0.28055,0.11749,0.058916,0.033499,0.0029183,0.013518
0.064279,0.14602,0.30731,0.32633,0.086494,0.048131,0.0014264,0.020017,0.1882,0.25973,0.28862,0.10032,0.10508,0.048318,0.0008049,0.008929
0.080329,0.14458,0.27953,0.32818,0.10542,0.044948,0.0014633,0.01555,0.18111,0.27922,0.28385,0.11365,0.066687,0.061667,0.0018186,0.011995
0.1011,0.16359,0.29463,0.26916,0.11185,0.04312,0.0034888,0.013068,0.20108,0.33191,0.24768,0.083896,0.090168,0.03399,0.0036122,0.007665
0.10812,0.13695,0.28654,0.32451,0.11048,0.025453,0.0015616,0.0063838,0.21557,0.34253,0.21592,0.1149,0.049368,0.051843,0.0055133,0.0043611
0.062081,0.14431,0.32908,0.30902,0.099173,0.04271,0.0024959,0.011137,0.239,0.27133,0.23258,0.10278,0.10407,0.025744,0.004826,0.019668
0.061275,0.14292,0.30599,0.30482,0.12058,0.037407,0.0086682,0.018336,0.21116,0.28376,0.19325,0.10358,0.11004,0.056152,0.014397,0.02766
0.049376,0.17322,0.29991,0.3232,0.10854,0.023103,0.00121,0.021441,0.192,0.31984,0.26135,0.12834,0.055371,0.024296,0.0039904,0.014808
0.09221,0.13388,0.30667,0.35504,0.061444,0.032723,0.0010596,0.016972,0.14973,0.29917,0.32309,0.098979,0.080683,0.022773,0.010455,0.015123
0.079957,0.16936,0.31548,0.32332,0.06813,0.020832,0.0015143,0.021406,0.17726,0.27754,0.29276,0.1652,0.054292,0.024079,0.0067733,0.0020828
0.048244,0.13489,0.26957,0.37747,0.13269,0.028342,0.0012767,0.0075233,0.23681,0.2588,0.28354,0.11452,0.069778,0.025659,0.0023976,0.0084957
0.078709,0.16352,0.28465,0.32252,0.098115,0.026947,0.0048478,0.020695,0.22254,0.26378,0.26166,0.18378,0.04118,0.012968,0.00037666,0.013711
0.071465,0.17043,0.31715,0.25459,0.11501,0.048575,0.0047445,0.018037,0.28249,0.2507,0.20854,0.17005,0.056238,0.020728,0.00084382,0.0104
0.081482,0.13329,0.28299,0.31323,0.11498,0.056023,0.003304,0.014702,0.21608,0.23602,0.19893,0.16415,0.11478,0.029276,0.011543,0.02922
0.099159,0.17051,0.31291,0.2393,0.10629,0.053259,0.008878,0.0096909,0.19507,0.26192,0.26147,0.13,0.094562,0.037684,0.0071755,0.012124
0.079062,0.18754,0.30086,0.22495,0.14145,0.049125,0.0075035,0.009507,0.27299,0.26559,0.22465,0.1208,0.06264,0.027603,0.0089205,0.016807
0.057866,0.16279,0.27338,0.30142,0.13424,0.049449,0.00046207,0.020394,0.28749,0.26625,0.19762,0.11044,0.084282,0.030459,0.009989,0.013464
0.094226,0.12756,0.32182,0.27952,0.10485,0.053714,0.0013259,0.016992,0.24151,0.29523,0.22643,0.12296,0.057856,0.025083,0.0066127,0.024318
0.064734,0.16632,0.32796,0.27165,0.099905,0.043071,0.0010937,0.025265,0.21615,0.24807,0.30801,0.083608,0.075583,0.027181,0.011802,0.029602
0.05279,0.16001,0.32242,0.27986,0.10907,0.049445,0.00357,0.022845,0.22529,0.22164,0.28636,0.13925,0.090056,0.02665,0.00121,0.0095404
0.079136,0.16442,0.30648,0.25114,0.11168,0.070685,0.0017899,0.014664,0.19985,0.23408,0.30951,0.12213,0.092176,0.027865,0.0041065,0.010278
0.095537,0.1776,0.28432,0.25547,0.10054,0.056487,0.0023572,0.027692,0.23432,0.25526,0.29322,0.10086,0.069231,0.024636,0.0067686,0.015705
0.080184,0.15484,0.3079,0.27742,0.091159,0.064183,0.00084506,0.023477,0.24817,0.23308,0.29298,0.08454,0.073552,0.033918,0.014976,0.018781
0.099763,0.15825,0.26074,0.2781,0.11013,0.084309,0.00091402,0.0077939,0.19711,0.24802,0.27048,0.1202,0.099099,0.027577,0.014004,0.023513
0.085082,0.16664,0.28267,0.24512,0.10693,0.099642,0.0054176,0.0085022,0.19477,0.27609,0.30974,0.089858,0.08377,0.019595,0.0064998,0.019688
0.083707,0.1631,0.30613,0.20482,0.12954,0.088793,0.0043165,0.019595,0.264,0.21108,0.27546,0.12737,0.05953,0.047407,0.0017425,0.013414
0.074158,0.15241,0.2474,0.30481,0.13041,0.076375,0.0012731,0.013152,0.26581,0.22474,0.26671,0.13306,0.046063,0.051202,0.0095053,0.0029133
0.03785,0.16542,0.29062,0.28026,0.12322,0.08063,0.0063413,0.015651,0.2798,0.26511,0.24081,0.11779,0.050457,0.034171,0.0078408,0.0040261
0.066214,0.20107,0.24711,0.27871,0.11214,0.070421,0.0011946,0.023145,0.2049,0.31575,0.2508,0.13924,0.047533,0.035953,0.0028093,0.0030182
0.066915,0.16724,0.2623,0.30953,0.11426,0.059929,3.6912e-005,0.019786,0.19888,0.37936,0.19864,0.13142,0.05354,0.029035,0.0013198,0.0078096
0.063066,0.16804,0.27191,0.24257,0.15026,0.092734,0.0015106,0.00991,0.26078,0.31932,0.1912,0.10715,0.068438,0.038922,0.0023371,0.011856
0.054097,0.18899,0.2473,0.28559,0.14736,0.046458,0.003763,0.026443,0.21533,0.32167,0.21616,0.11568,0.091527,0.031221,0.00063589,0.0077712
0.049178,0.17213,0.31822,0.26439,0.13648,0.036394,0.0041865,0.019031,0.21722,0.28829,0.25876,0.11846,0.052948,0.045693,0.0087604,0.0098712
0.072972,0.15936,0.27009,0.28579,0.13541,0.044452,0.0099403,0.021983,0.16777,0.30609,0.27063,0.11335,0.093955,0.044419,0.0018945,0.0018833
0.074091,0.19953,0.26085,0.26497,0.11858,0.056471,0.0056781,0.019842,0.24499,0.23274,0.26045,0.14173,0.072403,0.037648,0.0039518,0.0060795
0.043571,0.16896,0.27786,0.28833,0.14633,0.051129,0.0056582,0.018156,0.23809,0.25959,0.26595,0.13286,0.056661,0.028623,0.001698,0.01653
0.093209,0.13842,0.3143,0.2727,0.10807,0.052107,0.0071494,0.014049,0.28043,0.20214,0.26287,0.14552,0.074703,0.02425,0.001848,0.0082379
0.061685,0.14802,0.30353,0.30517,0.092447,0.064561,0.010451,0.014132,0.26921,0.20588,0.21135,0.19079,0.048618,0.023812,0.0073877,0.042967
0.074145,0.17789,0.33653,0.22244,0.12406,0.045895,0.0048744,0.014172,0.21197,0.17264,0.35049,0.14702,0.083638,0.016623,0.0017864,0.01583
0.078865,0.17806,0.27724,0.30937,0.098665,0.036067,0.002266,0.019468,0.24932,0.16835,0.29968,0.19415,0.069855,0.013139,0.00047552,0.0050209
0.054243,0.16851,0.30584,0.29697,0.12073,0.033974,0.0032399,0.016495,0.25112,0.22152,0.2959,0.12832,0.067334,0.026798,0.00073931,0.0082851
0.072316,0.18473,0.26286,0.29269,0.11811,0.056773,0.00041365,0.012115,0.23049,0.24295,0.26266,0.1374,0.058211,0.042212,1.0826e-005,0.026062
0.079,0.18639,0.25616,0.27247,0.11904,0.077338,0.00018684,0.0094155,0.20695,0.26824,0.24966,0.15581,0.069109,0.043235,1.3164e-005,0.006982
0.083197,0.17572,0.27905,0.26967,0.12608,0.05549,0.00048036,0.010308,0.19181,0.28172,0.28042,0.17234,0.050478,0.022923,1.1413e-006,0.00031204
0.059162,0.17511,0.26405,0.32459,0.084729,0.058035,0.014076,0.02025,0.22298,0.27384,0.25586,0.14296,0.069345,0.023775,0.00010092,0.011131
0.090662,0.11085,0.30144,0.326,0.080138,0.075107,0.0011982,0.014608,0.22975,0.27774,0.24428,0.15488,0.07889,0.011019,0.00028923,0.0031578
0.056843,0.15229,0.30581,0.29668,0.0893,0.082902,0.0048195,0.011365,0.24392,0.27526,0.22055,0.17591,0.053896,0.021464,5.8365e-006,0.009001
0.063311,0.16392,0.30593,0.2995,0.11192,0.045512,0.00046251,0.0094427,0.18774,0.31685,0.2421,0.14004,0.079474,0.019773,8.9809e-005,0.013934
0.064266,0.19184,0.25278,0.25289,0.14276,0.072332,0.00045579,0.022681,0.24657,0.28996,0.24066,0.12592,0.062503,0.025117,0.00089684,0.0083772
0.055702,0.1532,0.31944,0.30644,0.10662,0.037488,0.00082359,0.020289,0.22124,0.36378,0.20504,0.13622,0.04066,0.030908,0.00031635,0.0018277
0.065547,0.15501,0.27119,0.33226,0.12323,0.037823,0.00081061,0.014138,0.20679,0.28096,0.29378,0.11855,0.059118,0.017568,0.0016727,0.021558
0.061011,0.20138,0.30638,0.27323,0.086662,0.051138,0.00034509,0.019856,0.22019,0.34198,0.24725,0.089309,0.076451,0.017532,0.002605,0.0046787
0.048126,0.22008,0.31727,0.26096,0.10074,0.039576,0.00045702,0.012799,0.19622,0.31758,0.2317,0.11742,0.088107,0.044036,0.00034181,0.0045909
0.046275,0.16583,0.36516,0.26689,0.095172,0.033408,0.0040812,0.023178,0.22397,0.32684,0.24562,0.085615,0.04783,0.046382,3.189e-005,0.0237
0.059993,0.17614,0.30327,0.31243,0.072386,0.055283,0.004866,0.015635,0.18544,0.33995,0.28508,0.086031,0.046612,0.028569,0.0011384,0.027183
0.089228,0.14474,0.2659,0.30969,0.11608,0.053543,3.1385e-005,0.020786,0.267,0.34611,0.20694,0.091569,0.069812,0.010539,0.0012337,0.0067981
0.094064,0.11752,0.31556,0.2902,0.10632,0.03771,0.00015073,0.038476,0.22239,0.30494,0.20186,0.15633,0.10112,0.0054705,0.0010048,0.0068786
0.065988,0.15472,0.30471,0.30044,0.1023,0.049635,0.0069273,0.015293,0.29025,0.27931,0.18064,0.12174,0.10159,0.010865,4.7665e-007,0.015607
0.072742,0.1345,0.36602,0.2636,0.076364,0.05629,0.0027067,0.027769,0.22692,0.33193,0.17671,0.14662,0.087649,0.019938,5.8851e-005,0.01018
0.045435,0.11404,0.36444,0.29272,0.10176,0.055808,0.0040539,0.021746,0.25624,0.2737,0.21382,0.18787,0.050447,0.01619,0.00020246,0.0015334
0.08763,0.17381,0.2749,0.27632,0.12591,0.035528,0.00032883,0.025574,0.25287,0.27386,0.18922,0.18813,0.076093,0.014755,0.00033119,0.0047397
0.080671,0.11194,0.34591,0.29755,0.11879,0.031316,0.0020642,0.011762,0.21455,0.31654,0.2084,0.1683,0.066511,0.022426,0.0010512,0.0022134
0.10905,0.16075,0.3396,0.24677,0.10685,0.023571,0.00053249,0.012892,0.26069,0.27492,0.13753,0.18184,0.055366,0.074975,0.0025666,0.012111
0.08323,0.16308,0.35093,0.24428,0.11429,0.026099,0.001749,0.01634,0.2816,0.2995,0.17271,0.10638,0.076957,0.053259,0.00069913,0.0088997
0.080069,0.14314,0.34539,0.27866,0.119,0.027618,0.0028208,0.0033054,0.22998,0.30641,0.22339,0.11079,0.074976,0.034657,0.00033674,0.019459
0.083283,0.14718,0.30822,0.32445,0.093284,0.0305,0.0015739,0.011511,0.24734,0.30948,0.22074,0.12466,0.0629,0.030566,0.0003841,0.0039376
0.094006,0.14827,0.31552,0.30711,0.081857,0.03876,0.00027277,0.014193,0.21318,0.33155,0.25212,0.096063,0.063392,0.033961,0.0014504,0.0082784
0.093786,0.14298,0.33515,0.30082,0.080679,0.028277,0.0013651,0.016944,0.2096,0.32338,0.25016,0.10431,0.064996,0.028973,0.000814,0.017766
0.07234,0.19669,0.32628,0.27156,0.079744,0.034602,0.0052051,0.01358,0.21731,0.29784,0.24899,0.12475,0.092564,0.018033,0.00027799,0.00023732
0.098493,0.18184,0.29989,0.26452,0.096602,0.031244,0.0024573,0.024949,0.21244,0.29038,0.2364,0.14611,0.076071,0.030457,0.0021442,0.0059924
0.084779,0.14392,0.33207,0.25444,0.11282,0.047866,0.005037,0.019072,0.22118,0.3163,0.25382,0.11416,0.060149,0.028208,0.00039029,0.0057852
0.059204,0.19321,0.31291,0.2272,0.12786,0.05504,0.004846,0.019731,0.2267,0.2622,0.26706,0.12985,0.083451,0.026141,0.003561,0.0010337
0.074137,0.13417,0.27964,0.30858,0.15222,0.035277,0.0020709,0.013899,0.20333,0.27173,0.26937,0.1434,0.08492,0.015782,0.00096809,0.010497
0.099079,0.12626,0.26614,0.32726,0.12341,0.041249,0.0011791,0.015424,0.21263,0.33447,0.23274,0.12018,0.066431,0.010179,0.0092337,0.014137
0.089295,0.14798,0.32671,0.24537,0.10562,0.065607,0.011885,0.0075228,0.23492,0.33271,0.22214,0.14911,0.05057,0.0040645,0.0020499,0.0044418
0.083134,0.1303,0.35962,0.26638,0.096047,0.056291,0.00091552,0.0073218,0.21513,0.27091,0.29529,0.11138,0.054313,0.036569,0.0049183,0.011483
0.088083,0.12498,0.31665,0.33171,0.085032,0.036901,0.0024859,0.014153,0.22206,0.26434,0.261,0.14631,0.049361,0.026894,0.010795,0.019237
0.091921,0.16763,0.2997,0.29667,0.090477,0.039671,0.0030686,0.010859,0.24494,0.21804,0.31644,0.1091,0.077934,0.020129,0.0089822,0.0044257
0.067003,0.15102,0.33643,0.31438,0.067675,0.051022,0.0037293,0.0087502,0.19841,0.23287,0.3388,0.090391,0.099359,0.014257,0.0038695,0.022048
0.10625,0.18431,0.31659,0.24574,0.088704,0.040334,0.0063153,0.011758,0.30356,0.22339,0.22085,0.15825,0.070467,0.016315,0.0014722,0.0056995
0.083599,0.15484,0.34401,0.28816,0.090446,0.022435,0.00096466,0.015551,0.27178,0.26399,0.25979,0.088496,0.083473,0.024843,0.0030834,0.0045406
0.11509,0.12383,0.32357,0.30204,0.090841,0.034238,0.0021471,0.0082404,0.23114,0.2914,0.23793,0.107,0.080236,0.043997,0.003464,0.0048327
0.086669,0.11911,0.32302,0.33995,0.064268,0.055041,0.00035655,0.011586,0.24277,0.27401,0.28407,0.079149,0.070962,0.040052,0.0011288,0.0078614
0.068803,0.15369,0.3098,0.34188,0.068891,0.041766,1.0273e-006,0.015171,0.19555,0.34783,0.27212,0.089308,0.060893,0.029216,0.00020483,0.0048783
0.088354,0.14964,0.30348,0.29056,0.081634,0.064459,0.0020851,0.019797,0.20257,0.3037,0.27199,0.11583,0.064583,0.033269,0.0071896,0.00086633
0.086737,0.14468,0.27419,0.3031,0.10697,0.063818,0.0044969,0.016001,0.18151,0.28203,0.29097,0.12204,0.10299,0.015248,0.0013197,0.0038975
0.086218,0.14824,0.31258,0.2534,0.097347,0.090394,0.00012916,0.011696,0.21888,0.31231,0.23305,0.13287,0.075067,0.018299,0.001921,0.0075938
0.084728,0.15947,0.28458,0.2291,0.13198,0.076085,0.00015371,0.033897,0.20301,0.38114,0.20102,0.12577,0.068208,0.010535,0.00021386,0.010104
0.074479,0.14183,0.29675,0.24232,0.1462,0.061317,0.0037462,0.033359,0.21497,0.31661,0.26184,0.13691,0.044393,0.016092,0.0007986,0.0083873
0.07644,0.13332,0.35215,0.27842,0.078911,0.058507,0.0038271,0.018423,0.23594,0.31571,0.26941,0.082189,0.083751,0.0064586,0.00087027,0.0056766
0.059756,0.14499,0.36723,0.2906,0.083817,0.036718,0.0037862,0.013106,0.26368,0.29912,0.24429,0.10041,0.069455,0.015103,0.002865,0.0050768
0.060057,0.11189,0.37774,0.29068,0.1001,0.041901,0.00029736,0.017329,0.26435,0.27756,0.22685,0.10471,0.078417,0.038455,0.0017026,0.0079534
0.05724,0.13417,0.36969,0.27011,0.092078,0.044015,0.0001335,0.032569,0.28427,0.30727,0.15699,0.12881,0.096915,0.017394,0.0014215,0.0069309
0.075133,0.12049,0.35099,0.29775,0.10985,0.032829,0.0010299,0.011932,0.22021,0.25943,0.25413,0.17496,0.057926,0.030457,0.00010817,0.0027717
0.087802,0.15262,0.30724,0.28458,0.10645,0.038203,0.0011119,0.021996,0.23245,0.27746,0.2374,0.15043,0.052614,0.034552,0.00017778,0.01491
0.094733,0.11384,0.30776,0.25044,0.15303,0.057888,0.0024082,0.019908,0.26186,0.27472,0.22981,0.15455,0.061255,0.0062115,3.49e-007,0.011599
0.084304,0.10927,0.33542,0.32133,0.092329,0.046598,0.00021504,0.010536,0.23469,0.27531,0.25172,0.16849,0.055793,0.0071094,0.00076264,0.0061315
0.096291,0.109,0.37846,0.26258,0.095147,0.040186,2.2092e-005,0.018322,0.1925,0.33735,0.2319,0.1618,0.052325,0.017865,0.00045546,0.0058064
0.084537,0.10388,0.35064,0.28661,0.088657,0.062967,4.597e-005,0.022665,0.23267,0.32288,0.2305,0.1242,0.048744,0.032146,0.00051132,0.0083441
0.087858,0.13322,0.34592,0.28312,0.096927,0.038567,0.00027684,0.014107,0.2465,0.23266,0.19647,0.17524,0.068578,0.069319,0.0040301,0.0072039
0.07707,0.13096,0.2879,0.34889,0.075883,0.06101,0.0043926,0.013886,0.23794,0.28568,0.25669,0.13617,0.05883,0.017671,0.00012752,0.0069018
0.080444,0.17679,0.28481,0.30526,0.075176,0.066223,0.0015871,0.0097082,0.25308,0.24765,0.29346,0.071999,0.092372,0.031287,5.0908e-010,0.010145
0.055875,0.15866,0.29138,0.32114,0.10296,0.054542,0.0033861,0.012063,0.25261,0.26347,0.24791,0.10661,0.087705,0.03872,1.0872e-005,0.0029703
0.075713,0.14549,0.25545,0.30938,0.14367,0.047691,0.0057556,0.016848,0.28432,0.26646,0.21863,0.12493,0.057586,0.035427,3.8207e-007,0.012653
0.074939,0.15264,0.30121,0.30849,0.11818,0.028438,0.0048748,0.011228,0.23425,0.2725,0.22812,0.1214,0.098857,0.023629,4.9013e-005,0.021198
0.078384,0.17576,0.27486,0.29871,0.11216,0.038097,0.0039075,0.01813,0.24016,0.28287,0.23788,0.10939,0.10153,0.01382,0.0067856,0.0075745
0.068454,0.16443,0.26861,0.27596,0.11612,0.088423,0.00025325,0.017756,0.22161,0.25902,0.27879,0.13976,0.071905,0.021071,0.0010455,0.0068012
0.058268,0.13262,0.32415,0.34628,0.07411,0.05113,4.5801e-006,0.01344,0.18743,0.28866,0.25025,0.17439,0.078879,0.011766,0.0019465,0.0066734
0.082515,0.1264,0.31184,0.30081,0.074649,0.089842,8.4878e-005,0.013866,0.2262,0.28628,0.26081,0.13826,0.048953,0.036052,0.00014233,0.0033013
0.077878,0.13729,0.33561,0.30341,0.086533,0.046855,7.1917e-005,0.012352,0.28596,0.23196,0.22174,0.13804,0.069789,0.042003,0.0030363,0.0074686
0.10642,0.136,0.30513,0.3046,0.082521,0.050284,2.5198e-005,0.015026,0.22812,0.34572,0.20771,0.09809,0.076538,0.040524,9.3402e-006,0.0032889
0.078852,0.14157,0.31075,0.29539,0.11157,0.049329,6.0548e-008,0.012536,0.28655,0.279,0.17414,0.11188,0.075229,0.059146,0.0022157,0.011832
0.09794,0.15857,0.28448,0.23992,0.11378,0.078566,2.6478e-006,0.026742,0.21238,0.29591,0.19477,0.15982,0.096222,0.024943,0.00070904,0.015241
0.077367,0.1457,0.31639,0.25839,0.10719,0.062966,0.0049501,0.027047,0.23633,0.26972,0.24289,0.17308,0.054514,0.020633,0.0005727,0.0022527
0.082862,0.13446,0.2953,0.30912,0.10985,0.047733,0.0050677,0.015603,0.28079,0.26233,0.19026,0.17577,0.067805,0.014513,0.0023693,0.0061538
0.053571,0.15358,0.28627,0.34369,0.0922,0.058386,0.002428,0.0098775,0.25211,0.26374,0.23009,0.17124,0.052548,0.024265,0.0040188,0.0019868
0.087282,0.15346,0.31095,0.28852,0.10057,0.049134,0.0067364,0.0033388,0.26682,0.26595,0.23532,0.1218,0.069812,0.028603,0.00012425,0.01156
0.093527,0.12272,0.30004,0.27772,0.12016,0.046643,0.00024773,0.038933,0.25157,0.29258,0.23657,0.13298,0.056725,0.01431,0.0016929,0.013566
0.09418,0.14995,0.31225,0.25008,0.16079,0.027263,2.6311e-005,0.0054594,0.22098,0.27654,0.26413,0.10853,0.085615,0.026055,0.001871,0.016277
0.096144,0.14079,0.27478,0.30886,0.12381,0.04327,0.00042647,0.011928,0.21189,0.28639,0.23496,0.14262,0.076357,0.027127,0.014755,0.0059031
0.092222,0.11918,0.2966,0.28202,0.13881,0.03994,0.0034635,0.027769,0.21305,0.25915,0.29281,0.12546,0.076568,0.019183,0.0055957,0.0081945
0.076759,0.13091,0.28697,0.30404,0.13999,0.035085,0.00081674,0.025428,0.19095,0.27998,0.27952,0.13508,0.082278,0.020352,0.0044985,0.0073416
0.073966,0.15681,0.29875,0.27426,0.127,0.057376,6.494e-005,0.011758,0.18234,0.32007,0.2573,0.12348,0.078773,0.025126,0.009957,0.0029573
0.086769,0.18675,0.29213,0.23925,0.13076,0.053355,0.0038814,0.0071009,0.22444,0.2871,0.26861,0.10098,0.088369,0.020433,0.004433,0.0056388
0.081141,0.19949,0.30543,0.24085,0.085912,0.068033,0.0038424,0.0153,0.18377,0.36567,0.25773,0.089597,0.076065,0.022602,0.0015352,0.0030282
0.073364,0.20869,0.27929,0.26461,0.10244,0.054201,0.0010082,0.016392,0.19148,0.39224,0.23906,0.076325,0.048765,0.050428,0.00020267,0.0015012
0.071231,0.17265,0.28238,0.29716,0.090507,0.063319,0.00012666,0.02263,0.22558,0.31711,0.29478,0.049901,0.036931,0.070333,0.00074463,0.0046247
0.041642,0.17251,0.31754,0.26988,0.13247,0.053986,8.2811e-006,0.011961,0.19987,0.2474,0.36095,0.076607,0.073097,0.032231,0.0026829,0.0071564
0.061059,0.16491,0.295,0.31435,0.10295,0.053062,0.00015016,0.0085235,0.18106,0.31558,0.26022,0.13233,0.072784,0.028804,7.8632e-008,0.0092248
0.081265,0.20186,0.26032,0.27538,0.10275,0.055519,3.1017e-005,0.022886,0.22723,0.29479,0.21507,0.14638,0.079883,0.026811,0.0058892,0.0039507
0.073818,0.21797,0.26218,0.30975,0.074825,0.042334,2.5932e-007,0.019132,0.17957,0.29558,0.30226,0.085031,0.085306,0.051128,0.00029002,0.00083746
0.066286,0.12572,0.30777,0.30944,0.11842,0.056226,6.7231e-005,0.016068,0.17798,0.35792,0.27013,0.098459,0.061396,0.025486,0.0023415,0.0062829
0.062199,0.17768,0.31524,0.29528,0.071292,0.050557,0.0001539,0.027599,0.2093,0.42994,0.20672,0.061312,0.082092,0.0073992,0.00041747,0.002812
0.054948,0.16382,0.33558,0.26421,0.10128,0.049948,0.00099719,0.029209,0.17075,0.41275,0.22683,0.10013,0.061906,0.020472,0.0026383,0.0045218
0.051479,0.14301,0.30732,0.28522,0.13472,0.059177,0.0016254,0.017445,0.2084,0.38595,0.22768,0.067735,0.076238,0.02549,0.00099431,0.0075179
0.079394,0.17323,0.30856,0.24371,0.11445,0.060025,0.0026876,0.017938,0.18728,0.36212,0.23694,0.10187,0.060952,0.045857,0.00050796,0.0044847
0.047333,0.14091,0.33406,0.26252,0.15417,0.046384,2.6201e-005,0.014591,0.23164,0.36438,0.21604,0.1118,0.048209,0.015878,0.00022097,0.011829
0.076236,0.14599,0.30455,0.25831,0.12965,0.075596,0.0017948,0.0078735,0.20414,0.28938,0.29354,0.11541,0.062427,0.023873,0.00095423,0.01027
0.042407,0.16044,0.32481,0.30124,0.10146,0.046995,0.0053961,0.017242,0.19952,0.3198,0.24986,0.1286,0.068173,0.029966,0.00019793,0.0038745
0.08128,0.14014,0.31269,0.28926,0.096952,0.056716,0.0024068,0.020553,0.16562,0.33428,0.28692,0.11074,0.059652,0.033814,3.316e-009,0.0089704
0.081101,0.15193,0.2418,0.29944,0.13536,0.069713,0.0010545,0.019602,0.17273,0.33831,0.26213,0.12209,0.042697,0.048325,0.00059241,0.01313
0.060579,0.14738,0.28662,0.33719,0.10307,0.050295,0.00028875,0.014581,0.17179,0.36942,0.24268,0.09887,0.076486,0.035303,0.00081513,0.0046329
0.05701,0.12407,0.36675,0.27871,0.11131,0.050507,4.7601e-005,0.011604,0.14942,0.36021,0.27248,0.12554,0.047752,0.031343,0.0032718,0.0099704
0.072801,0.17679,0.29369,0.31197,0.082742,0.042353,1.7676e-005,0.01964,0.19372,0.32989,0.2506,0.10804,0.065419,0.045312,0.00021992,0.0067904
0.07195,0.14213,0.35947,0.28758,0.075973,0.02786,0.0024266,0.032614,0.23451,0.29883,0.24087,0.12002,0.082742,0.020882,0.00075783,0.0013943
0.056753,0.12969,0.35257,0.2796,0.11373,0.053135,6.5441e-005,0.014453,0.20777,0.29189,0.23303,0.16454,0.077855,0.019769,0.00021206,0.0049388
0.076711,0.13455,0.31723,0.31491,0.11684,0.027057,3.1759e-005,0.01268,0.23673,0.31393,0.21946,0.13296,0.079634,0.014956,1.0161e-007,0.0023366
0.062359,0.12829,0.38425,0.27199,0.10104,0.035318,0.001912,0.01484,0.17694,0.25113,0.35576,0.14253,0.066876,0.006402,0.00015115,0.00021454
0.07289,0.096098,0.38274,0.29132,0.10318,0.034021,1.9196e-005,0.019728,0.20302,0.28726,0.28405,0.12172,0.083772,0.014808,0.00011413,0.0052542
0.060509,0.14056,0.34426,0.27269,0.11587,0.051385,0.0014565,0.013265,0.19094,0.31403,0.28772,0.095908,0.090612,0.015586,2.3665e-005,0.0051774
0.083268,0.16019,0.29644,0.2869,0.12412,0.032122,0.00056824,0.0164,0.20732,0.34086,0.24475,0.12313,0.075465,0.0075654,0.00061374,0.00030072
0.065204,0.16157,0.33169,0.27779,0.12477,0.027793,0.0015241,0.0096642,0.2083,0.29156,0.23597,0.14868,0.069112,0.041942,8.9865e-005,0.0043401
0.10576,0.11055,0.29113,0.31548,0.12571,0.035139,0.0033987,0.01283,0.19839,0.28971,0.28567,0.11342,0.074118,0.034131,0.00015703,0.004414
0.08502,0.15932,0.27873,0.25853,0.14256,0.034262,0.0046555,0.036928,0.22039,0.27334,0.30688,0.077285,0.097192,0.017696,0.00056205,0.006655
0.076633,0.16003,0.30081,0.23394,0.16682,0.041397,0.0066495,0.013721,0.18854,0.32596,0.2675,0.11025,0.073117,0.025306,0.0030796,0.0062549
0.063052,0.17163,0.29298,0.25261,0.13304,0.048478,0.0034174,0.034791,0.19918,0.28465,0.30782,0.10788,0.058182,0.029304,7.6174e-007,0.012973
0.076697,0.16243,0.27029,0.26915,0.11975,0.072326,0.015962,0.013395,0.14238,0.37317,0.2873,0.11043,0.062738,0.018307,0.00026777,0.0054056
0.063129,0.19821,0.28106,0.29104,0.11304,0.038009,0.0054545,0.010057,0.1851,0.33844,0.22289,0.13592,0.098587,0.0097641,0.0026966,0.0066059
0.081251,0.15022,0.29403,0.29177,0.13439,0.032796,0.00029927,0.015252,0.16852,0.35423,0.23182,0.13787,0.079162,0.019557,1.981e-005,0.0088273
0.081312,0.16783,0.27959,0.2754,0.10467,0.066673,0.00081282,0.023712,0.19812,0.31496,0.26275,0.11372,0.076299,0.025327,0.00016587,0.0086641
0.09216,0.17875,0.27769,0.24742,0.12964,0.045217,0.0065767,0.022541,0.1805,0.33366,0.23521,0.12953,0.086911,0.026632,0.0044279,0.0031241
0.061553,0.17051,0.29809,0.28095,0.10038,0.061116,0.011601,0.015808,0.18996,0.29028,0.29485,0.11957,0.078808,0.01995,0.0047664,0.0018173
0.068246,0.13011,0.36603,0.26092,0.10116,0.044308,0.0064214,0.022801,0.2231,0.30127,0.23121,0.11295,0.089607,0.030772,0.00082308,0.010265
0.062314,0.15583,0.35899,0.22354,0.1331,0.036761,0.0077692,0.0217,0.19263,0.32948,0.25532,0.10749,0.082537,0.020928,0.0012355,0.010379
0.085384,0.12886,0.30247,0.28615,0.11694,0.050419,0.0058669,0.023915,0.23665,0.27707,0.22644,0.11041,0.075543,0.063705,0.0018258,0.0083625
0.05886,0.1314,0.30225,0.31102,0.11412,0.048511,0.014046,0.019792,0.21297,0.24789,0.25184,0.17461,0.062232,0.042702,0.0032461,0.0045101
0.077195,0.17875,0.33619,0.26107,0.078742,0.046689,0.004904,0.016467,0.20831,0.30128,0.23979,0.15673,0.057819,0.028501,0.0026305,0.0049469
0.084385,0.19239,0.29399,0.25007,0.091149,0.042912,0.0081476,0.036956,0.2057,0.29261,0.24641,0.12425,0.067867,0.049795,0.0055419,0.0078347
0.055965,0.16669,0.3494,0.26237,0.096849,0.057998,0.0035614,0.0071672,0.21368,0.33198,0.21964,0.13076,0.056463,0.041592,0.0021835,0.0036948
0.076233,0.13082,0.37207,0.25801,0.10122,0.049549,0.0010439,0.01106,0.16437,0.33285,0.22734,0.16047,0.085218,0.019286,0.0026525,0.0078152
0.11092,0.1422,0.34897,0.24283,0.099577,0.041177,0.0046021,0.0097237,0.18712,0.32235,0.2382,0.10437,0.091843,0.038441,0.0021864,0.015495
0.080987,0.14098,0.36892,0.23421,0.11742,0.031975,0.0077247,0.017795,0.23784,0.27721,0.21834,0.11232,0.09896,0.030675,0.014068,0.010583
0.086435,0.1627,0.27844,0.2845,0.13586,0.037446,0.0011654,0.013449,0.24235,0.31699,0.20288,0.10681,0.07776,0.033104,0.0078845,0.012229
0.059564,0.17043,0.27506,0.29366,0.12653,0.041898,0.0040601,0.028793,0.22497,0.28312,0.23307,0.11316,0.10818,0.015714,0.011786,0.010001
0.070188,0.17278,0.33277,0.26487,0.094891,0.037927,5.6507e-005,0.026516,0.21996,0.25078,0.29276,0.097501,0.092732,0.030661,0.01267,0.0029327
0.053244,0.20631,0.32116,0.26476,0.08682,0.048958,0.00022411,0.018529,0.24814,0.2709,0.28495,0.10613,0.051163,0.033363,0.0017521,0.0035935
0.069924,0.18717,0.33177,0.23912,0.095099,0.060924,0.00305,0.012936,0.21726,0.27604,0.30365,0.10912,0.052299,0.025846,0.012096,0.0036892
0.090546,0.15577,0.29209,0.30471,0.075027,0.050899,0.0035632,0.027399,0.17202,0.30754,0.30004,0.12348,0.066243,0.028012,1.2668e-005,0.0026478
0.069929,0.14587,0.3279,0.29816,0.083144,0.064635,0.00085881,0.0095098,0.19466,0.32745,0.25872,0.14045,0.04155,0.03502,4.9239e-005,0.0020965
0.070166,0.11416,0.33287,0.328,0.092926,0.051702,0.00032234,0.0098541,0.17278,0.36654,0.26291,0.092293,0.048674,0.049037,0.0073913,0.00037611
0.086105,0.10434,0.30222,0.34677,0.10561,0.044709,0.00015432,0.010093,0.21335,0.34983,0.24813,0.10333,0.056632,0.023629,0.0043967,0.00070795
0.064244,0.15666,0.33861,0.28744,0.086971,0.053421,0.00027845,0.012376,0.22913,0.32083,0.26632,0.091976,0.06539,0.024102,1.778e-005,0.0022355
0.057805,0.14333,0.34341,0.29259,0.11048,0.024711,2.0312e-006,0.027682,0.22088,0.29442,0.27673,0.093422,0.081253,0.029113,7.5759e-006,0.0041737
0.051461,0.13509,0.3106,0.34263,0.099106,0.043734,0.00046558,0.016914,0.19397,0.36108,0.21893,0.10686,0.083156,0.026576,3.1645e-005,0.0093879
0.04949,0.16878,0.34986,0.30083,0.064142,0.044059,0.00032058,0.022516,0.16444,0.30874,0.27937,0.12438,0.098339,0.020198,5.7301e-005,0.0044773
0.077552,0.15569,0.30187,0.28334,0.10632,0.043132,0.0026313,0.029461,0.18665,0.33406,0.24224,0.15275,0.048843,0.028343,0.00046576,0.0066496
0.09099,0.15742,0.2529,0.3077,0.11994,0.048743,0.0074543,0.014853,0.21071,0.36033,0.23753,0.099398,0.068467,0.01573,0.00081003,0.007033
0.097373,0.15301,0.30056,0.24848,0.1304,0.060089,0.0070673,0.0030283,0.25437,0.27409,0.24433,0.11723,0.075569,0.029171,0.004684,0.00056019
0.069467,0.14635,0.33431,0.21408,0.13419,0.089716,0.0011439,0.010751,0.17864,0.29293,0.26486,0.12216,0.076996,0.054019,0.0030892,0.007308
0.067199,0.13279,0.31872,0.25103,0.14571,0.073699,8.125e-005,0.010774,0.22649,0.30697,0.23585,0.11519,0.07734,0.030334,0.002525,0.0053055
0.042082,0.14001,0.35459,0.25258,0.12464,0.074009,0.0031473,0.0089513,0.1847,0.33885,0.26457,0.10013,0.063826,0.02614,0.0027823,0.018996
0.062857,0.14658,0.3465,0.24463,0.11379,0.074934,0.0015646,0.0091379,0.205,0.32578,0.24025,0.082446,0.07935,0.042318,0.0035259,0.021337
0.082078,0.17417,0.29063,0.2645,0.069946,0.09438,0.00039204,0.023908,0.26045,0.32414,0.20338,0.11737,0.056425,0.028805,0.0072979,0.0021265
0.061268,0.13683,0.29771,0.28494,0.094848,0.10533,0.00043618,0.018638,0.25745,0.29699,0.22568,0.13551,0.04671,0.022287,0.0049078,0.010467
0.070598,0.12267,0.30914,0.30921,0.095366,0.066324,0.0045318,0.022159,0.2363,0.30116,0.27263,0.11666,0.051954,0.016023,0.0028307,0.0024548
0.079246,0.13621,0.24931,0.33435,0.10534,0.076678,0.0038534,0.015014,0.24994,0.31119,0.27448,0.099303,0.044375,0.015214,0.0032792,0.0022141
0.072721,0.13247,0.30136,0.26966,0.14274,0.060303,0.0015041,0.019241,0.2175,0.27966,0.31203,0.10724,0.049409,0.025622,0.0011537,0.0073765
0.094331,0.16086,0.232,0.30858,0.13456,0.049374,0.0015553,0.018739,0.21325,0.30448,0.28073,0.12481,0.045906,0.029651,0.00070922,0.00047007
0.08031,0.13265,0.29651,0.29939,0.11468,0.049002,0.0016712,0.025781,0.22809,0.30967,0.27467,0.10095,0.054404,0.030891,0.00044124,0.00087198
0.086807,0.15425,0.25402,0.29347,0.13078,0.062047,0.00079684,0.017822,0.25542,0.27659,0.25638,0.12832,0.0481,0.032444,0.00051703,0.0022384
0.10336,0.15199,0.27993,0.25602,0.12267,0.059259,0.0012839,0.025499,0.19633,0.29905,0.27234,0.13468,0.076577,0.019758,0.00025203,0.0010207
0.067756,0.2009,0.31843,0.25818,0.086403,0.04011,0.0063867,0.021837,0.18968,0.32227,0.281,0.1065,0.061987,0.034296,0.0001938,0.004075
0.072229,0.14717,0.33253,0.24079,0.1145,0.062668,0.0061437,0.023965,0.16906,0.31002,0.28567,0.11662,0.079744,0.038703,4.2355e-005,0.0001439
0.099709,0.14489,0.28855,0.27048,0.084668,0.079162,0.016582,0.015967,0.20723,0.28685,0.29902,0.11877,0.055236,0.030057,0.00091256,0.0019201
0.10275,0.15062,0.30144,0.2668,0.075402,0.080102,0.0068108,0.016075,0.18227,0.35914,0.24886,0.13171,0.045967,0.023157,0.0049276,0.0039689
0.079608,0.15019,0.24863,0.27903,0.15041,0.06594,0.00133,0.024866,0.18013,0.32004,0.2898,0.11192,0.070667,0.024005,2.5716e-005,0.0034255
0.057203,0.16612,0.26212,0.29177,0.13964,0.066663,0.0014315,0.015054,0.23253,0.28965,0.26165,0.11464,0.042814,0.055082,0.00084079,0.0027942
0.05669,0.18539,0.24478,0.24438,0.13898,0.11028,7.4664e-005,0.019427,0.18841,0.27794,0.29754,0.15048,0.053915,0.027661,0.001301,0.0027408
0.075213,0.16546,0.27305,0.27287,0.13689,0.059459,0.00057332,0.016478,0.16318,0.25539,0.3177,0.15123,0.087128,0.021105,0.00072135,0.0035438
0.055471,0.15856,0.30387,0.28578,0.13131,0.043689,0.0027501,0.018564,0.18974,0.26587,0.3336,0.1099,0.058613,0.034681,0.0014124,0.0061883
0.054626,0.14816,0.3288,0.30547,0.095032,0.042397,0.0019821,0.023539,0.22208,0.25105,0.30367,0.12923,0.040624,0.04868,0.00023995,0.0044179
0.070067,0.14959,0.36415,0.24384,0.10402,0.045015,0.0020407,0.02128,0.22166,0.31093,0.31894,0.082761,0.033406,0.028221,0.00058208,0.0034956
0.060063,0.17431,0.33298,0.27769,0.091355,0.048238,0.0031605,0.012209,0.27497,0.24084,0.32007,0.075922,0.060524,0.021905,0.0013854,0.0043853
0.052917,0.14866,0.3298,0.27633,0.10485,0.071618,0.0013322,0.014489,0.2601,0.27493,0.2662,0.09526,0.051869,0.02502,0.00040604,0.026223
0.072123,0.14897,0.29069,0.2948,0.10162,0.073561,0.0026768,0.015559,0.19499,0.32624,0.21825,0.11234,0.070372,0.064084,2.3913e-006,0.013727
0.073797,0.16397,0.31145,0.2514,0.11585,0.067229,0.0029711,0.013334,0.24256,0.23817,0.29062,0.12032,0.057026,0.021891,0.00017624,0.029231
0.095429,0.12639,0.29105,0.25921,0.10992,0.096302,0.00041251,0.021284,0.22511,0.2793,0.25966,0.13371,0.05688,0.022115,1.6449e-005,0.0232
0.068485,0.13612,0.32805,0.2563,0.10754,0.084145,0.0040732,0.015296,0.23126,0.29994,0.25018,0.12039,0.04519,0.0331,0.0051523,0.014793
0.065296,0.11772,0.33533,0.25839,0.12594,0.078827,0.006557,0.01194,0.24752,0.29403,0.2274,0.14727,0.05947,0.012088,0.0024457,0.0097671
0.055132,0.12898,0.28844,0.32664,0.098032,0.074189,0.0027747,0.025814,0.26187,0.30874,0.21132,0.084305,0.089755,0.022617,0.00059771,0.020805
0.063526,0.1588,0.30237,0.26533,0.10708,0.071927,0.00051094,0.030451,0.16084,0.31767,0.32026,0.097748,0.08039,0.018274,0.0026365,0.0021783
0.080711,0.15775,0.30101,0.23749,0.13311,0.060544,0.00046887,0.028913,0.20308,0.31838,0.24748,0.14818,0.055285,0.012127,0.0049212,0.010545
0.044324,0.15831,0.30329,0.28473,0.12356,0.05537,0.00028714,0.030125,0.19362,0.32342,0.24971,0.14211,0.075999,0.012384,0.00024526,0.0025134
0.049862,0.17348,0.28691,0.31432,0.11096,0.047842,0.0017224,0.014907,0.12615,0.30151,0.25101,0.17795,0.12653,0.015909,1.8863e-005,0.00092247
0.086555,0.129,0.29206,0.32243,0.093671,0.055266,0.00018555,0.020832,0.20913,0.29136,0.23897,0.1507,0.072579,0.029997,0.0044384,0.0028298
0.090246,0.1278,0.3031,0.28377,0.11919,0.05285,0.0014533,0.021592,0.20443,0.29087,0.25092,0.16776,0.053567,0.023143,0.0021255,0.007186
0.078752,0.12629,0.30846,0.29136,0.11132,0.046482,0.0017241,0.035604,0.1984,0.35044,0.21592,0.13261,0.062076,0.019848,0.0060879,0.014627
0.080565,0.15233,0.27798,0.28438,0.13333,0.055855,0.00028164,0.015272,0.22714,0.34151,0.22349,0.12055,0.059871,0.018316,0.0014128,0.0077103
0.062565,0.17396,0.27164,0.29276,0.10681,0.08108,0.00052781,0.010661,0.18873,0.30233,0.3124,0.1012,0.063272,0.019183,0.0015392,0.01135
0.0746,0.14448,0.29724,0.2817,0.12632,0.0594,0.00050127,0.015753,0.20291,0.29723,0.26947,0.11143,0.074394,0.030026,0.0026503,0.011881
0.068992,0.13262,0.28931,0.30218,0.10928,0.083624,0.0029718,0.011025,0.19767,0.32298,0.29223,0.11,0.034805,0.033292,0.0008919,0.0081245
0.082144,0.17991,0.24186,0.32439,0.081962,0.07046,0.00046664,0.018817,0.21483,0.28003,0.23474,0.15567,0.066495,0.031055,0.0018185,0.015359
0.11479,0.16608,0.32997,0.22041,0.07772,0.070456,0.0029982,0.017573,0.20428,0.25609,0.26199,0.15621,0.069966,0.041867,0.0038517,0.0057366
0.0837,0.14667,0.32641,0.2269,0.09594,0.10833,0.0024285,0.0096186,0.23459,0.31357,0.23236,0.13274,0.06117,0.016095,0.0017771,0.0077136
0.083156,0.15719,0.3265,0.23917,0.09717,0.075062,0.0013923,0.020361,0.20511,0.28482,0.24737,0.1686,0.053605,0.032829,0.00039242,0.0072787
0.08551,0.12582,0.29941,0.31554,0.10368,0.059098,0.00067049,0.010264,0.21655,0.28752,0.25172,0.16693,0.055811,0.017117,0.00053016,0.0038224
0.08768,0.11218,0.30711,0.31334,0.092148,0.061478,0.00011824,0.025938,0.21435,0.2917,0.24811,0.1395,0.090073,0.011795,0.0018844,0.0025863
0.094472,0.11388,0.34697,0.2578,0.11977,0.051716,0.00035733,0.015043,0.18415,0.36042,0.24897,0.1372,0.048905,0.012584,0.0026333,0.0051479
0.085559,0.17629,0.30019,0.24797,0.12132,0.046671,0.00020218,0.021796,0.19277,0.2828,0.2729,0.14109,0.08497,0.022946,0.00028873,0.0022351
0.050127,0.20174,0.30679,0.22935,0.11835,0.064951,0.0037752,0.024915,0.18774,0.28576,0.29911,0.12758,0.068956,0.022305,0.0036702,0.0048672
0.066561,0.17369,0.30623,0.25887,0.082998,0.08234,0.00057274,0.028738,0.16441,0.29768,0.31466,0.12444,0.053049,0.037712,0.00083403,0.0072141
0.073165,0.14156,0.28641,0.29809,0.096935,0.066745,0.0022614,0.034834,0.1774,0.2891,0.25084,0.15433,0.068299,0.051981,0.0021253,0.0059239
0.075487,0.14632,0.26759,0.31864,0.1019,0.063825,0.0046598,0.021579,0.21051,0.30823,0.21287,0.12866,0.097358,0.034533,0.00088499,0.0069439
0.065497,0.16588,0.29055,0.31802,0.097131,0.045312,0.0040079,0.013603,0.24073,0.31884,0.24435,0.10186,0.072016,0.010159,0.0086617,0.0033784
0.066412,0.14075,0.31927,0.31061,0.08145,0.047231,0.011704,0.022573,0.1964,0.2905,0.22812,0.15784,0.096016,0.023726,0.004683,0.0027202
0.089761,0.14826,0.28923,0.32833,0.079585,0.049787,0.0042228,0.010829,0.21389,0.32276,0.23786,0.13853,0.066232,0.015369,0.0011234,0.0042473
0.08114,0.17494,0.27241,0.31276,0.094466,0.049883,0.011399,0.0029969,0.22932,0.31611,0.24775,0.10706,0.074585,0.018395,0.004664,0.002107
0.048959,0.14877,0.29524,0.3619,0.0855,0.042688,0.0048867,0.012045,0.18679,0.31844,0.29479,0.12227,0.047162,0.021026,0.0059173,0.0035994
0.071945,0.13367,0.26164,0.37286,0.084359,0.046917,0.0061008,0.022512,0.19571,0.32069,0.25639,0.13639,0.06078,0.023226,0.0034621,0.0033612
0.054786,0.15468,0.30872,0.29812,0.10618,0.060922,1.0153e-007,0.016591,0.25438,0.26763,0.2885,0.10714,0.034058,0.038841,0.0022919,0.0071695
0.04964,0.17884,0.30115,0.26229,0.13809,0.052085,0.0013463,0.016569,0.2216,0.31588,0.25836,0.10105,0.061559,0.021793,0.00071619,0.019038
0.054941,0.1536,0.34317,0.29004,0.098332,0.035258,0.0019928,0.022662,0.26271,0.26857,0.23084,0.13253,0.070589,0.018374,0.011306,0.0050804
0.074066,0.1278,0.34982,0.2742,0.1205,0.038521,6.1589e-005,0.015031,0.1921,0.27942,0.29048,0.13962,0.053749,0.020283,0.0038792,0.020458
0.079997,0.08323,0.36837,0.28939,0.10136,0.064997,0.00024275,0.012409,0.15287,0.35022,0.26078,0.14596,0.050891,0.027463,0.0042477,0.007571
0.064461,0.12094,0.35598,0.30377,0.090497,0.048231,0.00037323,0.015746,0.17599,0.27517,0.27564,0.15373,0.071126,0.038561,0.0039551,0.0058293
0.06929,0.13836,0.39988,0.24996,0.075438,0.050517,0.000461,0.016095,0.21797,0.30329,0.2456,0.11429,0.083759,0.026908,0.0014489,0.0067364
0.036128,0.15658,0.37247,0.25728,0.082938,0.069627,0.0018402,0.023128,0.21249,0.31393,0.21195,0.14779,0.086257,0.022799,0.00037159,0.0044071
0.072145,0.18028,0.30577,0.23523,0.086922,0.095254,0.00069314,0.023693,0.2005,0.30451,0.21515,0.15983,0.081661,0.019509,0.0010035,0.017828
0.095381,0.10056,0.3837,0.27605,0.078904,0.047747,0.00037271,0.017276,0.188,0.31383,0.23304,0.12192,0.076546,0.037722,0.00825,0.020685
0.075375,0.18457,0.34893,0.25456,0.086661,0.041729,0.00041342,0.0077587,0.14591,0.33235,0.30069,0.14893,0.055114,0.0061981,0.0065415,0.0042702
0.068264,0.14951,0.32992,0.26666,0.1056,0.069774,0.0022773,0.008001,0.1976,0.35408,0.26867,0.099162,0.052386,0.016447,0.0072719,0.0043788
0.06488,0.13961,0.32977,0.28041,0.10652,0.058051,0.0012442,0.019515,0.22414,0.29427,0.26896,0.12993,0.053164,0.02041,8.1925e-006,0.0091248
0.058081,0.15043,0.30047,0.27862,0.13263,0.060222,0.0014935,0.018053,0.21623,0.34802,0.22975,0.10245,0.059949,0.039942,0.00065383,0.003002
0.059105,0.12082,0.32347,0.28142,0.15497,0.050386,0.00044597,0.0093748,0.24369,0.27662,0.22813,0.14567,0.076474,0.023358,0.004419,0.00163
0.064522,0.11865,0.35935,0.25615,0.10449,0.078183,0.00066862,0.017985,0.25073,0.29923,0.22951,0.10601,0.096651,0.01669,0.00020317,0.00098121
0.087977,0.12791,0.35627,0.25576,0.089458,0.058297,0.0010333,0.023299,0.19104,0.32185,0.27724,0.12784,0.0696,0.0090092,0.00018371,0.0032423
0.060283,0.13832,0.30041,0.29377,0.10975,0.062485,0.00030536,0.034677,0.19048,0.31733,0.2368,0.13939,0.10038,0.013111,0.00099651,0.0015159
0.068333,0.11645,0.31537,0.30108,0.096757,0.074448,0.0010317,0.026524,0.24193,0.26978,0.20992,0.18434,0.06824,0.022216,0.0018277,0.0017514
0.089651,0.18974,0.27603,0.30602,0.067362,0.052076,0.00042223,0.018703,0.23388,0.29981,0.23681,0.14299,0.066071,0.010555,6.254e-005,0.0098244
0.10826,0.16795,0.24268,0.31009,0.084417,0.056602,0.0077527,0.022256,0.21227,0.33916,0.2245,0.10156,0.070561,0.029716,0.003153,0.01907
0.076296,0.1396,0.3153,0.2713,0.11347,0.067789,2.6631e-005,0.016214,0.20529,0.36524,0.23888,0.08418,0.055598,0.026291,0.0093031,0.015208
0.079133,0.13655,0.31912,0.25721,0.15205,0.045992,0.0011254,0.008821,0.19706,0.29071,0.27882,0.12415,0.071447,0.021691,0.0040026,0.012124
0.10299,0.15355,0.30611,0.26611,0.10395,0.045553,0.0087699,0.012964,0.23939,0.27568,0.21551,0.15694,0.075019,0.024662,0.0048838,0.0079137
0.084638,0.18279,0.30324,0.25823,0.099887,0.055445,0.0031181,0.012639,0.23718,0.27006,0.27878,0.12362,0.051823,0.023499,0.0054459,0.0095889
0.082081,0.15233,0.26314,0.31215,0.10934,0.061855,0.0014197,0.017677,0.16785,0.30117,0.25865,0.174,0.061646,0.031066,0.00467,0.00094792
0.071505,0.14362,0.2972,0.32181,0.094308,0.050301,0.0033018,0.017954,0.18356,0.36611,0.22911,0.12459,0.053246,0.033901,0.0053776,0.0041036
0.072377,0.15133,0.29555,0.32505,0.084506,0.053028,0.0050651,0.013087,0.21566,0.33915,0.22514,0.11265,0.079127,0.024118,3.6449e-005,0.0041163
0.068166,0.13346,0.34592,0.28318,0.11086,0.051373,0.00017305,0.0068796,0.18902,0.31358,0.25183,0.10951,0.091353,0.035035,0.00053285,0.0091354
0.062887,0.15568,0.33938,0.28425,0.096846,0.043281,0.00068684,0.016986,0.19601,0.29058,0.24832,0.12038,0.090895,0.039712,0.00017442,0.013929
0.079606,0.13992,0.31956,0.32081,0.063769,0.047882,0.0066846,0.021756,0.23137,0.31813,0.22409,0.12376,0.075741,0.021126,0.00042193,0.0053501
0.065113,0.14551,0.29397,0.31736,0.094415,0.072417,0.0014748,0.0097364,0.19287,0.32513,0.21452,0.15678,0.062771,0.026652,0.0020132,0.019267
0.07387,0.15324,0.31661,0.30098,0.081848,0.036237,0.015108,0.022108,0.20002,0.30775,0.26063,0.12604,0.053193,0.044384,0.0031614,0.004819
0.077995,0.14932,0.33735,0.30029,0.081629,0.031819,0.0063421,0.015254,0.21553,0.33754,0.22836,0.11719,0.062606,0.029973,0.00014364,0.0086564
0.084371,0.13679,0.33652,0.26157,0.11078,0.056027,0.0013687,0.012574,0.17597,0.31888,0.22589,0.14475,0.094074,0.026417,0.0045903,0.0094294
0.069976,0.12715,0.33785,0.30093,0.08393,0.060008,0.00078706,0.019377,0.17406,0.35069,0.27261,0.07559,0.092396,0.022682,0.0059054,0.0060717
0.046873,0.12628,0.33142,0.35153,0.07715,0.041368,0.0013603,0.02402,0.21416,0.3166,0.25202,0.11632,0.071672,0.026795,0.00083748,0.0015932
0.061673,0.15148,0.29958,0.37082,0.050328,0.054286,0.005936,0.0058992,0.2432,0.33106,0.23595,0.11236,0.056183,0.014255,0.0012188,0.0057751
0.07942,0.14199,0.27339,0.36972,0.053104,0.07154,0.00048062,0.010357,0.18609,0.32092,0.2568,0.14199,0.044934,0.018891,0.018772,0.011605
0.054527,0.16593,0.30714,0.31517,0.077287,0.057443,4.5925e-005,0.022448,0.24545,0.3384,0.22405,0.11292,0.043886,0.0086291,0.0081831,0.018489
0.064179,0.12502,0.33953,0.27162,0.10048,0.070216,0.0020853,0.026869,0.25764,0.32046,0.22688,0.089301,0.050319,0.034042,0.0020563,0.019304
0.070666,0.19093,0.26987,0.27856,0.1003,0.081324,0.00011582,0.0082265,0.19755,0.34641,0.2656,0.10444,0.047169,0.035658,0.0010802,0.0020979
0.051196,0.20435,0.31423,0.29758,0.067906,0.057691,2.3834e-006,0.0070347,0.20785,0.29853,0.21647,0.15821,0.071298,0.040857,0.00097431,0.005805
0.039289,0.17414,0.28202,0.31889,0.10231,0.072524,0.00017154,0.010665,0.214,0.30793,0.24246,0.12379,0.064181,0.029563,0.0055524,0.012529
0.058534,0.24957,0.33552,0.19695,0.08261,0.059233,0.00065404,0.016927,0.22498,0.25884,0.24081,0.13885,0.06506,0.048411,0.00032438,0.022729
0.070953,0.15862,0.36082,0.23947,0.083543,0.059768,0.002068,0.024764,0.25274,0.23914,0.23035,0.15754,0.089728,0.01464,0.010349,0.0055177
0.091423,0.1518,0.29795,0.29737,0.093538,0.047724,2.3742e-005,0.020172,0.21914,0.25792,0.29576,0.13978,0.068855,0.0083768,0.0027288,0.0074361
0.098357,0.17005,0.29385,0.27808,0.10531,0.030666,0.00094537,0.022742,0.22174,0.26047,0.24152,0.1605,0.074627,0.032904,0.0016796,0.0065669
0.079865,0.15477,0.32123,0.27435,0.09456,0.039116,1.2399e-005,0.036093,0.23815,0.29721,0.24319,0.11271,0.081125,0.025017,5.3669e-005,0.0025455
0.07354,0.13151,0.31462,0.26192,0.10426,0.085858,3.7406e-005,0.028255,0.23267,0.31227,0.26272,0.093167,0.077464,0.014173,4.4088e-005,0.0074913
0.076843,0.12246,0.32862,0.27089,0.11016,0.081226,0.0014065,0.0083977,0.27133,0.28345,0.23865,0.13776,0.048322,0.0081319,0.009254,0.0031042
0.07083,0.13884,0.36898,0.2588,0.097336,0.048398,2.7982e-005,0.016787,0.25499,0.28085,0.24978,0.10304,0.072827,0.018024,0.0085682,0.01192
0.075771,0.11877,0.32173,0.28456,0.1359,0.039271,0.00086424,0.023121,0.26206,0.28415,0.22083,0.10543,0.09219,0.027485,0.00023153,0.0076301
0.08296,0.1178,0.35537,0.22718,0.13638,0.043813,0.002928,0.033576,0.24806,0.29321,0.24461,0.11252,0.061789,0.028503,0.0014814,0.0098252
0.077929,0.0874,0.33971,0.29843,0.14277,0.039156,0.00064631,0.013959,0.2538,0.30157,0.26762,0.079524,0.057721,0.020707,0.0023624,0.016696
0.047339,0.11273,0.37739,0.27886,0.13718,0.034906,0.0019693,0.00962,0.24604,0.34477,0.2044,0.1004,0.058288,0.024423,0.0021428,0.019537
0.054179,0.15414,0.34198,0.28358,0.11232,0.038648,0.0045609,0.010594,0.23596,0.29194,0.29042,0.087473,0.071049,0.016188,0.0032693,0.0037038
0.056339,0.14134,0.31003,0.32024,0.11016,0.054804,0.0026604,0.0044304,0.26153,0.27825,0.23955,0.093854,0.097186,0.009479,0.0048864,0.015268
0.061439,0.13592,0.32503,0.31679,0.091943,0.040759,0.0027796,0.025345,0.24075,0.26119,0.24201,0.12916,0.089713,0.017992,0.004071,0.015113
0.064702,0.1284,0.35499,0.3063,0.083791,0.043567,0.00019041,0.018064,0.24242,0.32961,0.19097,0.10777,0.074066,0.041929,0.001665,0.011575
0.089146,0.14939,0.34481,0.2536,0.09555,0.045169,0.0031733,0.019165,0.22007,0.37211,0.19455,0.093086,0.077325,0.033349,0.00057218,0.0089354
0.052869,0.14337,0.31516,0.30229,0.11831,0.048433,0.0065256,0.013038,0.25272,0.35508,0.20603,0.091771,0.065143,0.019911,0.0067975,0.0025441
0.045205,0.18264,0.27198,0.29919,0.094786,0.081292,0.0051954,0.019711,0.21902,0.31638,0.21641,0.11775,0.071791,0.044972,0.0023752,0.011304
0.065639,0.13332,0.30663,0.26902,0.1443,0.049435,0.0070427,0.024606,0.19036,0.33727,0.23723,0.1302,0.056541,0.038544,0.00042764,0.0094228
0.091927,0.17016,0.25698,0.25788,0.12093,0.055598,0.018694,0.02783,0.20077,0.32078,0.24043,0.12938,0.06811,0.030463,0.00048543,0.0095857
0.07593,0.15205,0.25125,0.30596,0.10866,0.061731,0.011951,0.032476,0.19711,0.29681,0.23957,0.16111,0.066857,0.031938,4.0503e-005,0.0065553
0.069346,0.16435,0.2875,0.29473,0.10946,0.057504,0.0087076,0.0083983,0.29447,0.28288,0.20328,0.15571,0.032181,0.013331,0.00046304,0.017678
0.053043,0.18018,0.2704,0.3086,0.084262,0.067999,0.018438,0.017088,0.24756,0.30413,0.2271,0.14605,0.055926,0.0168,0.001993,0.0004503
0.086894,0.1506,0.29917,0.30646,0.066981,0.071275,0.0048365,0.013788,0.21827,0.32154,0.25103,0.14177,0.052205,0.0094829,4.4165e-005,0.0056563
0.08977,0.14068,0.30459,0.27106,0.10752,0.055525,0.015056,0.015801,0.24578,0.30168,0.25082,0.12663,0.063836,0.0091071,0.00081395,0.0013316
0.08419,0.12043,0.35001,0.26096,0.12116,0.055118,0.0042271,0.0039067,0.23224,0.27099,0.25729,0.14761,0.077182,0.013769,2.5226e-005,0.00089887
0.068701,0.12786,0.37474,0.24937,0.096038,0.064128,0.0053096,0.013852,0.19288,0.31741,0.31511,0.087421,0.048972,0.036251,3.5727e-006,0.0019499
0.067314,0.12664,0.34141,0.24293,0.11111,0.060586,0.014116,0.035888,0.21268,0.2881,0.28944,0.087055,0.090878,0.026947,0.00057263,0.0043319
0.096004,0.10908,0.3318,0.26213,0.10903,0.06132,0.013667,0.016964,0.18683,0.29318,0.28534,0.14444,0.044566,0.033187,0.0006782,0.011791
0.085741,0.15023,0.28972,0.28274,0.085289,0.077198,0.0055169,0.023565,0.24277,0.29904,0.26678,0.099455,0.057092,0.022566,0.0031956,0.0090967
0.093166,0.13722,0.31628,0.26268,0.086565,0.06613,0.017193,0.020757,0.27062,0.29736,0.16813,0.15491,0.073861,0.022408,0.0031717,0.0095372
0.056887,0.143,0.29525,0.28973,0.10925,0.075216,0.0062005,0.024468,0.28075,0.28115,0.20511,0.12872,0.062717,0.034074,0.00042272,0.0070498
0.058249,0.16456,0.30786,0.26327,0.10193,0.081832,0.0093141,0.012986,0.25812,0.26135,0.22733,0.12983,0.059285,0.058525,0.0032689,0.0022925
0.07446,0.14136,0.2653,0.29269,0.12405,0.074242,0.0094237,0.018474,0.24927,0.28398,0.24867,0.099478,0.060201,0.039528,0.0019628,0.016908
0.059517,0.12603,0.31609,0.27242,0.12337,0.083203,0.0042949,0.015068,0.22989,0.35781,0.23516,0.046623,0.089675,0.031812,0.00027348,0.008754
0.068183,0.14493,0.29411,0.25785,0.14431,0.053861,0.0098775,0.026874,0.23306,0.31205,0.22476,0.083178,0.10573,0.024586,0.0037232,0.012913
0.066354,0.14459,0.29171,0.2819,0.12445,0.066059,0.0029523,0.021985,0.23975,0.27833,0.22062,0.12329,0.097941,0.021271,0.0030113,0.015787
0.10749,0.14302,0.25907,0.29865,0.10215,0.062392,0.011963,0.015276,0.21883,0.28244,0.22903,0.11656,0.12062,0.013286,0.0091188,0.010109
0.068189,0.12645,0.25224,0.30501,0.11843,0.086415,0.0059056,0.03736,0.16384,0.3427,0.24293,0.13003,0.065563,0.030492,0.0053201,0.019127
0.085837,0.13544,0.24062,0.28725,0.14951,0.08588,0.0073442,0.0081171,0.20423,0.34759,0.2346,0.096757,0.073499,0.031929,0.0084625,0.0029268
0.11271,0.12209,0.26805,0.27771,0.12133,0.080071,0.00039795,0.017638,0.25219,0.27193,0.2459,0.13084,0.082288,0.015188,0.0012226,0.00044163
0.11689,0.12854,0.26152,0.25984,0.12909,0.077678,0.00053053,0.025907,0.22704,0.34516,0.21026,0.10342,0.079339,0.031378,2.6979e-005,0.0033765
0.059266,0.16727,0.30665,0.26489,0.12317,0.065163,0.00044067,0.013142,0.22772,0.31918,0.23488,0.10037,0.093386,0.017101,0.0055922,0.001757
0.071401,0.1841,0.26243,0.30223,0.11138,0.05782,0.00064252,0.01,0.22129,0.33515,0.19759,0.11144,0.10409,0.017313,0.00032328,0.012795
0.073952,0.18164,0.33347,0.2644,0.067291,0.04513,0.0054603,0.028659,0.23903,0.32682,0.22497,0.10781,0.067034,0.029519,0.0011781,0.0036405
0.071118,0.1695,0.3339,0.26393,0.068115,0.078189,0.0059061,0.0093397,0.22162,0.25813,0.21561,0.16657,0.12066,0.013905,0.0018429,0.0016605
0.10097,0.15033,0.29149,0.25224,0.12706,0.06314,0.0019079,0.012849,0.20933,0.35434,0.19543,0.10825,0.079479,0.044226,0.0008663,0.0080771
0.091557,0.17252,0.2804,0.21914,0.14889,0.075718,4.9868e-006,0.011762,0.22109,0.2844,0.24307,0.11612,0.069826,0.046781,0.0040162,0.014694
0.10089,0.14943,0.26473,0.24621,0.13808,0.088232,0.000173,0.012251,0.22947,0.2625,0.25788,0.12723,0.082108,0.033622,0.000419,0.0067823
0.069233,0.17656,0.28234,0.26184,0.14747,0.05205,0.00013452,0.010374,0.18843,0.30644,0.2225,0.12155,0.099674,0.045753,0.0027868,0.012862
0.064603,0.13952,0.31791,0.28021,0.11117,0.073712,0.0012674,0.011598,0.16427,0.33116,0.28241,0.095242,0.081585,0.017882,0.0070718,0.020381
0.068206,0.13118,0.3383,0.25217,0.11495,0.065501,0.0022464,0.027454,0.22257,0.27208,0.25745,0.13194,0.077247,0.028309,4.4715e-008,0.010405
0.092195,0.15413,0.32262,0.26432,0.079321,0.06158,6.1008e-005,0.025774,0.21269,0.29847,0.24364,0.13926,0.072736,0.023342,9.1454e-007,0.009852
0.06129,0.13394,0.34446,0.2669,0.13,0.048473,0.00024953,0.014691,0.21413,0.26507,0.23244,0.15376,0.075769,0.04971,0.0013148,0.0078053
0.096663,0.14547,0.28389,0.27631,0.087628,0.077688,0.005098,0.027247,0.2233,0.2813,0.24571,0.16045,0.058437,0.028653,0.0004578,0.0017018
0.075876,0.1145,0.33059,0.26595,0.095261,0.088589,0.0073678,0.021867,0.2402,0.24814,0.2615,0.16511,0.060867,0.02053,8.2033e-006,0.0036382
0.089149,0.13832,0.34019,0.27363,0.090496,0.052254,0.0016331,0.014324,0.25397,0.25345,0.24708,0.13972,0.068075,0.033628,0.00013559,0.0039326
0.1001,0.15133,0.30251,0.25472,0.12144,0.057085,0.0011036,0.01171,0.20064,0.33274,0.22748,0.12823,0.088977,0.017432,0.00084098,0.0036612
0.067307,0.18065,0.30254,0.24375,0.1201,0.067914,0.0028628,0.014891,0.23023,0.36514,0.19069,0.09479,0.096125,0.014696,0.0030167,0.0052993
0.094579,0.16539,0.27108,0.30655,0.10576,0.043034,0.00052814,0.013089,0.21851,0.34215,0.20192,0.13232,0.09054,0.01244,0.0001929,0.0019226
0.080194,0.15637,0.32581,0.28995,0.08031,0.053279,0.00021877,0.013867,0.20141,0.31026,0.2593,0.11634,0.068687,0.036907,0.0042183,0.0028788
0.069594,0.14311,0.31775,0.30339,0.095339,0.047156,3.2745e-006,0.023665,0.17682,0.29518,0.30545,0.098645,0.071494,0.051058,0.00037346,0.00097135
0.080617,0.21659,0.28446,0.30623,0.070981,0.028324,0.00062667,0.01217,0.17678,0.33875,0.25926,0.13217,0.053841,0.031238,0.0016919,0.0062754
0.078658,0.18521,0.29943,0.28581,0.095397,0.040898,0.0014565,0.013134,0.18651,0.3067,0.25653,0.17179,0.056858,0.017462,0.0020152,0.0021395
0.073989,0.14476,0.34298,0.30482,0.072749,0.044108,3.1691e-005,0.016568,0.23169,0.27585,0.24422,0.1457,0.07141,0.022573,4.238e-005,0.008507
0.06322,0.19609,0.34769,0.22993,0.086303,0.054807,0.0030351,0.018929,0.20087,0.30797,0.2368,0.12536,0.10245,0.016057,0.0040752,0.0064135
0.063126,0.13214,0.32999,0.28926,0.10139,0.068656,0.00043721,0.015002,0.21677,0.27694,0.25501,0.15509,0.062347,0.017969,0.0041167,0.01176
0.094967,0.14312,0.31077,0.30202,0.091544,0.035183,0.0020063,0.02039,0.21469,0.29783,0.27242,0.1384,0.05196,0.014095,0.0016341,0.0089833
0.078877,0.15619,0.31104,0.30004,0.10262,0.023888,0.011765,0.015577,0.18853,0.29127,0.25185,0.14517,0.084118,0.029454,0.0051486,0.0044483
0.051837,0.16757,0.34311,0.29294,0.097449,0.031562,0.001378,0.014154,0.18568,0.31049,0.2509,0.14543,0.066507,0.032185,0.0055003,0.0033156
0.073326,0.17723,0.25526,0.30278,0.10853,0.035192,2.2698e-006,0.047681,0.18043,0.3613,0.23213,0.1374,0.058575,0.02845,0.0001135,0.001597
0.099868,0.16278,0.2861,0.28366,0.10782,0.0388,1.7812e-008,0.020971,0.21667,0.30125,0.25868,0.1122,0.081222,0.027874,0.0010947,0.0010162
0.067941,0.18867,0.23879,0.30177,0.13067,0.050075,0.00010031,0.021984,0.23589,0.27263,0.21261,0.1071,0.10183,0.057357,0.0047454,0.0078273
0.088731,0.14475,0.30145,0.26487,0.10289,0.070401,8.9886e-005,0.026822,0.18913,0.29112,0.27302,0.12672,0.090717,0.025242,0.00075378,0.0032982
0.1046,0.10923,0.30521,0.28288,0.096549,0.078899,0.0058714,0.016767,0.174,0.29443,0.26006,0.17769,0.064034,0.010221,0.0050368,0.014522
0.082315,0.12779,0.29169,0.33777,0.081671,0.062932,0.0025691,0.013267,0.16105,0.33931,0.26373,0.15709,0.044798,0.02144,0.0021705,0.010407
0.063458,0.13147,0.29873,0.3355,0.088812,0.063783,0.001858,0.016382,0.22473,0.29042,0.2709,0.14271,0.038497,0.022341,0.00037923,0.010017
0.050527,0.17898,0.28314,0.31405,0.11364,0.045437,0.0025516,0.01167,0.19692,0.27022,0.30223,0.14538,0.03555,0.030718,0.010525,0.0084562
0.044116,0.20846,0.3123,0.25691,0.10851,0.05727,0.00053133,0.011906,0.17702,0.2856,0.28848,0.14661,0.071275,0.026325,0.0028029,0.0018914
0.093326,0.21619,0.2818,0.22924,0.11432,0.05046,0.0053548,0.0093063,0.17198,0.26085,0.31886,0.13291,0.065702,0.039512,0.0086976,0.0014868
0.061169,0.13744,0.30896,0.28359,0.14269,0.051202,0.00042826,0.014527,0.18945,0.28216,0.26036,0.17322,0.048203,0.035564,0.0011082,0.0099354
0.080693,0.15523,0.3129,0.26648,0.1304,0.041644,1.0839e-005,0.01265,0.20644,0.28076,0.29243,0.14393,0.048426,0.015642,0.0024736,0.0098927
0.079082,0.21363,0.28792,0.26599,0.10401,0.034379,8.6221e-005,0.014901,0.18975,0.29026,0.25742,0.11151,0.11435,0.022492,0.00057174,0.013645
0.096912,0.14785,0.2743,0.31024,0.089136,0.069848,0.00062358,0.011084,0.21532,0.27496,0.27098,0.12708,0.057569,0.037343,0.010337,0.006414
0.094415,0.12658,0.27118,0.30391,0.08347,0.087931,0.0037997,0.028715,0.25889,0.24619,0.27417,0.143,0.041863,0.018951,0.0047754,0.012151
0.086989,0.12466,0.33737,0.2653,0.10871,0.060575,0.0016603,0.01474,0.24174,0.33114,0.24458,0.10022,0.052105,0.015224,0.0037266,0.011259
0.076939,0.16361,0.31454,0.24422,0.12643,0.044641,0.0017048,0.027919,0.2038,0.33444,0.26133,0.10878,0.056253,0.011766,0.016402,0.0072346
0.083804,0.17889,0.32952,0.26193,0.084677,0.050294,0.0057346,0.0051478,0.22513,0.28225,0.23455,0.15879,0.068234,0.020166,0.0023429,0.0085322
0.067325,0.18773,0.29329,0.2808,0.095938,0.057238,0.0038024,0.013886,0.21489,0.267,0.22939,0.15828,0.080301,0.032569,0.0021084,0.015455
0.085732,0.12004,0.26987,0.28343,0.13852,0.078115,0.0028659,0.021436,0.21183,0.32378,0.20643,0.131,0.075477,0.030008,0.0091192,0.01236
0.10291,0.14284,0.25834,0.33331,0.10584,0.037988,0.0070588,0.011726,0.19494,0.28571,0.27635,0.11136,0.083281,0.016577,0.0099798,0.0218
0.11512,0.11744,0.27071,0.29892,0.12357,0.057694,0.0064924,0.010048,0.26848,0.24616,0.27756,0.096956,0.06543,0.031875,0.0050803,0.0084627
0.088572,0.1667,0.26966,0.2991,0.099186,0.041269,0.011835,0.023674,0.18198,0.33692,0.23217,0.11215,0.080665,0.040836,0.014358,0.00091319
0.11611,0.17018,0.23802,0.30561,0.11052,0.033346,0.0064105,0.019814,0.245,0.3088,0.22783,0.084742,0.082319,0.039315,0.0073264,0.0046707
0.088869,0.18409,0.28015,0.26109,0.111,0.03727,0.0089198,0.02861,0.21948,0.4015,0.19071,0.072051,0.076136,0.029714,0.00018394,0.010224
0.08845,0.18252,0.32301,0.24774,0.083315,0.041034,0.014221,0.019713,0.22401,0.33882,0.21798,0.090342,0.085313,0.040556,0.0015927,0.0013907
0.089674,0.16255,0.28398,0.29537,0.10082,0.042186,0.0028675,0.022547,0.20021,0.34187,0.19515,0.15922,0.044017,0.058356,0.00032622,0.00085369
0.095822,0.13358,0.31507,0.28551,0.097024,0.048449,0.0023463,0.022205,0.17367,0.37221,0.17766,0.1504,0.094578,0.030563,1.2259e-005,0.00090732
0.07671,0.16938,0.31868,0.25392,0.11102,0.058923,0.0013984,0.0099696,0.21356,0.38034,0.17253,0.099286,0.11088,0.018839,0.0003323,0.0042238
0.051013,0.21769,0.29653,0.26275,0.10164,0.053444,0.0011172,0.015808,0.27463,0.24508,0.27935,0.094703,0.088066,0.012572,8.8883e-005,0.0055136
0.048346,0.15473,0.28221,0.32523,0.088878,0.070318,0.0068087,0.023471,0.2488,0.29974,0.22157,0.087998,0.10216,0.018068,0.0017739,0.019883
0.04998,0.19694,0.33113,0.21662,0.10614,0.068696,0.0031235,0.027373,0.24294,0.33268,0.21293,0.10848,0.078324,0.010967,0.0017802,0.011898
0.078429,0.19078,0.30771,0.2575,0.09168,0.060418,0.00019102,0.013291,0.21099,0.30092,0.27447,0.11723,0.074009,0.011059,0.0042102,0.0071209
0.052895,0.22544,0.30018,0.2641,0.092985,0.051362,0.002595,0.010437,0.22828,0.3039,0.23838,0.13174,0.071949,0.021231,0.00083079,0.0036969
0.053374,0.17826,0.31928,0.27388,0.101,0.061042,0.0023555,0.010811,0.22687,0.2964,0.26194,0.14655,0.052873,0.011729,0.0013741,0.0022625
0.060038,0.12259,0.29813,0.31803,0.11902,0.055697,0.00015383,0.026349,0.23294,0.28409,0.23924,0.14201,0.074718,0.011405,0.0020058,0.01359
0.07243,0.16324,0.34192,0.22507,0.095416,0.083556,0.00024031,0.018119,0.23971,0.30638,0.25548,0.11434,0.063955,0.01799,0.00013285,0.0020125
0.094901,0.16822,0.30178,0.25951,0.10526,0.0584,3.7485e-005,0.011895,0.25928,0.30412,0.25045,0.10744,0.0598,0.0125,1.419e-005,0.006398
0.071871,0.15244,0.31758,0.28062,0.096239,0.072654,0.00031931,0.0082812,0.24206,0.26813,0.26368,0.13127,0.072257,0.020543,0.00075692,0.0013036
0.069125,0.1318,0.30873,0.30473,0.075825,0.087609,0.0057691,0.016423,0.23618,0.30479,0.26578,0.097032,0.087452,0.0070564,0.0014706,0.00024234
0.068841,0.15185,0.29618,0.29372,0.1112,0.070309,0.00039515,0.0075029,0.17285,0.33104,0.3022,0.10055,0.059839,0.019536,4.1805e-006,0.013976
0.085454,0.15453,0.2697,0.30367,0.10496,0.066707,0.0033204,0.01165,0.2221,0.26909,0.28272,0.13286,0.043435,0.025996,9.7005e-005,0.023701
0.09953,0.17998,0.29296,0.267,0.076482,0.056928,0.0086825,0.018429,0.23649,0.23875,0.25788,0.13744,0.086883,0.019666,0.00017899,0.022712
0.071267,0.14296,0.28447,0.31331,0.12166,0.053552,0.0019077,0.010872,0.18997,0.32842,0.28992,0.097572,0.066839,0.014853,0.00079366,0.011634
0.080178,0.14877,0.30238,0.28708,0.10517,0.062188,0.0041718,0.010064,0.19798,0.30481,0.22357,0.13662,0.10311,0.030254,0.00038925,0.0032749
0.067422,0.14912,0.29883,0.30265,0.10609,0.052661,0.011346,0.011884,0.21056,0.30263,0.24852,0.1448,0.064775,0.027363,0.00012676,0.0012256
0.060311,0.14424,0.29982,0.26593,0.13707,0.072906,0.0014563,0.018277,0.19674,0.25113,0.25225,0.15392,0.085923,0.045891,0.0019296,0.012209
0.067944,0.14315,0.25861,0.33731,0.11065,0.062139,0.0061387,0.014052,0.19475,0.31822,0.22897,0.15114,0.074529,0.026278,0.00010039,0.0060178
0.059329,0.14474,0.29144,0.33088,0.10093,0.052591,0.0050479,0.015044,0.19786,0.33204,0.25765,0.089906,0.076821,0.031676,7.6414e-006,0.014038
0.085393,0.14847,0.25242,0.2815,0.14421,0.061821,0.0016114,0.024568,0.26545,0.27749,0.23227,0.1168,0.06581,0.030581,0.0055228,0.0060727
0.079244,0.15627,0.26264,0.28878,0.11987,0.057106,0.0038199,0.032275,0.15318,0.31664,0.25048,0.112,0.081667,0.042094,0.0039622,0.039979
0.073144,0.14404,0.33377,0.26676,0.11828,0.043125,0.0031843,0.017701,0.20188,0.29655,0.24844,0.1199,0.071345,0.05119,0.0025561,0.0081328
0.10587,0.11368,0.31677,0.25021,0.1509,0.045248,0.0013033,0.016016,0.22237,0.29492,0.26049,0.09509,0.081566,0.028537,0.0035613,0.013467
0.080582,0.14158,0.31048,0.26286,0.16274,0.031253,0.00015018,0.010355,0.18924,0.35154,0.21462,0.10657,0.080234,0.020637,0.0086513,0.0285
0.083393,0.16507,0.27555,0.27749,0.12359,0.043591,0.0012188,0.030097,0.20486,0.28116,0.20798,0.14948,0.087566,0.026228,0.011284,0.031441
0.081829,0.1627,0.29907,0.24776,0.10912,0.0748,0.0040954,0.020626,0.2006,0.27846,0.24298,0.15719,0.070526,0.025624,0.0082666,0.016345
0.071702,0.21027,0.31608,0.23035,0.075057,0.066808,0.0017537,0.02798,0.2093,0.29701,0.26497,0.13068,0.050099,0.030353,0.008084,0.0095047
0.054714,0.15529,0.30207,0.30426,0.082753,0.07317,0.0014929,0.026256,0.20555,0.30719,0.21465,0.17267,0.057804,0.029035,0.0007556,0.012345
0.067355,0.17571,0.25711,0.32881,0.072432,0.06977,0.0017765,0.027035,0.18247,0.28531,0.21623,0.184,0.096246,0.021568,0.0067865,0.0073802
0.063227,0.18521,0.24919,0.30056,0.1054,0.072217,0.00579,0.018407,0.16314,0.30208,0.23638,0.1845,0.060727,0.03752,0.011838,0.0038141
0.085821,0.10583,0.26253,0.34791,0.097509,0.075617,0.00030384,0.024468,0.21319,0.28298,0.22556,0.12979,0.070044,0.06012,0.0010948,0.017221
0.065343,0.13827,0.27328,0.34948,0.089148,0.06076,0.00022555,0.023492,0.21281,0.29833,0.25605,0.1241,0.070254,0.029795,0.002845,0.0058154
0.080106,0.1385,0.29734,0.30452,0.11647,0.043146,0.0022816,0.017641,0.21235,0.30734,0.23312,0.1523,0.066249,0.013844,0.00010995,0.01468
0.064109,0.16276,0.26263,0.30264,0.12874,0.067949,2.5401e-005,0.011146,0.20394,0.29462,0.23686,0.14626,0.083683,0.022666,0.00029219,0.011683
0.049446,0.17155,0.29252,0.2738,0.1005,0.093496,4.0902e-005,0.018645,0.20791,0.28107,0.25795,0.1665,0.051668,0.029701,0.0016909,0.0035147
0.067292,0.16585,0.31175,0.27277,0.11774,0.053049,9.8653e-010,0.011549,0.17625,0.28165,0.28784,0.14255,0.07925,0.028711,7.324e-005,0.0036764
0.066352,0.15058,0.30933,0.27205,0.14203,0.045882,5.568e-006,0.013781,0.20333,0.25448,0.26045,0.13901,0.099704,0.027121,0.010429,0.0054717
0.076386,0.1401,0.32213,0.272,0.1036,0.064425,1.1653e-005,0.021346,0.22582,0.2503,0.23593,0.14282,0.113,0.019364,0.0041638,0.0086038
0.052806,0.14861,0.34179,0.25879,0.10233,0.068237,0.00024614,0.027187,0.27147,0.25542,0.21556,0.13415,0.090437,0.028303,6.248e-005,0.0045991
0.097764,0.1745,0.33738,0.21259,0.097127,0.061177,0.00019117,0.019259,0.22218,0.30705,0.24989,0.13898,0.056284,0.017085,0.0024295,0.0060912
0.08649,0.16201,0.32235,0.24926,0.11514,0.040174,0.00050545,0.024067,0.21734,0.26183,0.28349,0.16644,0.047989,0.014686,0.0004682,0.0077592
0.050199,0.17768,0.30333,0.27485,0.12662,0.053212,0.0002804,0.013829,0.24503,0.21308,0.29705,0.15338,0.060466,0.018626,0.0054734,0.0068927
0.098713,0.11588,0.33336,0.22351,0.1444,0.073191,0.00051059,0.010431,0.29223,0.25515,0.25692,0.1057,0.051966,0.026152,0.0016594,0.010228
0.10387,0.12236,0.28379,0.27554,0.14225,0.042837,0.0062923,0.023074,0.25188,0.27803,0.26267,0.12356,0.053002,0.023376,0.001224,0.0062578
0.070163,0.1482,0.3065,0.26946,0.12862,0.058403,0.00044562,0.018214,0.24922,0.29447,0.22726,0.11083,0.07735,0.039219,0.00021934,0.0014314
0.078128,0.13754,0.26278,0.33384,0.1135,0.05257,0.0032384,0.0184,0.23798,0.31218,0.24794,0.10724,0.06641,0.025184,0.0015566,0.0015044
0.070088,0.17454,0.22958,0.35501,0.10568,0.049209,0.0038727,0.012012,0.22546,0.26546,0.28284,0.14892,0.042451,0.032729,7.8624e-006,0.0021267
0.10894,0.123,0.28548,0.29859,0.113,0.053121,0.0034592,0.014408,0.18397,0.31358,0.27291,0.12094,0.077094,0.025406,0.0055554,0.00054157
0.083584,0.13852,0.29994,0.26873,0.117,0.068144,0.0028135,0.021278,0.17938,0.32953,0.30343,0.13187,0.039216,0.011077,0.0012915,0.0042017
0.081871,0.13139,0.32099,0.28479,0.099664,0.064009,0.0012898,0.015992,0.17317,0.31897,0.2689,0.1453,0.07607,0.015011,0.00037174,0.0022166
0.074016,0.12592,0.33911,0.26908,0.10656,0.068602,0.0017252,0.014988,0.18878,0.28231,0.23108,0.19611,0.071196,0.018211,0.0017064,0.010598
0.05614,0.12983,0.33262,0.28503,0.11802,0.057603,0.0062436,0.014511,0.16369,0.32362,0.2508,0.18095,0.058833,0.014815,0.00029789,0.0069894
0.053106,0.13355,0.2953,0.34488,0.10729,0.048573,0.00020849,0.0171,0.18412,0.31173,0.25681,0.14877,0.063978,0.02448,2.6499e-006,0.010107
0.083522,0.14092,0.30713,0.26106,0.12573,0.058833,0.0030129,0.019798,0.16129,0.25373,0.27753,0.20983,0.074611,0.013112,0.00029804,0.0096027
0.048272,0.17161,0.27314,0.33056,0.11063,0.051126,0.0051108,0.0095476,0.13121,0.29474,0.31127,0.14432,0.097795,0.016188,0.0035337,0.00094594
0.079699,0.15457,0.30309,0.28188,0.11141,0.058898,7.7088e-005,0.010371,0.16888,0.30464,0.28399,0.13926,0.045881,0.050712,0.00028826,0.0063604
0.07382,0.1451,0.28797,0.31861,0.10232,0.058531,0.0023951,0.011265,0.21502,0.3256,0.22344,0.14082,0.068038,0.02563,0.0010415,0.00040276
0.059614,0.15404,0.288,0.30667,0.10202,0.059786,0.0019889,0.027891,0.24773,0.23567,0.23902,0.15086,0.091529,0.021894,0.00079837,0.01251
0.082129,0.18344,0.27927,0.2457,0.13513,0.053976,0.00020447,0.020154,0.23451,0.26182,0.2252,0.14957,0.063845,0.034476,0.00070444,0.029871
0.057567,0.19388,0.25615,0.31046,0.10973,0.057746,0.0061806,0.0082894,0.20259,0.25086,0.29521,0.18173,0.046002,0.015179,0.00013415,0.0082873
0.049463,0.18138,0.29128,0.25842,0.13571,0.052137,0.0022066,0.029406,0.16768,0.35573,0.22378,0.1774,0.046974,0.020123,0.0028058,0.0055068
0.074714,0.16719,0.3096,0.29058,0.087432,0.054984,0.0068974,0.0086075,0.18226,0.31576,0.24323,0.13669,0.080715,0.018599,0.014706,0.0080423
0.080729,0.15505,0.35884,0.22026,0.10797,0.047706,0.0080861,0.021355,0.22306,0.27847,0.24557,0.14297,0.091398,0.017423,0.00022171,0.00087574
0.064412,0.20659,0.30589,0.25823,0.089943,0.059655,8.4276e-005,0.015201,0.23156,0.28072,0.20619,0.16183,0.094817,0.017188,0.00033057,0.0073558
0.072528,0.20909,0.28508,0.23619,0.12297,0.049345,0.00048599,0.024303,0.23931,0.31392,0.16602,0.16629,0.090286,0.019675,0.0028976,0.0015964
0.065193,0.1866,0.2588,0.26588,0.14034,0.0756,1.4222e-005,0.007568,0.23185,0.31698,0.22428,0.11315,0.07504,0.0097005,0.022585,0.0064199
0.061461,0.15838,0.28111,0.3065,0.11105,0.059461,2.9304e-006,0.022025,0.18869,0.28297,0.23565,0.18754,0.081371,0.0063368,0.0045369,0.012903
0.077104,0.15829,0.29947,0.28933,0.13577,0.024241,9.3744e-005,0.0157,0.23975,0.32792,0.1818,0.14079,0.092833,0.011824,0.0044216,0.00067407
0.049333,0.20271,0.30952,0.26881,0.097884,0.039366,2.5164e-005,0.032356,0.26539,0.31206,0.205,0.10662,0.077905,0.028711,0.0022477,0.0020716
0.072219,0.19571,0.28109,0.25559,0.11986,0.051632,7.6364e-005,0.023824,0.30127,0.29243,0.17799,0.11202,0.074543,0.034987,0.00067769,0.0060825
0.056937,0.17775,0.30506,0.27712,0.11158,0.058304,0.00072632,0.012522,0.26369,0.31693,0.18227,0.1327,0.077639,0.023724,0.0013174,0.0017187
0.088295,0.14972,0.30111,0.26825,0.12061,0.045941,0.0063496,0.019723,0.20715,0.32108,0.20574,0.14222,0.082044,0.038584,0.00038126,0.0028008
0.10334,0.1321,0.29909,0.32638,0.082,0.045073,0.0060871,0.0059343,0.19841,0.29767,0.22424,0.15276,0.074695,0.034281,0.0024528,0.015491
0.068018,0.16883,0.31337,0.27592,0.10279,0.044209,0.0031135,0.023749,0.22087,0.27851,0.22992,0.18478,0.051959,0.016283,0.00082908,0.016842
0.078615,0.16977,0.27949,0.27343,0.11265,0.046186,0.0048052,0.035056,0.24573,0.26514,0.19024,0.18378,0.078833,0.019966,5.4919e-008,0.01631
0.077233,0.16637,0.26527,0.29376,0.11028,0.069924,5.9415e-005,0.017107,0.21943,0.31124,0.19773,0.16302,0.085003,0.011118,1.6987e-006,0.01246
0.079231,0.13726,0.32419,0.2745,0.10867,0.061221,0.00016355,0.01476,0.2162,0.32566,0.20178,0.15475,0.079974,0.013439,7.6659e-007,0.0082068
0.07147,0.14292,0.30497,0.25531,0.1274,0.08557,8.7562e-005,0.012281,0.23917,0.23725,0.2459,0.16146,0.075266,0.034096,0.0013634,0.0054954
0.076788,0.14213,0.32049,0.23714,0.12528,0.087572,0.00029632,0.010302,0.21446,0.3283,0.22769,0.11854,0.073782,0.022411,0.00034917,0.014482
0.080446,0.13649,0.26601,0.32122,0.11561,0.066834,0.00025478,0.01314,0.21757,0.31676,0.22471,0.15727,0.05879,0.019665,0.0001796,0.0050549
0.076372,0.1604,0.32182,0.28335,0.10124,0.045781,0.00044427,0.010595,0.26004,0.28775,0.22223,0.13149,0.051432,0.033615,0.00096324,0.012488
0.076324,0.18995,0.3016,0.28277,0.093389,0.046958,0.00054824,0.0084689,0.22591,0.30581,0.17544,0.13149,0.11552,0.029124,0.0036499,0.01306
0.071375,0.18855,0.29774,0.27802,0.10697,0.047405,0.00063639,0.0093011,0.18249,0.33167,0.21607,0.138,0.077496,0.048306,7.6852e-005,0.0059005
0.07257,0.17963,0.30879,0.28747,0.068351,0.064968,0.00097292,0.017247,0.18164,0.34139,0.22206,0.13372,0.082715,0.036303,3.7837e-005,0.0021307
0.063596,0.18572,0.2643,0.3119,0.10178,0.057006,0.0018991,0.013806,0.16974,0.26466,0.24909,0.18702,0.092653,0.029049,5.7275e-006,0.007789
0.070933,0.20728,0.30447,0.25139,0.10851,0.042985,0.0010264,0.013401,0.1905,0.27393,0.24806,0.15548,0.095745,0.02764,0.00022304,0.0084317
0.063296,0.17037,0.29326,0.27952,0.10236,0.063752,0.00028451,0.027161,0.20082,0.26365,0.30597,0.13126,0.062375,0.030208,7.947e-008,0.0057087
0.074626,0.14327,0.29685,0.30973,0.10085,0.064041,0.00017475,0.010458,0.21127,0.34472,0.21971,0.11206,0.088777,0.018558,0.00052567,0.0043814
0.1074,0.1303,0.29328,0.32741,0.075953,0.060141,0.0005032,0.0050207,0.15022,0.36894,0.24633,0.10865,0.078511,0.034641,0.00042939,0.012271
0.092051,0.13744,0.30748,0.28276,0.094955,0.057416,0.0012944,0.026602,0.19033,0.38951,0.22201,0.097544,0.090279,0.0078576,0.0023731,0.00010362
0.059292,0.1365,0.30679,0.2792,0.097699,0.086014,0.0030003,0.031505,0.202,0.33207,0.24177,0.11832,0.071134,0.027549,0.0040465,0.0031125
0.076723,0.16217,0.2909,0.2683,0.12458,0.057871,0.00087337,0.018591,0.19418,0.3156,0.25433,0.10457,0.07522,0.043514,0.00084277,0.011748
0.071436,0.16689,0.31357,0.30976,0.071912,0.047353,0.0056645,0.013422,0.18386,0.32076,0.24506,0.15923,0.055094,0.026113,0.0015092,0.0083696
0.055232,0.16816,0.3056,0.313,0.098285,0.03367,0.0041893,0.021857,0.21565,0.32375,0.24316,0.12323,0.061481,0.026825,0.0040677,0.0018321
0.055574,0.16694,0.25214,0.3146,0.14528,0.050814,0.00055118,0.014105,0.2383,0.31583,0.21902,0.11975,0.06188,0.034741,0.0057353,0.0047408
0.065889,0.15199,0.29467,0.32632,0.094971,0.044924,0.0074776,0.013762,0.197,0.28385,0.26125,0.1491,0.061572,0.031042,0.0031477,0.013036
0.058304,0.17409,0.29484,0.29575,0.077862,0.074979,0.0046007,0.019569,0.22381,0.26113,0.27837,0.13445,0.075124,0.017002,0.00038693,0.0097278
0.068925,0.18083,0.28813,0.29671,0.10316,0.053011,2.5499e-005,0.0092073,0.21426,0.33367,0.23212,0.12148,0.063135,0.022265,0.0034074,0.0096635
0.062391,0.1623,0.27766,0.28414,0.13019,0.065728,0.00018274,0.017415,0.2194,0.30949,0.25374,0.15537,0.045621,0.009849,0.0013808,0.0051626
0.072654,0.17053,0.29217,0.30677,0.092191,0.054158,0.005919,0.0056138,0.20522,0.34727,0.22254,0.11356,0.072457,0.034182,0.0028511,0.0019123
0.072679,0.19717,0.35796,0.21559,0.097513,0.049279,0.0054651,0.004344,0.19144,0.34977,0.25102,0.1019,0.068171,0.035163,0.00021096,0.002327
0.071601,0.21966,0.29744,0.27746,0.081881,0.028644,5.8567e-005,0.023258,0.20429,0.27687,0.27649,0.13479,0.061992,0.036923,0.00025856,0.0083946
0.060553,0.175,0.31919,0.27518,0.11772,0.030824,0.0028023,0.018735,0.22194,0.30744,0.18125,0.14778,0.085497,0.042947,0.003412,0.0097364
0.089578,0.1277,0.34532,0.2646,0.11629,0.038034,0.0032971,0.015176,0.21008,0.29009,0.20187,0.17221,0.076854,0.031681,0.00012239,0.017085
0.093523,0.15852,0.30843,0.30931,0.081288,0.04076,0.00021103,0.0079512,0.2167,0.26503,0.20282,0.14194,0.082971,0.053368,0.00099609,0.036176
0.049563,0.18782,0.31596,0.28533,0.079651,0.061892,0.00040816,0.019374,0.25733,0.28681,0.20156,0.11096,0.083956,0.038987,0.003397,0.017005
0.068321,0.17003,0.30865,0.30434,0.076967,0.041184,0.00021602,0.030301,0.21421,0.31179,0.23138,0.15351,0.064231,0.02086,0.00011066,0.0039041
0.1037,0.16577,0.28266,0.28805,0.088154,0.046596,0.0013936,0.023682,0.23564,0.32748,0.24333,0.10958,0.066596,0.014449,0.00050299,0.0024156
0.082091,0.17542,0.24821,0.3079,0.10696,0.061434,0.0037209,0.014253,0.30202,0.25384,0.27577,0.086641,0.06232,0.017741,0.00054745,0.001112
0.053102,0.18064,0.26385,0.31311,0.092412,0.061622,0.01497,0.020299,0.27925,0.21272,0.26883,0.12852,0.080464,0.023697,0.00043711,0.0060755
0.052309,0.15293,0.31335,0.31376,0.091499,0.055445,0.0074287,0.013281,0.29231,0.23041,0.2447,0.11283,0.070862,0.043567,0.00013699,0.0051838
0.053618,0.17708,0.30618,0.32347,0.073081,0.05251,0.0039246,0.010143,0.30515,0.21502,0.20666,0.13336,0.093045,0.040327,0.0039186,0.0025145
0.048206,0.18495,0.2913,0.31977,0.082738,0.048866,0.010632,0.013531,0.21033,0.26891,0.27566,0.14207,0.05899,0.036344,0.0016425,0.006059
0.062998,0.15151,0.30433,0.28984,0.12061,0.057442,0.0051387,0.0081351,0.24653,0.27393,0.21327,0.1301,0.086014,0.038316,0.0017891,0.010052
0.057345,0.14698,0.32663,0.27277,0.11914,0.061087,0.00046076,0.015587,0.26185,0.28739,0.17002,0.14279,0.078265,0.035859,0.0005921,0.023236
0.087052,0.15529,0.29011,0.25853,0.11569,0.067048,0.010651,0.015628,0.26721,0.25827,0.19505,0.13615,0.091714,0.038198,0.00062604,0.012774
0.076552,0.16006,0.28776,0.25316,0.1394,0.056325,0.0048035,0.021945,0.28755,0.25219,0.23124,0.12439,0.047783,0.050181,0.00080101,0.0058597
0.067563,0.18091,0.28387,0.2647,0.1329,0.057734,0.00030027,0.012019,0.27458,0.25335,0.26795,0.11364,0.058794,0.026202,0.00076417,0.0047182
0.06357,0.1721,0.26607,0.2956,0.14494,0.045509,0.00049105,0.011709,0.22417,0.2711,0.27074,0.11254,0.097136,0.023031,3.0895e-006,0.0012824
0.075476,0.14985,0.25049,0.28974,0.14213,0.068993,0.0003895,0.022933,0.18777,0.29358,0.25034,0.15114,0.067435,0.04395,0.0013878,0.0043956
0.070907,0.1523,0.24316,0.29612,0.10735,0.10563,0.0098498,0.014683,0.20901,0.28414,0.25768,0.096311,0.096389,0.02006,0.0076355,0.028769
0.1003,0.17922,0.28615,0.27533,0.077789,0.070255,0.001571,0.0093825,0.21167,0.29658,0.27608,0.10517,0.068087,0.034232,0.0033912,0.0047914
0.082546,0.18274,0.24199,0.29589,0.12452,0.061147,7.105e-005,0.011106,0.16971,0.33962,0.26762,0.14172,0.047425,0.014889,0.0060638,0.012959
0.075246,0.13551,0.32855,0.27479,0.12286,0.053359,0.00091188,0.0087835,0.21216,0.31283,0.21328,0.11396,0.08666,0.022498,0.0012668,0.037343
0.066033,0.13049,0.29588,0.2909,0.11477,0.08038,0.0044068,0.017141,0.2489,0.26634,0.2114,0.13228,0.10022,0.024203,0.0014229,0.015235
0.10988,0.097372,0.29175,0.29496,0.10598,0.083002,0.0016544,0.015395,0.21775,0.28358,0.20105,0.13424,0.12387,0.018602,0.0018872,0.019025
0.11763,0.11411,0.31247,0.27026,0.10506,0.059155,0.0012829,0.020028,0.22562,0.32615,0.20358,0.10677,0.090063,0.024463,0.0072173,0.01614
0.10348,0.12434,0.30352,0.27028,0.11622,0.059163,0.010208,0.012806,0.23929,0.28372,0.26781,0.10388,0.067147,0.024785,0.00082148,0.012544
0.080865,0.15771,0.27419,0.31894,0.10181,0.04618,0.0079474,0.012357,0.22456,0.34173,0.22421,0.10361,0.07806,0.018149,0.00049984,0.0091849
0.071138,0.14589,0.259,0.30682,0.12292,0.070552,0.0022697,0.021402,0.25723,0.36938,0.20368,0.093336,0.040187,0.024382,0.00093391,0.010868
0.095549,0.1425,0.26736,0.32184,0.11141,0.039466,0.0013542,0.020519,0.25665,0.29776,0.24308,0.099373,0.059854,0.029077,0.0064315,0.0077776
0.08346,0.16137,0.26108,0.29699,0.097031,0.076773,0.0031004,0.020195,0.24716,0.32402,0.242,0.072229,0.071809,0.040752,0.00024917,0.0017791
0.091689,0.14097,0.26652,0.2901,0.12717,0.058259,0.010162,0.01512,0.2424,0.25675,0.31811,0.059875,0.070356,0.046954,0.0025496,0.0029981
0.12445,0.1527,0.32842,0.22056,0.10029,0.055797,0.0014464,0.016335,0.24639,0.31845,0.22672,0.091468,0.061026,0.043664,0.00042769,0.011852
0.089002,0.14232,0.32174,0.23431,0.13127,0.060596,0.0015048,0.01926,0.20639,0.29526,0.30691,0.095266,0.08272,0.009484,0.0025553,0.0014222
0.069264,0.17642,0.26443,0.25378,0.14203,0.058817,0.0050926,0.030158,0.23217,0.30995,0.25001,0.088736,0.098526,0.016157,3.1824e-006,0.0044501
0.083227,0.18135,0.27762,0.27172,0.11767,0.057564,0.0014831,0.0093766,0.27377,0.31275,0.19321,0.12241,0.069862,0.014434,0.0041258,0.0094318
0.087002,0.15309,0.28322,0.28515,0.10508,0.066275,0.00040927,0.019775,0.36791,0.26788,0.2087,0.078072,0.05766,0.016068,0.0013471,0.0023668
0.098761,0.14603,0.29428,0.28365,0.10278,0.045152,0.0011785,0.028164,0.28941,0.29866,0.19934,0.10302,0.07553,0.015576,0.0016827,0.016791
0.091587,0.14639,0.26892,0.29204,0.12736,0.052754,0.0025047,0.018447,0.23692,0.35235,0.25424,0.069788,0.046729,0.020816,0.00325,0.015914
0.096399,0.14299,0.31926,0.25724,0.12018,0.053119,0.0011638,0.0096468,0.26755,0.29826,0.23157,0.13464,0.036837,0.02075,0.00012016,0.010281
0.077382,0.13524,0.31718,0.27452,0.13115,0.053958,0.0024944,0.0080809,0.20049,0.28731,0.30223,0.14753,0.040061,0.017148,1.9337e-006,0.0052337
0.10009,0.1612,0.30633,0.22253,0.11419,0.0747,0.0019249,0.019037,0.24596,0.27467,0.26731,0.11266,0.04952,0.027577,0.0085532,0.013755
0.073067,0.19693,0.28381,0.25452,0.092826,0.077639,0.0034068,0.017807,0.22429,0.30966,0.21879,0.16379,0.046983,0.019929,0.00046767,0.016094
0.095569,0.20429,0.27572,0.24406,0.10902,0.057512,0.001752,0.012079,0.2615,0.29289,0.22286,0.13112,0.058229,0.022698,0.00031651,0.010392
0.068989,0.18248,0.27862,0.29215,0.095919,0.059539,0.0053758,0.016921,0.2297,0.30494,0.24591,0.13916,0.065239,0.012731,3.1616e-007,0.0023249
0.064013,0.15471,0.30621,0.30811,0.094001,0.050221,0.0045127,0.01822,0.1875,0.2922,0.23662,0.18749,0.083979,0.011295,7.5592e-006,0.00090215
0.086413,0.1854,0.30699,0.28233,0.10151,0.0239,0.00044232,0.013015,0.2238,0.32214,0.25084,0.11421,0.063463,0.013413,0.003199,0.0089401
0.076277,0.13542,0.28678,0.33729,0.10798,0.046429,0.00044415,0.0093733,0.23555,0.29989,0.19138,0.12699,0.091631,0.042438,0.0019538,0.010173
0.083037,0.13935,0.30109,0.3048,0.099463,0.04813,0.0073388,0.016796,0.22075,0.28329,0.2527,0.1104,0.063897,0.046671,0.0027856,0.019504
0.069009,0.14462,0.33454,0.2941,0.085281,0.048782,0.00010389,0.023558,0.22784,0.22827,0.25663,0.13221,0.1068,0.037207,0.0035833,0.0074576
0.10987,0.16288,0.29701,0.26157,0.12535,0.033142,2.6534e-005,0.01015,0.27055,0.22933,0.2191,0.17313,0.036943,0.051999,0.0018325,0.017113
0.071672,0.19383,0.23808,0.30603,0.14512,0.030169,0.0019637,0.013144,0.21776,0.22076,0.30188,0.16736,0.044447,0.033479,0.0068605,0.0074556
0.047171,0.19997,0.29817,0.26518,0.13617,0.04467,0.0031691,0.005496,0.23954,0.32825,0.20023,0.10741,0.073317,0.044008,0.0015959,0.0056487
0.064646,0.21265,0.30757,0.2666,0.085055,0.041447,0.0055525,0.016484,0.33218,0.22617,0.2111,0.082618,0.073215,0.0599,0.0021187,0.012695
0.068547,0.16889,0.30085,0.27792,0.11693,0.029814,0.0011738,0.035877,0.23137,0.26222,0.25014,0.10122,0.087482,0.059647,0.00083359,0.0070786
0.085757,0.18252,0.31225,0.27773,0.090783,0.03418,0.0038658,0.012916,0.22539,0.30097,0.25556,0.076504,0.081793,0.051285,0.0011165,0.007387
0.091375,0.16881,0.2941,0.30587,0.078374,0.044256,0.0037596,0.01346,0.16773,0.31962,0.269,0.10196,0.085181,0.03249,0.0063424,0.017681
0.091971,0.20031,0.2538,0.26486,0.084698,0.080238,0.0058762,0.018249,0.23839,0.25196,0.24637,0.11944,0.063398,0.028376,0.021869,0.030191
0.081571,0.14055,0.33964,0.29824,0.076675,0.039015,0.0045931,0.019724,0.21329,0.25042,0.27673,0.094247,0.080783,0.036928,0.023913,0.023688
0.088797,0.13639,0.29005,0.3458,0.071878,0.046493,0.0083571,0.012234,0.19862,0.22885,0.29313,0.12245,0.090378,0.045826,0.013269,0.007471
0.13241,0.12259,0.32383,0.28945,0.066025,0.040222,0.0021124,0.023359,0.2028,0.23962,0.30173,0.15686,0.078248,0.0088328,0.0044563,0.0074584
0.10645,0.11289,0.29893,0.29806,0.10344,0.05915,0.0063448,0.014743,0.27394,0.26421,0.24302,0.13779,0.047928,0.019906,0.0031704,0.010042
0.10732,0.13782,0.30024,0.26484,0.093253,0.074607,0.00048717,0.021425,0.26996,0.23228,0.23836,0.13223,0.083669,0.029859,0.00016739,0.013468
0.13219,0.1448,0.29594,0.25538,0.095948,0.048684,0.0044612,0.022588,0.23892,0.29899,0.23806,0.12091,0.066434,0.020326,0.0058037,0.010557
0.09385,0.15657,0.2944,0.28544,0.091913,0.040276,0.0055838,0.031971,0.21508,0.33046,0.24483,0.10338,0.052751,0.0471,0.00061855,0.0057799
0.094584,0.14478,0.28915,0.31664,0.086929,0.036672,0.0066791,0.024559,0.22327,0.28352,0.23867,0.10157,0.10879,0.029227,0.004385,0.010573
0.054187,0.19355,0.25697,0.29306,0.10093,0.082562,0.0076941,0.011055,0.27393,0.28295,0.2049,0.10809,0.077794,0.026163,2.0976e-005,0.026141
0.073384,0.17525,0.30155,0.26545,0.10647,0.052381,0.0033844,0.022128,0.23468,0.29978,0.24129,0.081938,0.060526,0.047743,0.00092244,0.033114
0.086594,0.18019,0.31536,0.27741,0.082331,0.035047,0.0019169,0.021148,0.18013,0.35635,0.23029,0.099103,0.055299,0.055755,0.0026991,0.020374
0.084224,0.20201,0.24263,0.30994,0.094919,0.043268,0.00042043,0.022589,0.20016,0.3103,0.2736,0.11916,0.040185,0.039463,0.0088857,0.008241
0.078212,0.19315,0.304,0.28151,0.094572,0.028249,0.0013681,0.018932,0.21425,0.30781,0.23587,0.1239,0.079464,0.013766,0.0011042,0.023829
0.088135,0.17812,0.25104,0.28587,0.10246,0.065272,0.0014463,0.027651,0.20139,0.32477,0.23055,0.14912,0.051031,0.02392,0.0086055,0.010602
0.073249,0.13108,0.3016,0.31386,0.11703,0.043837,0.00070361,0.018637,0.22166,0.26777,0.23474,0.13287,0.080527,0.051661,0.0055039,0.0052725
0.05735,0.14802,0.28518,0.30571,0.12732,0.057568,0.0024577,0.016403,0.25639,0.22766,0.25794,0.16151,0.060345,0.031742,0.001861,0.0025534
0.092973,0.10725,0.27031,0.32491,0.11689,0.074013,0.0033476,0.010309,0.24382,0.25727,0.28611,0.11351,0.043362,0.046915,0.00035321,0.0086612
0.093169,0.1207,0.31382,0.30005,0.10883,0.049921,0.0046714,0.0088274,0.25608,0.23102,0.25897,0.16172,0.048109,0.031478,0.0013246,0.011307
0.073866,0.16268,0.33875,0.27023,0.079168,0.063475,0.0064614,0.0053619,0.2614,0.22817,0.30296,0.12292,0.049591,0.03361,0.00041748,0.00092865
0.050055,0.15116,0.32359,0.29061,0.085292,0.079855,0.0062984,0.013142,0.24399,0.23605,0.2981,0.16079,0.026926,0.027402,0.000163,0.0065768
0.081795,0.16702,0.31994,0.2408,0.091168,0.075797,0.0037218,0.019754,0.23197,0.2384,0.25275,0.17042,0.048504,0.035014,1.8066e-006,0.022946
0.04625,0.17791,0.30473,0.29374,0.067842,0.084359,0.00037589,0.024793,0.23387,0.23651,0.27572,0.1653,0.062181,0.01498,0.00022721,0.011222
0.045413,0.1926,0.31505,0.2518,0.097298,0.081866,0.0011049,0.014875,0.23321,0.28411,0.23455,0.13992,0.060072,0.029473,0.00087561,0.017789
0.055268,0.16619,0.31411,0.29158,0.094567,0.067472,0.00025988,0.010561,0.25207,0.26327,0.27801,0.14191,0.036328,0.020574,0.00078905,0.0070458
0.080376,0.1675,0.32286,0.24524,0.13005,0.047802,0.00010534,0.0060595,0.26494,0.24575,0.26926,0.13121,0.044834,0.029072,0.0083692,0.0065764
0.072264,0.14606,0.32213,0.29443,0.11796,0.037844,0.0005615,0.0087477,0.30049,0.23779,0.23399,0.14739,0.046466,0.022662,0.00086537,0.010349
0.076922,0.12071,0.34967,0.25116,0.11858,0.065284,0.0013099,0.016366,0.23828,0.23841,0.23829,0.18032,0.066394,0.024767,0.0048745,0.0086565
0.087463,0.13012,0.31714,0.237,0.14541,0.050798,6.6905e-005,0.031993,0.2551,0.25998,0.21121,0.11399,0.078052,0.055477,0.011874,0.01432
0.073536,0.14151,0.31094,0.25584,0.11789,0.060386,5.5355e-009,0.039887,0.18144,0.29479,0.24601,0.13708,0.10726,0.020745,0.0066754,0.0059995
0.065774,0.15846,0.29475,0.28928,0.1134,0.050858,0.00011746,0.027351,0.24152,0.25452,0.24004,0.14636,0.092982,0.015854,0.0050477,0.0036864
0.072735,0.13449,0.29671,0.28633,0.14569,0.039206,0.0026706,0.022171,0.26621,0.2773,0.17816,0.12616,0.10011,0.034604,0.0012733,0.016183
0.081586,0.15231,0.28974,0.29585,0.11816,0.051875,0.0028806,0.0075829,0.17393,0.27081,0.28199,0.1428,0.08839,0.02971,0.0021876,0.010182
0.050207,0.15327,0.28482,0.3002,0.13307,0.05497,1.0192e-005,0.023447,0.19945,0.28975,0.28991,0.096599,0.090667,0.018552,0.0026097,0.012463
0.059918,0.12773,0.2871,0.32182,0.11601,0.07363,8.5034e-005,0.013714,0.22822,0.25985,0.23136,0.14645,0.09688,0.023088,0.0028691,0.011288
0.083522,0.095972,0.32303,0.30914,0.099301,0.054879,0.00046837,0.033683,0.28034,0.25829,0.22196,0.12055,0.081655,0.018019,0.0037698,0.015415
0.073334,0.11773,0.41141,0.24519,0.092035,0.049149,0.0021708,0.0089828,0.29678,0.24072,0.22007,0.084947,0.097595,0.041346,0.008237,0.010302
0.094954,0.15284,0.34294,0.2403,0.11425,0.043259,7.3175e-005,0.011392,0.27009,0.30164,0.25706,0.058425,0.076559,0.01727,0.0013269,0.017622
0.078624,0.16485,0.30527,0.25939,0.11565,0.070846,0.00021699,0.0051539,0.26402,0.24334,0.28248,0.088938,0.083508,0.030819,0.0013902,0.0055083
0.067452,0.13714,0.35044,0.26111,0.080587,0.090557,0.00014104,0.012572,0.19087,0.31911,0.27336,0.10125,0.091409,0.020653,5.8546e-005,0.0032832
0.052211,0.11493,0.30608,0.30431,0.11128,0.095655,0.00012227,0.015414,0.22562,0.29346,0.2352,0.14497,0.077344,0.02071,0.0015408,0.0011566
0.070226,0.17978,0.34549,0.22321,0.10106,0.062535,0.0010545,0.016652,0.20113,0.32446,0.24044,0.14836,0.05732,0.020118,0.0046603,0.0035044
0.044084,0.18895,0.33849,0.23565,0.10538,0.073,5.2372e-006,0.01445,0.24747,0.27254,0.24349,0.13649,0.068717,0.020968,0.0051701,0.0051581
0.036875,0.18375,0.32724,0.26143,0.10722,0.072817,0.0011297,0.0095374,0.27956,0.30369,0.21422,0.12491,0.039251,0.020408,0.0043183,0.013654
0.058065,0.16937,0.31932,0.28247,0.087981,0.048307,0.0023074,0.032175,0.24523,0.3166,0.22161,0.097045,0.049534,0.051779,0.0002531,0.017942
0.069259,0.14472,0.35106,0.26619,0.087099,0.058761,0.0023745,0.020538,0.22869,0.3363,0.21002,0.10776,0.055048,0.051019,0.0018443,0.0093143
0.051646,0.18295,0.29512,0.26978,0.11942,0.065832,9.4037e-005,0.015163,0.21506,0.31069,0.20617,0.15082,0.054583,0.043258,0.0043017,0.015115
0.063122,0.1493,0.32849,0.27689,0.11485,0.054725,0.00021712,0.012417,0.20282,0.26177,0.33229,0.11575,0.06075,0.01939,0.0010429,0.0061904
0.075052,0.13678,0.31848,0.30379,0.097359,0.047911,7.4711e-005,0.020549,0.19557,0.28362,0.28205,0.12084,0.086687,0.022368,0.0011615,0.0077006
0.067986,0.12531,0.33971,0.30328,0.080564,0.070921,0.00077561,0.011452,0.2124,0.3602,0.24202,0.10748,0.037684,0.019879,0.0042835,0.016048
0.059448,0.13957,0.31965,0.30637,0.082672,0.068385,6.2818e-005,0.02384,0.19888,0.3393,0.24959,0.10153,0.053486,0.023825,0.0063687,0.027018
0.083225,0.13623,0.27873,0.30419,0.10387,0.070213,0.0001863,0.023358,0.20841,0.3175,0.22085,0.13767,0.043944,0.04933,0.0024695,0.019831
0.073365,0.15329,0.29803,0.33181,0.071488,0.046755,0.002677,0.022579,0.19267,0.28923,0.28904,0.13139,0.055066,0.027242,0.0026358,0.012724
0.082518,0.13491,0.26353,0.36289,0.088379,0.045043,0.00043969,0.022297,0.22954,0.33794,0.2415,0.10537,0.049895,0.022466,0.0030158,0.010271
0.054309,0.16974,0.27467,0.34974,0.1077,0.030389,0.00019751,0.013253,0.21936,0.29943,0.28471,0.11088,0.056167,0.019699,0.0035642,0.0061861
0.071516,0.17659,0.29613,0.31522,0.072487,0.046432,0.0027671,0.018853,0.18719,0.23683,0.30236,0.11117,0.10465,0.043588,0.0036964,0.010515
0.060182,0.18729,0.27504,0.31284,0.094224,0.053307,0.00049524,0.016627,0.18593,0.23928,0.29462,0.11871,0.098131,0.041843,0.017029,0.0044595
0.079198,0.12854,0.2882,0.33214,0.10858,0.050469,0.00045632,0.012417,0.21127,0.25678,0.2821,0.12848,0.078598,0.028952,0.0041854,0.0096308
0.061889,0.18476,0.28075,0.30322,0.10528,0.037159,0.00029003,0.026657,0.18632,0.28698,0.25323,0.15445,0.06836,0.036942,0.0073588,0.0063567
0.10316,0.14573,0.24846,0.2941,0.12842,0.062763,0.00010977,0.017253,0.19258,0.31438,0.26875,0.11552,0.069649,0.036942,0.00043275,0.0017499
0.070832,0.18645,0.28796,0.27567,0.10181,0.069121,9.6553e-006,0.0081526,0.21282,0.31388,0.23444,0.11501,0.065579,0.029594,0.0059707,0.022708
0.069204,0.16117,0.30021,0.28717,0.09519,0.053326,0.00017108,0.033551,0.22929,0.2864,0.2053,0.13779,0.08584,0.038478,0.00056951,0.016334
0.079247,0.16327,0.28039,0.27065,0.12242,0.06195,0.0026728,0.019406,0.19764,0.31185,0.24499,0.13535,0.067089,0.017768,0.015477,0.0098386
0.067589,0.13546,0.32808,0.25885,0.13515,0.050422,0.0002426,0.024206,0.171,0.33635,0.27975,0.13449,0.053976,0.016328,0.0045533,0.0035525
0.065883,0.16232,0.35759,0.26817,0.096112,0.043754,5.4425e-006,0.0061729,0.18557,0.26505,0.29173,0.14243,0.073412,0.031097,0.0071815,0.0035311
0.061744,0.18266,0.29065,0.26614,0.13454,0.049912,0.00031699,0.014027,0.17848,0.24877,0.28672,0.17232,0.074852,0.025588,0.0070355,0.0062278
0.08616,0.13235,0.29437,0.29531,0.10498,0.065918,0.0011796,0.019733,0.20698,0.23932,0.244,0.16429,0.0923,0.039942,0.0020111,0.01116
0.12662,0.12851,0.31769,0.25546,0.097079,0.060283,0.0030335,0.011322,0.20423,0.31844,0.24768,0.14037,0.044776,0.024161,0.0013981,0.018943
0.12188,0.15142,0.31984,0.25294,0.089367,0.051131,6.8556e-005,0.013346,0.15921,0.31684,0.30166,0.12831,0.050047,0.030404,0.00013892,0.013396
0.064686,0.1537,0.30245,0.29165,0.11509,0.043452,0.0022813,0.026702,0.16315,0.32272,0.29662,0.14063,0.055724,0.011724,9.8003e-007,0.0094243
0.040755,0.18383,0.27817,0.33378,0.1063,0.031629,0.00016804,0.025367,0.21572,0.31377,0.2662,0.12009,0.052598,0.017185,0.0010656,0.013374
0.065338,0.22631,0.2794,0.28112,0.07785,0.046261,6.9863e-006,0.023704,0.23266,0.2878,0.24265,0.13086,0.056501,0.024172,2.7071e-007,0.025348
0.076266,0.1612,0.30972,0.30529,0.081255,0.045918,0.0031012,0.017255,0.20648,0.26869,0.30759,0.13573,0.035259,0.025596,0.0016342,0.01902
0.074932,0.15202,0.32634,0.3054,0.090648,0.04419,1.4037e-005,0.0064511,0.19421,0.26093,0.25634,0.14097,0.10086,0.044489,9.1379e-005,0.0021107
0.068607,0.14764,0.3236,0.33926,0.075688,0.026725,0.0012759,0.017213,0.21892,0.27755,0.26806,0.11859,0.062256,0.04671,9.4615e-005,0.0078226
0.049683,0.13789,0.35217,0.32196,0.085084,0.030159,0.0018678,0.021181,0.27074,0.27717,0.24867,0.12222,0.050876,0.027469,0.00011018,0.0027432
0.062994,0.17577,0.36439,0.29727,0.060723,0.014845,0.0025192,0.021483,0.17858,0.33174,0.22709,0.1254,0.073043,0.060185,0.0027532,0.0012055
0.11238,0.14284,0.29992,0.30281,0.094549,0.027242,0.0039505,0.016308,0.26249,0.29304,0.19285,0.11005,0.097329,0.041619,0.00048505,0.0021369
0.070091,0.13035,0.33522,0.31047,0.12324,0.0231,4.6986e-005,0.0074839,0.2664,0.27283,0.22508,0.12059,0.072133,0.031604,0.0042855,0.0070833
0.059281,0.12146,0.33279,0.31659,0.083655,0.069661,0.0011205,0.015446,0.30551,0.25799,0.18946,0.099797,0.098157,0.036974,0.0038625,0.0082588
0.065698,0.1601,0.2979,0.29792,0.10477,0.054871,0.004915,0.013823,0.26665,0.28635,0.20773,0.14268,0.053275,0.040632,0.0025553,0.00011915
0.061131,0.16912,0.35323,0.27434,0.071079,0.049127,0.011373,0.010595,0.18696,0.31666,0.24455,0.15902,0.056157,0.032586,6.179e-005,0.0040108
0.047433,0.20266,0.27965,0.311,0.10329,0.03705,0.0072379,0.011678,0.18578,0.30878,0.28785,0.11735,0.058462,0.039964,0.00026446,0.0015502
0.10233,0.15407,0.32877,0.31033,0.087673,0.0074219,0.0031128,0.0062849,0.24101,0.27644,0.26677,0.11871,0.062721,0.031235,0.00026354,0.0028546
0.096045,0.13729,0.27636,0.35055,0.091061,0.03529,0.0010097,0.012393,0.18263,0.35151,0.27338,0.097858,0.052597,0.038931,3.32e-006,0.0030923
0.096983,0.14394,0.31839,0.31241,0.070462,0.045175,0.0042933,0.0083581,0.21455,0.33652,0.22619,0.11905,0.076167,0.018918,0.00060544,0.0079967
0.051697,0.16651,0.34805,0.27981,0.10132,0.037406,0.0024794,0.012732,0.25895,0.3184,0.24357,0.089166,0.052558,0.032371,2.3399e-005,0.0049686
0.080741,0.18231,0.27005,0.2796,0.10966,0.057351,0.0080376,0.012254,0.25471,0.31103,0.24406,0.070037,0.078561,0.040127,2.4366e-008,0.0014637
0.080515,0.12066,0.30647,0.32418,0.077859,0.065132,0.0067056,0.018476,0.17383,0.27812,0.30819,0.12324,0.063198,0.041252,3.857e-006,0.012165
0.083269,0.14352,0.33829,0.26613,0.10712,0.049501,0.00037216,0.011802,0.21582,0.31566,0.28144,0.10178,0.069873,0.0090997,0.0059094,0.00042223
0.073073,0.11579,0.32734,0.2743,0.14497,0.050914,0.0028923,0.010711,0.20132,0.32424,0.28021,0.12847,0.059372,0.0046442,0.001416,0.00032696
0.066689,0.13676,0.34595,0.28865,0.11526,0.027436,0.0031991,0.016053,0.22812,0.28097,0.27902,0.13127,0.062366,0.0063098,0.0094713,0.0024753
0.074406,0.14514,0.31594,0.30888,0.10285,0.046305,0.00011762,0.0063525,0.27302,0.29512,0.23982,0.11429,0.056757,0.005642,0.0004186,0.014926
0.086279,0.1696,0.28938,0.29229,0.092155,0.0491,3.5364e-005,0.021159,0.25302,0.27732,0.28627,0.090958,0.052448,0.020312,0.0018181,0.017859
0.075618,0.15755,0.258,0.29826,0.10541,0.082303,0.0040808,0.018775,0.18789,0.34962,0.23258,0.10121,0.079049,0.013975,0.0011793,0.034495
0.071739,0.15286,0.33582,0.26253,0.092732,0.04966,0.0017857,0.032872,0.20081,0.32917,0.27024,0.11095,0.067062,0.0063569,0.00013818,0.015274
0.075332,0.13352,0.28276,0.29293,0.082823,0.069127,0.0037395,0.059767,0.20339,0.31668,0.28889,0.11121,0.058535,0.015391,0.00081733,0.0050775
0.072394,0.14832,0.31473,0.2471,0.10856,0.074952,0.00077855,0.033159,0.22791,0.26002,0.28672,0.14893,0.041715,0.024234,0.0023195,0.0081501
0.073099,0.13655,0.2868,0.29778,0.1102,0.07612,0.0012407,0.018202,0.22187,0.33172,0.23284,0.13626,0.058971,0.01628,0.0004281,0.0016319
0.05526,0.14785,0.31706,0.28413,0.11276,0.064555,0.0036415,0.01474,0.18857,0.2786,0.29685,0.14499,0.056895,0.021729,0.0078905,0.0044725
0.090929,0.15579,0.2957,0.30248,0.084392,0.042367,0.0064813,0.021852,0.20034,0.27279,0.29248,0.1027,0.1034,0.019388,0.0042769,0.0046174
0.068202,0.19211,0.27873,0.27039,0.11248,0.057579,0.0064541,0.014052,0.19952,0.2532,0.31333,0.12035,0.0736,0.028373,0.00099388,0.010623
0.061332,0.1416,0.32898,0.27604,0.12736,0.059302,0.00016311,0.0052285,0.15819,0.29424,0.26953,0.12596,0.074993,0.052078,0.0033516,0.021657
0.087654,0.15425,0.30471,0.27563,0.11857,0.039632,0.0053649,0.014196,0.14987,0.3651,0.26491,0.12651,0.051647,0.036101,0.00059364,0.0052573
0.06601,0.14123,0.34692,0.26924,0.10978,0.039129,0.0035412,0.024138,0.19967,0.30036,0.31868,0.089888,0.057902,0.031308,0.00044522,0.0017417
0.059713,0.16761,0.27589,0.31212,0.10132,0.058237,0.0010793,0.024032,0.20095,0.29795,0.26646,0.12601,0.070785,0.027256,0.00018527,0.010407
0.041064,0.13604,0.31942,0.29418,0.12599,0.056346,0.010698,0.016249,0.20867,0.29703,0.26911,0.12743,0.059894,0.030846,0.0004793,0.0065356
0.062159,0.1542,0.28819,0.29059,0.12028,0.069346,0.0072466,0.0079763,0.18249,0.28151,0.28946,0.13979,0.073408,0.021292,0.0029054,0.0091347
0.049911,0.14105,0.31256,0.2868,0.12941,0.074842,6.0986e-005,0.0053733,0.20454,0.27928,0.27762,0.16256,0.048371,0.016235,0.0030258,0.0083749
0.049177,0.14267,0.33315,0.28147,0.12725,0.059932,7.9464e-006,0.0063523,0.18864,0.27168,0.30308,0.13924,0.062208,0.030925,0.00023646,0.0040011
0.084484,0.12497,0.32452,0.26101,0.10766,0.079028,9.841e-006,0.018321,0.17236,0.27902,0.30538,0.14007,0.076923,0.015499,1.8449e-005,0.010723
0.09139,0.15085,0.31534,0.24173,0.086573,0.083584,7.1549e-007,0.030541,0.20485,0.29728,0.27435,0.13297,0.051678,0.013473,8.8542e-005,0.025315
0.093805,0.12751,0.32608,0.27782,0.095791,0.059486,6.279e-005,0.019443,0.18519,0.29647,0.3126,0.14035,0.041641,0.019417,0.00021113,0.0041217
0.063311,0.16588,0.26957,0.31774,0.085718,0.075519,4.9164e-006,0.022256,0.26211,0.32573,0.26126,0.11575,0.022675,0.0058158,0.00052269,0.0061237
0.10562,0.15226,0.30373,0.2313,0.11506,0.080945,0.00039282,0.010707,0.21278,0.3343,0.28593,0.10563,0.040416,0.0095885,0.0012013,0.01015
0.083098,0.16408,0.32782,0.24423,0.11526,0.056094,7.0295e-005,0.0093459,0.23613,0.33757,0.2581,0.11163,0.022911,0.026949,0.00011428,0.0065928
0.075,0.1628,0.32296,0.2449,0.10906,0.060087,9.8045e-005,0.0251,0.19277,0.35366,0.25218,0.11637,0.037619,0.044244,0.0023607,0.00080754
0.064469,0.12851,0.32267,0.26942,0.10033,0.10318,0.00020661,0.011223,0.18485,0.32661,0.23063,0.14215,0.062323,0.048066,1.8372e-005,0.005345
0.05645,0.17697,0.25807,0.30443,0.096975,0.079739,0.0010759,0.026287,0.29234,0.24888,0.18314,0.13659,0.084394,0.051549,9.7293e-005,0.0030068
0.085412,0.14505,0.25594,0.29124,0.12004,0.072513,0.0042044,0.025607,0.26276,0.29512,0.23187,0.10685,0.043696,0.037711,0.00099343,0.021013
0.052888,0.18979,0.27193,0.2925,0.11437,0.049482,0.0037263,0.025317,0.25274,0.27924,0.23155,0.11696,0.070158,0.032836,0.00016915,0.016336
0.078345,0.13547,0.31414,0.2954,0.11497,0.044878,0.00050252,0.016293,0.20545,0.33112,0.20826,0.14576,0.069632,0.029015,0.0014315,0.0093329
0.074063,0.17481,0.29754,0.29483,0.099224,0.037041,0.00017108,0.022323,0.18573,0.31924,0.24454,0.13175,0.079931,0.024739,0.0021272,0.011937
0.059469,0.14738,0.33078,0.24805,0.1272,0.065957,0.0027081,0.018456,0.21404,0.28695,0.19958,0.16255,0.095184,0.033191,0.0028111,0.0056943
0.060358,0.20748,0.29128,0.28639,0.09572,0.036561,0.0087131,0.013503,0.20886,0.25932,0.24384,0.17686,0.079178,0.022773,0.0031578,0.0060209
0.069208,0.21315,0.26072,0.29415,0.11335,0.029102,0.0032975,0.017023,0.20399,0.29293,0.23524,0.15004,0.088958,0.019293,0.0037604,0.0057852
0.080684,0.16489,0.28925,0.27859,0.10042,0.055354,0.0030784,0.027728,0.22659,0.27578,0.23549,0.11831,0.10713,0.026142,0.0069967,0.0035577
0.078275,0.13873,0.30813,0.27945,0.11611,0.050972,0.0034542,0.024876,0.22009,0.29176,0.25231,0.10452,0.10194,0.021789,0.0058597,0.0017334
0.076369,0.20251,0.24451,0.31113,0.092962,0.046866,0.0020079,0.023642,0.25708,0.29345,0.22508,0.11235,0.083883,0.018151,0.0097229,0.00028355
0.058117,0.15903,0.30444,0.2855,0.10067,0.07131,0.001721,0.019221,0.20663,0.29138,0.23608,0.1026,0.11524,0.044458,0.0025296,0.0010865
0.068472,0.20188,0.27587,0.29582,0.089883,0.052004,7.5457e-005,0.015996,0.21706,0.29633,0.26107,0.083775,0.1056,0.030349,0.0055198,0.00029498
0.081901,0.15626,0.28414,0.28041,0.10193,0.054676,0.0018607,0.03882,0.25115,0.2684,0.24212,0.11132,0.098422,0.022806,0.0001737,0.0056095
0.062771,0.15009,0.30503,0.27637,0.12755,0.063229,0.0030378,0.011926,0.21529,0.31707,0.24266,0.087116,0.10034,0.014138,0.001249,0.022151
0.04841,0.12991,0.27981,0.34186,0.13348,0.054449,0.00075678,0.011322,0.20662,0.31526,0.19912,0.14299,0.10233,0.019091,0.0044798,0.010114
0.077974,0.13375,0.29589,0.32196,0.10039,0.053383,0.0018614,0.014788,0.18917,0.3481,0.19757,0.13662,0.10233,0.0066144,0.0084506,0.011146
0.070812,0.19788,0.29707,0.24589,0.10941,0.055856,0.0028424,0.020235,0.23314,0.26831,0.25226,0.14193,0.076896,0.0091078,0.003923,0.014432
0.090611,0.17532,0.29868,0.26514,0.092512,0.064042,0.0035616,0.010129,0.28287,0.2434,0.2232,0.1084,0.10564,0.025868,0.00046228,0.010166
0.096456,0.16869,0.29192,0.24102,0.1019,0.078519,0.0023064,0.019194,0.28408,0.22204,0.25404,0.092724,0.079487,0.046304,0.012829,0.0084937
0.053782,0.15076,0.34632,0.26438,0.10491,0.066738,0.0074277,0.0056777,0.30671,0.22107,0.22373,0.12361,0.069389,0.033344,0.010721,0.011419
0.053948,0.14459,0.2885,0.2837,0.13243,0.061112,0.0048449,0.030871,0.31471,0.27466,0.1817,0.12251,0.062722,0.040173,0.0013626,0.0021647
0.084811,0.17077,0.24405,0.27827,0.1496,0.053815,0.0029356,0.015749,0.246,0.2863,0.26897,0.10366,0.056003,0.015971,0.007751,0.015335
0.067116,0.16844,0.26783,0.306,0.12436,0.051885,0.00081224,0.013547,0.26277,0.28578,0.23211,0.11345,0.052586,0.029411,0.010642,0.013236
0.093212,0.15999,0.20574,0.33172,0.12991,0.057147,0.0029623,0.019309,0.21279,0.2842,0.25004,0.13882,0.072074,0.023983,0.0026901,0.015403
0.098512,0.1535,0.2845,0.27519,0.1164,0.034551,0.008244,0.029107,0.18394,0.3049,0.24684,0.13912,0.070182,0.021723,0.00074786,0.032537
0.07491,0.16596,0.29773,0.2383,0.15211,0.044091,0.013436,0.013458,0.20802,0.28897,0.25215,0.073173,0.12432,0.033453,3.5829e-005,0.019869
0.069664,0.17029,0.31386,0.2704,0.1169,0.023711,0.01275,0.022431,0.19928,0.30254,0.30153,0.06787,0.078376,0.029579,0.00070722,0.020119
0.083079,0.15244,0.29314,0.30742,0.10377,0.02756,0.0053865,0.027198,0.29827,0.32409,0.20065,0.060879,0.086728,0.012112,0.0034463,0.013818
0.072123,0.13907,0.28364,0.28786,0.12006,0.060932,0.0024182,0.033898,0.23714,0.33868,0.20455,0.084274,0.08226,0.029009,0.016787,0.0072969
0.07523,0.21905,0.24335,0.32072,0.069677,0.053619,0.0027821,0.015561,0.21802,0.36004,0.23976,0.10188,0.056872,0.021373,0.0015068,0.00055463
0.0874,0.20377,0.26552,0.28851,0.069621,0.066594,0.0026014,0.015974,0.18495,0.3551,0.22132,0.1407,0.083553,0.011126,1.5592e-005,0.0032366
0.079546,0.22335,0.26123,0.22592,0.09768,0.081298,0.0040741,0.026892,0.1909,0.34786,0.22925,0.13512,0.07516,0.014902,0.00049785,0.0063134
0.048723,0.20419,0.29073,0.26553,0.078197,0.090403,0.001432,0.02079,0.21179,0.30939,0.20724,0.15978,0.073546,0.03626,0.00029313,0.0017004
0.076949,0.20956,0.27361,0.29085,0.073618,0.056964,0.00041819,0.018023,0.22731,0.31157,0.20425,0.12699,0.10628,0.017512,0.00072968,0.0053521
0.068479,0.19309,0.27537,0.27463,0.1034,0.057057,0.00012671,0.027834,0.27048,0.29959,0.24241,0.070369,0.089432,0.020528,0.0018287,0.0053655
0.050979,0.20498,0.26732,0.26932,0.14247,0.051884,0.00015769,0.012889,0.28379,0.3173,0.22784,0.10172,0.042195,0.021763,0.00030069,0.0050904
0.073856,0.17636,0.29994,0.24219,0.11184,0.07624,0.0002163,0.019359,0.16042,0.34264,0.24008,0.16548,0.063537,0.018063,0.0026024,0.0071791
0.10326,0.16137,0.28784,0.29316,0.080634,0.051265,0.0085635,0.013913,0.2274,0.36249,0.18593,0.1463,0.051834,0.022312,0.00075484,0.0029815
0.078124,0.21796,0.26625,0.26665,0.10024,0.055575,0.0089686,0.0062291,0.19592,0.30633,0.22496,0.13505,0.077294,0.039022,0.0067803,0.014642
0.074041,0.16136,0.34824,0.25842,0.082498,0.060479,0.00045676,0.014506,0.19039,0.31041,0.27065,0.12449,0.039365,0.039254,0.0038409,0.021602
0.089303,0.15155,0.2571,0.25933,0.14177,0.056082,0.0019216,0.042945,0.24641,0.24273,0.26113,0.15103,0.049157,0.021498,0.0018358,0.026208
0.12284,0.14452,0.30693,0.24074,0.11325,0.045992,0.00072993,0.02499,0.1968,0.31475,0.19979,0.16317,0.072248,0.033021,0.00065239,0.019568
0.11999,0.12583,0.33522,0.22393,0.11241,0.063017,0.00053005,0.019092,0.1495,0.34849,0.23649,0.12767,0.089501,0.036329,0.00018775,0.011832
0.1031,0.1645,0.28703,0.25268,0.11169,0.053723,5.4653e-005,0.027221,0.13196,0.36341,0.27316,0.10849,0.082453,0.028184,0.0046526,0.0076859
0.073315,0.16595,0.29307,0.28674,0.10907,0.054478,0.00070079,0.016678,0.1266,0.3279,0.31973,0.10322,0.081538,0.029517,0.0052716,0.0062174
0.061709,0.16986,0.33058,0.30259,0.083996,0.03833,0.0010869,0.011853,0.1873,0.33696,0.24307,0.13249,0.05045,0.034233,0.0034722,0.012018
0.062115,0.2131,0.31409,0.28967,0.052497,0.058014,0.00043692,0.010067,0.16161,0.30045,0.24969,0.19798,0.069233,0.013197,0.0037436,0.0040981
0.06094,0.17461,0.32995,0.27349,0.082893,0.062713,0.0026272,0.012787,0.18023,0.29394,0.26122,0.15125,0.084935,0.016771,0.0031205,0.0085396
0.076119,0.17212,0.35023,0.27004,0.071326,0.040549,0.00042049,0.019193,0.1807,0.32652,0.21978,0.15253,0.071308,0.020982,0.0076369,0.020552
0.067365,0.19061,0.33031,0.26866,0.099343,0.021033,0.0018373,0.020832,0.20211,0.29784,0.17955,0.18543,0.097518,0.030727,0.0027433,0.0040861
0.069471,0.14587,0.34919,0.27562,0.093348,0.042921,0.005595,0.017988,0.21225,0.29999,0.25073,0.12958,0.072484,0.022433,6.9091e-005,0.012459
0.050263,0.12052,0.31392,0.3483,0.10616,0.0401,0.0040121,0.016724,0.21351,0.30206,0.25548,0.14345,0.055984,0.022809,0.0040929,0.0026184
0.098074,0.19362,0.26013,0.29718,0.077706,0.047625,0.0044743,0.021188,0.18253,0.26987,0.27777,0.15271,0.08223,0.026833,0.0032458,0.0048162
0.10565,0.18259,0.25069,0.26243,0.11905,0.056979,0.00094653,0.021664,0.1905,0.30636,0.259,0.14597,0.062369,0.019131,0.0031032,0.013563
0.11119,0.1809,0.25915,0.27744,0.12453,0.031633,0.0019996,0.013151,0.23754,0.29449,0.20328,0.16125,0.059671,0.034176,0.0019083,0.0076793
0.10129,0.16961,0.24418,0.27778,0.12142,0.057299,0.0076453,0.020779,0.2399,0.28962,0.20204,0.14597,0.046754,0.046381,0.00061768,0.028719
0.099758,0.18633,0.22724,0.28338,0.1018,0.080875,0.00080443,0.01981,0.20504,0.29962,0.21377,0.12211,0.10166,0.023436,0.00097108,0.033397
0.07301,0.13797,0.22873,0.33264,0.13768,0.067663,0.00061117,0.021702,0.21073,0.28961,0.24355,0.14712,0.069653,0.021433,0.0021819,0.015718
0.099987,0.15322,0.27708,0.25312,0.13852,0.059758,0.00079781,0.017521,0.20066,0.31973,0.24565,0.11667,0.074388,0.035034,0.00229,0.0055741
0.062423,0.15381,0.31501,0.27571,0.12611,0.037712,0.001344,0.027884,0.22275,0.27667,0.27331,0.086612,0.083226,0.045771,0.0085186,0.0031396
0.049132,0.17566,0.31694,0.2819,0.12622,0.035465,0.0012881,0.013388,0.19786,0.26132,0.3118,0.11431,0.081828,0.024473,0.0014096,0.0069968
0.055025,0.16724,0.3106,0.29924,0.14521,0.011599,0.0023775,0.0087098,0.19922,0.328,0.26159,0.11046,0.082216,0.01582,0.00074184,0.0019523
0.052579,0.19184,0.27596,0.32725,0.11987,0.017945,0.0017912,0.012767,0.21154,0.29776,0.23944,0.12987,0.10435,0.013668,0.0001619,0.0032084
0.057988,0.2085,0.22029,0.32324,0.12092,0.048133,9.0639e-010,0.020936,0.20339,0.28435,0.22372,0.17226,0.096995,0.014177,0.0018843,0.0032142
0.092146,0.13467,0.30787,0.28596,0.11568,0.049783,0.00029638,0.013589,0.2457,0.28989,0.19899,0.13786,0.108,0.012225,0.0018956,0.0054428
0.064581,0.19865,0.29282,0.29595,0.10746,0.03305,0.00028853,0.0072071,0.27689,0.25475,0.22659,0.12499,0.10106,0.0055634,0.0035658,0.0065866
0.058621,0.16875,0.29502,0.30742,0.1157,0.036879,0.00043393,0.017175,0.2496,0.2971,0.22837,0.10939,0.078775,0.019793,0.00032936,0.016643
0.064742,0.19573,0.25661,0.33611,0.10203,0.027378,4.1016e-005,0.017352,0.2003,0.27933,0.30009,0.14015,0.043083,0.024339,0.0024382,0.010268
0.06505,0.18239,0.27915,0.34221,0.10131,0.014304,0.0036597,0.011924,0.20202,0.25574,0.28112,0.15871,0.056088,0.03265,0.0015421,0.012122
0.054218,0.18967,0.30241,0.29326,0.11618,0.028775,4.5636e-006,0.015475,0.19103,0.29037,0.31295,0.13291,0.051745,0.016075,6.0687e-006,0.0049101
0.071462,0.17412,0.27547,0.31093,0.10307,0.054714,0.0029465,0.0072935,0.18415,0.31658,0.25587,0.11759,0.095575,0.019162,0.002004,0.0090695
0.064363,0.15254,0.27689,0.3432,0.10262,0.03949,0.00030371,0.020597,0.203,0.31415,0.28567,0.1299,0.041878,0.02301,0.00058642,0.0018068
0.037477,0.19544,0.2668,0.31947,0.13163,0.026874,0.0028873,0.019412,0.21626,0.27911,0.29593,0.1483,0.038731,0.020596,0.0001998,0.00087472
0.092935,0.16468,0.32246,0.24536,0.11372,0.036168,4.5298e-006,0.024675,0.25459,0.31552,0.21513,0.14285,0.043801,0.020219,0.00074834,0.0071366
0.067708,0.15856,0.29675,0.30595,0.088034,0.059995,1.3792e-005,0.022993,0.25082,0.26485,0.24986,0.1429,0.062249,0.021919,0.0042287,0.0031757
0.086798,0.1802,0.29563,0.28376,0.076972,0.055337,0.0027083,0.01859,0.20952,0.29615,0.2293,0.16337,0.066288,0.007958,0.00062782,0.02678
0.08598,0.099792,0.30364,0.31307,0.12203,0.048555,0.010021,0.016909,0.22892,0.28528,0.20165,0.16816,0.078064,0.02023,0.00056979,0.017129
0.09013,0.13987,0.32536,0.30357,0.068918,0.046781,0.0092744,0.016102,0.2547,0.31651,0.19232,0.13486,0.06734,0.018476,0.0030618,0.012727
0.05127,0.2011,0.27934,0.3201,0.060344,0.066995,0.00045624,0.020396,0.22902,0.3322,0.21751,0.11857,0.071263,0.029135,0.00032159,0.001981
0.085089,0.16872,0.28929,0.27081,0.065166,0.096135,0.00052078,0.024272,0.2161,0.36488,0.20408,0.11325,0.066435,0.027856,0.0023317,0.0050649
0.069442,0.16373,0.34403,0.29559,0.06732,0.044081,0.00051605,0.015286,0.22465,0.31186,0.22957,0.11222,0.078092,0.034079,0.00013905,0.0093939
0.062224,0.12696,0.33969,0.31338,0.074779,0.057698,0.00057458,0.024698,0.26328,0.313,0.20823,0.10249,0.083738,0.025908,0.001858,0.0014868
0.093557,0.13595,0.28509,0.32759,0.11688,0.030302,0.00067467,0.0099621,0.27955,0.31808,0.20488,0.11595,0.060846,0.014784,0.00023226,0.0056848
0.1072,0.17356,0.26042,0.28022,0.11272,0.023226,0.006187,0.036472,0.28418,0.30096,0.18964,0.097116,0.099778,0.020391,0.00083081,0.0071058
0.08259,0.12743,0.31355,0.29105,0.1405,0.01694,0.0036505,0.024299,0.19706,0.37709,0.22483,0.10505,0.080412,0.011961,0.00012904,0.0034607
0.059491,0.16105,0.33519,0.258,0.15037,0.019307,0.0034837,0.01312,0.20281,0.35809,0.20775,0.14229,0.050685,0.025811,0.00026878,0.012305
0.075987,0.12992,0.32128,0.25288,0.14308,0.05441,0.0048732,0.01756,0.28281,0.28878,0.19445,0.11697,0.088078,0.021482,0.001332,0.0060936
0.061982,0.12777,0.34812,0.27857,0.11315,0.047648,0.0052181,0.017541,0.26677,0.29605,0.19998,0.15416,0.055585,0.019554,0.0015912,0.0063118
0.090257,0.15069,0.37055,0.20332,0.1152,0.048947,0.00013324,0.020911,0.28223,0.2867,0.23017,0.10464,0.077048,0.0072318,0.0029488,0.009037
0.07611,0.17098,0.32556,0.23655,0.13758,0.039113,0.0010269,0.013084,0.31333,0.30335,0.19133,0.10062,0.071395,0.0055098,0.00032862,0.014144
0.082572,0.15982,0.31473,0.24722,0.12829,0.054868,0.00016532,0.012333,0.26315,0.35657,0.2001,0.074784,0.084816,0.012636,0.0013601,0.0065836
0.082021,0.13518,0.33088,0.2209,0.13412,0.067485,0.00013937,0.029283,0.24368,0.28502,0.19243,0.13958,0.064881,0.062097,2.6206e-005,0.012289
0.090604,0.15763,0.30597,0.23733,0.1206,0.065732,0.0016724,0.020457,0.2188,0.30229,0.21121,0.12202,0.092042,0.0417,0.00056788,0.01137
0.06864,0.13198,0.33669,0.26954,0.11171,0.047208,0.0036207,0.030608,0.23574,0.28648,0.25911,0.086335,0.096248,0.027262,9.1442e-005,0.0087329
0.080947,0.13901,0.32559,0.32916,0.093692,0.021498,0.00054674,0.0095554,0.21918,0.31332,0.23624,0.098113,0.11207,0.014759,0.0029975,0.003309
0.094337,0.13337,0.30937,0.3101,0.104,0.020913,0.00071611,0.027187,0.266,0.30251,0.1897,0.13217,0.076693,0.029408,0.00093297,0.0025938
0.060565,0.17409,0.34204,0.29744,0.098069,0.022513,8.1846e-005,0.0052064,0.26938,0.33964,0.17978,0.11528,0.069005,0.015079,0.00035421,0.011482
0.068127,0.13504,0.32841,0.2824,0.10929,0.055354,0.002862,0.01852,0.28294,0.32464,0.15271,0.1291,0.097266,0.0091336,0.00021455,0.0039945
0.10463,0.11034,0.33133,0.28859,0.11305,0.039671,0.00019887,0.012187,0.30973,0.28645,0.19255,0.11718,0.065274,0.023795,0.00045039,0.0045766
0.10779,0.11547,0.30375,0.30523,0.092654,0.044162,0.0013372,0.029612,0.26739,0.25947,0.20104,0.15092,0.076174,0.03309,0.0034009,0.0085154
0.092502,0.11678,0.31947,0.29788,0.10354,0.048148,0.00018522,0.021495,0.25472,0.24582,0.21804,0.17646,0.06596,0.034938,0.0010239,0.0030435
0.069916,0.15263,0.2874,0.31444,0.11961,0.038809,7.0224e-007,0.017195,0.26241,0.27324,0.26299,0.097954,0.077407,0.022972,0.00101,0.0020125
0.067146,0.17772,0.2886,0.27636,0.13345,0.037199,0.004204,0.01531,0.2115,0.29263,0.26668,0.10763,0.066851,0.040139,0.0095216,0.005043
0.11764,0.10934,0.32685,0.26348,0.10081,0.055292,4.4045e-005,0.026544,0.22509,0.29317,0.25291,0.12652,0.061134,0.03505,0.00022489,0.0059004
0.091015,0.13672,0.32193,0.26757,0.10981,0.052773,0.00038402,0.019806,0.19547,0.28344,0.28138,0.132,0.077374,0.022346,2.111e-007,0.0079903
0.077858,0.14507,0.30296,0.27855,0.098338,0.060491,0.0097733,0.026968,0.19875,0.27824,0.26885,0.14763,0.086522,0.012388,3.324e-009,0.0076163
0.064126,0.13785,0.34012,0.26133,0.10938,0.071058,0.00079861,0.015333,0.18451,0.31806,0.239,0.16137,0.07206,0.021935,8.206e-005,0.0029935
0.10645,0.11574,0.30633,0.28409,0.079377,0.094256,0.0021295,0.011633,0.205,0.32466,0.24872,0.13864,0.069814,0.0051141,0.0058101,0.0022366
0.1019,0.12096,0.37338,0.23129,0.085528,0.069431,0.0094462,0.0080649,0.17928,0.3157,0.26067,0.14816,0.061033,0.026946,2.4228e-006,0.0082129
0.077254,0.14728,0.33606,0.24175,0.10178,0.080046,0.0034699,0.012359,0.212,0.28181,0.27311,0.12542,0.070368,0.035866,0.00095498,0.00046732
0.060098,0.14998,0.35445,0.27653,0.10219,0.044201,0.00028472,0.012266,0.21369,0.24341,0.28764,0.14247,0.089101,0.018343,0.00087717,0.0044617
0.071516,0.17592,0.26661,0.29972,0.09506,0.079373,0.0035052,0.0082993,0.22825,0.30179,0.21897,0.12041,0.10287,0.015336,0.0030292,0.0093461
0.084151,0.17699,0.30735,0.26409,0.098682,0.044172,0.0027995,0.02176,0.18301,0.3267,0.23747,0.14303,0.081163,0.0099052,0.0034052,0.015314
0.053583,0.20605,0.2871,0.30698,0.080638,0.049534,0.0010682,0.015049,0.24421,0.35386,0.17942,0.15168,0.037566,0.01553,0.011362,0.0063696
0.077986,0.12751,0.32766,0.2984,0.11292,0.039562,0.00035547,0.015608,0.24867,0.28444,0.25781,0.13934,0.040238,0.02751,0.00039329,0.0016045
0.11016,0.12558,0.3419,0.25468,0.092367,0.056595,0.0064953,0.012224,0.21175,0.27523,0.27944,0.1581,0.033873,0.02343,0.0030024,0.015175
0.080917,0.12452,0.32823,0.29643,0.090584,0.048399,0.0012909,0.029624,0.20406,0.22647,0.31432,0.1441,0.070343,0.01876,0.0034362,0.018509
0.092177,0.16766,0.32711,0.24317,0.095936,0.055935,0.00066729,0.017343,0.20035,0.28749,0.25003,0.18538,0.044622,0.024258,0.0029599,0.0049093
0.058177,0.18244,0.36997,0.24312,0.06066,0.081013,0.00021468,0.0044077,0.23812,0.28751,0.23622,0.15002,0.069561,0.0084547,0.0027011,0.0074187
0.058365,0.1923,0.31503,0.28892,0.07474,0.056948,3.2302e-007,0.013692,0.2523,0.30313,0.23486,0.12657,0.061093,0.01293,0.00022431,0.0089023
0.059299,0.17935,0.31387,0.31524,0.079773,0.041504,0.00016836,0.010802,0.25063,0.28986,0.23703,0.13666,0.063941,0.018876,0.00035267,0.0026385
0.074873,0.14577,0.32437,0.28542,0.09939,0.026955,0.00054701,0.042682,0.23591,0.2893,0.2497,0.12692,0.074407,0.02133,0.00032064,0.0021167
0.066009,0.16551,0.32103,0.3023,0.09514,0.043449,1.5637e-005,0.0065446,0.18366,0.35143,0.2386,0.11435,0.093837,0.011143,0.00014503,0.0068222
0.055931,0.15013,0.3066,0.29528,0.1142,0.05645,0.0002006,0.021203,0.17885,0.30701,0.34991,0.091885,0.050114,0.019759,0.00059395,0.0018832
0.08187,0.15373,0.28073,0.30204,0.12543,0.047374,0.0015805,0.0072445,0.18697,0.32954,0.24934,0.17165,0.043461,0.015456,4.9169e-010,0.0035823
0.084536,0.16411,0.3325,0.2776,0.08025,0.050207,7.2109e-005,0.010723,0.21005,0.28936,0.28668,0.13382,0.043609,0.026546,1.2169e-006,0.0099369
0.052031,0.17755,0.3177,0.2939,0.079875,0.054075,0.0015602,0.023303,0.24159,0.27683,0.27186,0.12285,0.079993,0.0058434,2.8634e-009,0.0010312
0.086253,0.1675,0.29851,0.24955,0.11463,0.050942,0.0054328,0.027177,0.22899,0.31013,0.2195,0.13676,0.082018,0.019137,0.0012063,0.002254
0.060406,0.19753,0.29238,0.30422,0.087779,0.043198,0.0039783,0.010499,0.20469,0.33242,0.22515,0.13921,0.057708,0.038312,3.4766e-005,0.0024749
0.035398,0.18714,0.31706,0.26902,0.12403,0.052127,0.0033463,0.011867,0.15188,0.33765,0.26306,0.14303,0.059532,0.03523,0.0017547,0.0078661
0.05162,0.16634,0.27375,0.34688,0.085027,0.054865,0.0025811,0.018938,0.13411,0.3238,0.2733,0.17382,0.070931,0.014007,0.002896,0.0071259
0.045928,0.1354,0.3016,0.32889,0.12076,0.044242,0.0010227,0.022164,0.17557,0.3056,0.26458,0.14398,0.074929,0.016318,0.0059948,0.013032
0.065207,0.17186,0.24417,0.33802,0.12382,0.041764,3.0293e-005,0.01513,0.19013,0.28328,0.27499,0.12126,0.10122,0.015185,0.0091735,0.0047675
0.058213,0.1762,0.29198,0.32026,0.088842,0.05169,0.0018944,0.010918,0.24318,0.28031,0.2375,0.12768,0.083333,0.019383,0.0047355,0.0038891
0.086338,0.18159,0.32215,0.25438,0.094005,0.046066,0.00062538,0.014845,0.24222,0.34465,0.19902,0.10457,0.05831,0.022783,0.0093501,0.019091
0.083029,0.13772,0.30034,0.30674,0.10989,0.049036,0.00013325,0.013113,0.22445,0.3319,0.21525,0.12351,0.068013,0.01549,0.011774,0.0096255
0.060153,0.20723,0.31705,0.26059,0.075253,0.055781,0.0011016,0.02284,0.27009,0.2299,0.23144,0.13342,0.11408,0.010047,0.0069998,0.0040222
0.059265,0.17107,0.26212,0.31688,0.11027,0.069155,0.00011432,0.011119,0.22815,0.24569,0.24503,0.15299,0.078701,0.026065,0.017584,0.0057887
0.070713,0.16436,0.25138,0.31473,0.13104,0.054314,0.00039049,0.013068,0.20676,0.23406,0.27071,0.15593,0.10373,0.020685,0.0034982,0.0046249
0.064603,0.16466,0.25806,0.34228,0.093478,0.064253,7.7308e-005,0.012584,0.2708,0.2686,0.2523,0.097987,0.080764,0.026582,0.00053975,0.002422
0.080775,0.15569,0.26939,0.2884,0.1121,0.068229,7.1684e-005,0.025348,0.20732,0.29715,0.24417,0.13425,0.068243,0.043309,0.004058,0.0015023
0.066558,0.15692,0.28424,0.2806,0.1199,0.06512,0.00038487,0.026277,0.25943,0.24842,0.24221,0.11943,0.093049,0.022993,0.0075955,0.0068791
0.065653,0.17943,0.28332,0.27824,0.12002,0.049348,0.0017104,0.022287,0.24035,0.25455,0.22201,0.14332,0.1097,0.024069,0.00039462,0.0056078
0.040247,0.18087,0.28146,0.27048,0.13716,0.059207,0.002387,0.028191,0.25406,0.2505,0.235,0.13288,0.067731,0.032637,0.0017212,0.025467
0.047101,0.13528,0.3286,0.29387,0.13277,0.041809,0.0025847,0.017985,0.20643,0.32007,0.22082,0.12063,0.095338,0.021987,0.0088699,0.0058604
0.076413,0.15874,0.32011,0.30067,0.11248,0.018084,6.3697e-005,0.013446,0.17757,0.28391,0.29374,0.12758,0.080732,0.014515,8.5734e-005,0.021874
0.053421,0.12971,0.31457,0.30107,0.14294,0.036605,0.0044213,0.017264,0.21737,0.31865,0.2296,0.11974,0.077607,0.010965,0.0024434,0.023624
0.083472,0.15875,0.25307,0.35987,0.078672,0.048025,0.0072289,0.010917,0.19812,0.28313,0.25985,0.13535,0.085198,0.025946,0.0020303,0.01037
0.072857,0.1779,0.28684,0.33779,0.058747,0.046902,0.0056,0.013363,0.2091,0.31551,0.25416,0.12131,0.066702,0.015035,0.0015954,0.016589
0.065212,0.15769,0.29006,0.30539,0.10857,0.051805,0.0017722,0.019495,0.21613,0.3075,0.26718,0.13237,0.049649,0.01338,0.007115,0.0066794
0.057779,0.22588,0.29656,0.29003,0.083503,0.029707,0.00017601,0.016371,0.21275,0.29916,0.24968,0.15761,0.038071,0.024955,0.0044171,0.013348
0.10193,0.17252,0.33203,0.26665,0.06176,0.045814,0.0044399,0.014856,0.26865,0.29154,0.23531,0.087452,0.048532,0.030373,0.014933,0.023209
0.098687,0.15721,0.31406,0.28324,0.083818,0.038676,0.0043853,0.01992,0.25389,0.23947,0.19705,0.15321,0.082085,0.048608,0.0058036,0.019891
0.083551,0.18323,0.31684,0.25032,0.11206,0.031311,0.0047405,0.017948,0.23232,0.2744,0.24861,0.13632,0.084334,0.018203,0.0023383,0.0034727
0.068269,0.18621,0.32047,0.25951,0.1156,0.029797,0.00024347,0.019896,0.19468,0.26384,0.26194,0.17854,0.074359,0.018993,0.0041806,0.0034592
0.053369,0.13199,0.34974,0.30481,0.115,0.033152,0.00045984,0.011483,0.21793,0.26108,0.27284,0.11234,0.098956,0.025898,2.0523e-005,0.01094
0.071866,0.17138,0.31125,0.27204,0.10298,0.049114,0.0028249,0.018546,0.23685,0.28228,0.25735,0.13173,0.064583,0.0098279,0.0025717,0.014814
0.041792,0.17123,0.27727,0.34526,0.10238,0.035413,0.0028982,0.023766,0.23227,0.27072,0.28501,0.14771,0.045132,0.0073487,0.0071412,0.0046687
0.049316,0.15084,0.2911,0.30809,0.10508,0.068472,0.0040458,0.023045,0.25174,0.25766,0.2705,0.12505,0.049485,0.036784,1.3025e-005,0.0087715
0.05682,0.16604,0.30632,0.26763,0.1319,0.045911,0.0010664,0.024317,0.23578,0.20678,0.26706,0.16123,0.081884,0.031372,0.0020354,0.013853
0.062753,0.2124,0.2485,0.28363,0.11005,0.060477,0.0049641,0.017223,0.23335,0.21804,0.23531,0.17887,0.097753,0.020278,0.0040724,0.012337
0.074758,0.16566,0.26034,0.30898,0.12458,0.035782,0.0077399,0.022149,0.20946,0.28702,0.2241,0.16175,0.082943,0.025897,0.0013997,0.0074314
0.05732,0.18809,0.30869,0.27072,0.11118,0.04034,0.006422,0.01724,0.25943,0.2816,0.19169,0.15348,0.085664,0.014847,0.00073014,0.012555
0.087537,0.18563,0.34826,0.22399,0.10672,0.029928,0.0014565,0.016482,0.18613,0.34648,0.224,0.13477,0.067805,0.028505,0.0017128,0.010606
0.066595,0.16539,0.32057,0.25844,0.13408,0.03292,0.0018642,0.02014,0.21252,0.30084,0.23675,0.11044,0.086985,0.024594,0.019329,0.0085407
0.081895,0.15677,0.35955,0.28763,0.080142,0.026155,0.00066251,0.0071929,0.23674,0.31778,0.18482,0.14985,0.077968,0.023023,0.00034046,0.0094791
0.094184,0.12225,0.31762,0.31198,0.11892,0.023432,0.0024575,0.0091625,0.24634,0.28842,0.25016,0.12573,0.063477,0.02,0.0024348,0.003439
0.090081,0.16624,0.2433,0.32483,0.10739,0.048723,0.0013193,0.018116,0.20002,0.33491,0.21216,0.089227,0.091472,0.053831,0.0010523,0.017327
0.079977,0.14321,0.24652,0.32095,0.12952,0.033613,0.0085303,0.037678,0.28934,0.24776,0.22472,0.13215,0.051447,0.04234,0.0063687,0.0058784
0.092934,0.15936,0.29197,0.30726,0.085123,0.042992,0.0048886,0.015461,0.21909,0.25204,0.25419,0.13878,0.058114,0.066361,0.00085731,0.01057
0.088876,0.17026,0.28917,0.3234,0.067354,0.035311,0.00089435,0.024741,0.23795,0.31009,0.22347,0.11469,0.058373,0.022949,0.0053101,0.027171
0.08888,0.15446,0.27802,0.30358,0.10662,0.045706,0.00017447,0.022564,0.20385,0.29438,0.23968,0.15011,0.07292,0.020482,0.0020132,0.016569
0.080608,0.17861,0.30181,0.29204,0.10084,0.033417,0.00065948,0.01202,0.17173,0.3271,0.23844,0.13541,0.0951,0.0083876,0.0095506,0.014281
0.045743,0.15413,0.32231,0.31188,0.11724,0.038049,5.1504e-005,0.010586,0.155,0.28337,0.25842,0.15179,0.067913,0.052701,0.0043664,0.026443
0.10294,0.17953,0.22753,0.26259,0.15493,0.041429,0.0062735,0.024779,0.21741,0.25978,0.2674,0.13982,0.080504,0.022257,0.0031648,0.0096654
0.088921,0.15103,0.31098,0.2781,0.10219,0.045435,0.0001433,0.023206,0.19456,0.34069,0.23212,0.12409,0.077883,0.0075173,0.0053272,0.017822
0.07873,0.11885,0.338,0.28413,0.098344,0.070425,0.00093784,0.010581,0.20458,0.29504,0.25568,0.12292,0.07839,0.027606,0.0074434,0.0083406
0.071843,0.12201,0.28515,0.34964,0.085925,0.070476,0.00035333,0.014613,0.21375,0.30635,0.20712,0.13318,0.077192,0.046689,0.00053132,0.015183
0.065334,0.16459,0.27619,0.3028,0.12602,0.056604,0.00079702,0.0076652,0.19035,0.35074,0.25308,0.099132,0.071818,0.02624,0.0010232,0.0076149
0.056677,0.12441,0.28392,0.30241,0.14027,0.067534,0.0012642,0.023521,0.20448,0.26287,0.29289,0.13407,0.066357,0.031207,0.0018443,0.0062915
0.07357,0.18422,0.32311,0.26279,0.11254,0.027587,0.0016321,0.014552,0.19357,0.30172,0.26589,0.098246,0.075112,0.04374,0.00048885,0.021229
0.073203,0.15961,0.27315,0.33589,0.11301,0.017091,0.0011559,0.026894,0.26021,0.23123,0.24215,0.12572,0.097978,0.025321,0.00087565,0.016522
0.058583,0.13188,0.30791,0.35221,0.10466,0.024004,0.0068203,0.013935,0.2027,0.2564,0.34169,0.10072,0.069673,0.016812,6.0632e-005,0.01195
0.063392,0.2128,0.26598,0.28759,0.11184,0.034978,0.0011208,0.022308,0.21903,0.31334,0.28926,0.077041,0.086394,0.013246,4.5555e-005,0.001657
0.10024,0.21827,0.30938,0.24896,0.075259,0.028897,0.0018628,0.01713,0.194,0.35185,0.22291,0.12279,0.078027,0.026499,0.0016628,0.0022596
0.076881,0.20954,0.26735,0.29993,0.066104,0.061507,0.002931,0.01575,0.20855,0.29384,0.29124,0.10272,0.061346,0.021713,0.0027385,0.017855
0.09132,0.13015,0.32458,0.32036,0.068297,0.039084,0.007672,0.018548,0.17308,0.26715,0.2712,0.15306,0.085988,0.029881,0.0037136,0.015923
0.066666,0.15714,0.28903,0.30341,0.095496,0.070531,0.0041691,0.013556,0.17954,0.36536,0.24137,0.09411,0.096234,0.017469,0.0036369,0.0022832
0.080116,0.11329,0.24151,0.35653,0.12965,0.059092,0.00063183,0.01917,0.1839,0.31868,0.2804,0.11834,0.060071,0.024619,0.0058052,0.0081793
0.059752,0.21902,0.28821,0.26047,0.10936,0.046168,0.00072696,0.01629,0.19582,0.28769,0.29197,0.14211,0.053286,0.024796,0.0016359,0.002684
0.068156,0.17339,0.28134,0.26393,0.14142,0.050808,0.011256,0.0097058,0.19501,0.24505,0.32793,0.15181,0.071845,0.0067185,9.2743e-005,0.0015446
0.059454,0.15186,0.3127,0.29365,0.096018,0.046454,0.0026768,0.037195,0.14266,0.26661,0.35561,0.15614,0.061527,0.01556,0.00035441,0.0015434
0.071611,0.13465,0.28523,0.31263,0.10666,0.04419,0.0091498,0.035877,0.1992,0.28104,0.27168,0.14322,0.07343,0.021869,1.4384e-008,0.0095675
0.060827,0.14971,0.2946,0.29822,0.1269,0.052413,0.0078642,0.0094551,0.27351,0.26127,0.20869,0.15271,0.061477,0.032749,0.00011484,0.0094768
0.048267,0.13624,0.33612,0.27834,0.12923,0.058904,0.0063226,0.0065828,0.27842,0.26061,0.24927,0.11388,0.05732,0.019592,0.0038296,0.017074
0.068374,0.15367,0.35029,0.24665,0.11675,0.055167,0.0021522,0.0069511,0.23988,0.2469,0.27655,0.10251,0.082593,0.031413,0.0076524,0.012502
0.089477,0.11898,0.32182,0.30025,0.12019,0.032808,0.00028242,0.016195,0.21176,0.26698,0.27572,0.15495,0.054706,0.024402,0.0062947,0.005186
0.10015,0.10908,0.2812,0.33273,0.093769,0.045582,0.0055301,0.031958,0.19098,0.21981,0.3133,0.15312,0.089027,0.028226,0.00084466,0.0047002
0.075954,0.15087,0.26749,0.30789,0.1123,0.054857,0.0014773,0.02915,0.21495,0.21679,0.33195,0.1237,0.082146,0.018695,0.0010843,0.010678
0.085001,0.16011,0.30551,0.31263,0.086261,0.032294,0.00015001,0.018043,0.18181,0.23547,0.32376,0.098573,0.11761,0.03249,0.0030526,0.0072388
0.050419,0.13478,0.32749,0.32985,0.0985,0.045928,0.00081283,0.012218,0.20177,0.35492,0.22906,0.076227,0.078547,0.047837,0.0004824,0.011159
0.05811,0.11574,0.31925,0.31068,0.10491,0.055841,0.021997,0.013476,0.25555,0.275,0.27316,0.084452,0.068998,0.032265,0.0017361,0.0088368
0.067027,0.15676,0.34499,0.26385,0.095557,0.049492,0.00052696,0.021796,0.25819,0.267,0.29145,0.10834,0.057435,0.013809,0.0029194,0.00085373
0.094474,0.19684,0.32915,0.2485,0.064303,0.044703,0.001368,0.020657,0.25379,0.28296,0.27508,0.076881,0.089664,0.01616,0.0023766,0.0030953
0.054693,0.1802,0.33357,0.2969,0.080283,0.036076,0.0038648,0.014418,0.23699,0.26975,0.28061,0.10592,0.06925,0.027606,0.00099343,0.0088843
0.064269,0.16285,0.29455,0.2875,0.10945,0.059154,0.00017097,0.022048,0.23849,0.28161,0.28735,0.11068,0.059995,0.014947,0.00074239,0.0061784
0.068869,0.17941,0.30714,0.2991,0.084276,0.047832,5.8228e-005,0.013313,0.16466,0.28258,0.33605,0.099947,0.082527,0.025065,0.0014438,0.00772
0.075333,0.19426,0.27483,0.28403,0.095113,0.056592,6.6485e-005,0.019771,0.24029,0.30228,0.26074,0.10104,0.077421,0.011065,0.0005066,0.0066677
0.092961,0.14456,0.26572,0.31231,0.11121,0.056911,0.00017081,0.016154,0.25204,0.29484,0.24276,0.10985,0.074673,0.023453,0.00027366,0.0021061
0.10913,0.15554,0.28215,0.29886,0.080951,0.046367,0.0060014,0.021,0.26625,0.319,0.23759,0.069633,0.078468,0.02459,0.0029841,0.0014863
0.064536,0.19605,0.3067,0.27188,0.087201,0.052596,0.002533,0.018503,0.32041,0.23861,0.22238,0.10753,0.07481,0.031855,2.6833e-008,0.0044023
0.084687,0.1668,0.31837,0.27757,0.087387,0.040782,0.0051122,0.019295,0.23448,0.289,0.25998,0.11966,0.064369,0.028869,0.0010771,0.0025662
0.078787,0.12922,0.3229,0.24596,0.13913,0.059979,0.00068708,0.023338,0.24212,0.25686,0.21817,0.19545,0.066237,0.018757,3.4691e-007,0.0024007
0.08384,0.16946,0.29649,0.25615,0.10313,0.059727,0.0022311,0.028972,0.27422,0.27102,0.20636,0.1528,0.065821,0.020594,0.0036737,0.0055211
0.07491,0.098002,0.36455,0.23078,0.13162,0.058045,0.000352,0.041736,0.22831,0.33085,0.23757,0.12615,0.04965,0.019434,3.4151e-005,0.0080013
0.077697,0.12044,0.32785,0.31466,0.081626,0.058978,0.0011525,0.017591,0.22175,0.34199,0.21898,0.13753,0.057288,0.015751,0.0017304,0.0049844
0.062018,0.14598,0.28378,0.32831,0.09378,0.057536,0.0032734,0.025322,0.28833,0.36884,0.21427,0.082743,0.030331,0.0065286,0.004125,0.0048334
0.08422,0.15127,0.27016,0.31556,0.097479,0.041103,0.012378,0.027826,0.20594,0.30555,0.26416,0.11989,0.067322,0.016584,0.00023856,0.020311
0.090225,0.15525,0.30224,0.2835,0.10619,0.043387,0.0028121,0.016398,0.2482,0.35448,0.20601,0.099729,0.067046,0.019901,8.3155e-005,0.0045467
0.13078,0.15246,0.31114,0.22173,0.11601,0.035828,0.0027475,0.029299,0.23132,0.30118,0.25954,0.10033,0.083171,0.0090583,0.0034571,0.01195
0.11071,0.19152,0.29349,0.23975,0.099368,0.035568,0.0042996,0.025288,0.23992,0.27769,0.24615,0.10481,0.094349,0.014386,7.3887e-005,0.022608
0.067848,0.14933,0.33148,0.31139,0.094443,0.019536,0.0032708,0.022704,0.23905,0.29484,0.22719,0.116,0.088197,0.022898,0.0024584,0.0093686
0.059697,0.16137,0.33609,0.30047,0.082654,0.044224,0.0022078,0.013284,0.23393,0.32104,0.2281,0.13598,0.066313,0.011572,0.0017941,0.0012653
0.072963,0.16265,0.31122,0.29246,0.094052,0.047781,0.0032704,0.015606,0.16355,0.31359,0.25973,0.14613,0.074828,0.034267,0.0024937,0.0054074
0.080158,0.19488,0.31282,0.27437,0.088781,0.029049,0.0019865,0.017947,0.24598,0.2247,0.25733,0.14537,0.09355,0.027308,0.00037769,0.0053914
0.065881,0.18939,0.32936,0.24895,0.095269,0.037504,0.0040235,0.029627,0.18403,0.27582,0.29014,0.10335,0.10021,0.045296,0.00056786,0.00059813
0.062247,0.22666,0.28813,0.2328,0.097735,0.048817,0.018785,0.024824,0.26207,0.24423,0.31175,0.063012,0.084173,0.030468,0.00017697,0.0041163
0.050008,0.19131,0.31003,0.25393,0.10808,0.059995,0.0061921,0.020459,0.26353,0.30751,0.24959,0.075503,0.047789,0.038314,0.0052797,0.012484
0.082518,0.16317,0.34129,0.26775,0.075522,0.051517,0.00431,0.013926,0.27011,0.33757,0.22553,0.082997,0.036865,0.033075,0.0065622,0.0072856
0.060663,0.17391,0.37326,0.23607,0.072462,0.062273,0.00076301,0.020596,0.22447,0.3199,0.23418,0.10289,0.078977,0.029564,0.0031942,0.0068199
0.094001,0.13203,0.32263,0.27615,0.093845,0.054814,0.01206,0.014469,0.19933,0.35242,0.2177,0.11236,0.069504,0.039856,0.0011306,0.0077041
0.082396,0.10641,0.34462,0.32116,0.07263,0.052242,0.0053046,0.015236,0.22759,0.31119,0.23611,0.097115,0.078203,0.012458,0.010463,0.026878
0.08761,0.13432,0.35046,0.25358,0.12212,0.02852,0.012718,0.010664,0.233,0.28248,0.27936,0.094411,0.06691,0.033101,0.0037218,0.0070202
0.059868,0.14326,0.36127,0.25372,0.099938,0.041364,0.010492,0.030092,0.27186,0.26801,0.20277,0.13358,0.097475,0.019942,2.7528e-005,0.006332
0.065746,0.15848,0.34788,0.24314,0.12035,0.023138,0.0068951,0.034373,0.27199,0.31048,0.21672,0.11189,0.072116,0.0094985,0.00052839,0.0067788
0.11016,0.13972,0.32109,0.20901,0.14241,0.055374,0.0048097,0.017434,0.20574,0.31387,0.27599,0.13053,0.057482,0.0033029,0.0023214,0.010763
0.10938,0.13062,0.2709,0.27317,0.11952,0.073858,0.0043601,0.018196,0.21357,0.30363,0.28723,0.089676,0.084099,0.01695,0.0038071,0.0010381
0.073507,0.10779,0.3082,0.31333,0.091024,0.079317,0.011173,0.015656,0.21271,0.33192,0.22048,0.15037,0.050332,0.026436,0.0028882,0.0048683
0.074956,0.1502,0.34498,0.26266,0.10977,0.036881,0.0063994,0.014142,0.19464,0.31064,0.25373,0.14521,0.048859,0.021542,0.006601,0.018776
0.08512,0.13836,0.30042,0.28037,0.11236,0.057345,0.0011944,0.024827,0.17495,0.33153,0.25521,0.13409,0.074489,0.025912,0.0020979,0.0017251
0.084227,0.15078,0.27513,0.32285,0.09886,0.056038,0.0027792,0.0093299,0.24113,0.25655,0.24766,0.14152,0.064335,0.025278,0.011189,0.01234
0.058713,0.12819,0.2988,0.30461,0.10678,0.073938,0.0089102,0.020064,0.20353,0.26014,0.27769,0.14465,0.073391,0.022168,0.011581,0.0068435
0.0795,0.16586,0.29018,0.29108,0.10722,0.046976,0.0015915,0.017597,0.20696,0.25323,0.25034,0.15789,0.086065,0.037131,0.0033805,0.0050083
0.090321,0.15188,0.27318,0.25782,0.14611,0.052826,0.0077595,0.0201,0.18887,0.27553,0.23865,0.16054,0.098867,0.023841,0.001034,0.012673
0.06807,0.14985,0.29228,0.28295,0.13894,0.046238,0.0056903,0.015972,0.22037,0.26762,0.24558,0.16807,0.064719,0.024961,0.0026255,0.0060577
0.088211,0.15194,0.28335,0.26508,0.13368,0.062981,0.00029463,0.01446,0.17616,0.2419,0.27349,0.21057,0.065696,0.028637,0.0013035,0.0022388
0.070738,0.22093,0.25675,0.2519,0.12712,0.064115,0.00013899,0.0082997,0.19896,0.2576,0.25239,0.18534,0.059119,0.031716,0.0056695,0.0092145
0.077473,0.14973,0.24856,0.31574,0.12962,0.066789,0.0011504,0.010936,0.19461,0.2566,0.27746,0.18551,0.052709,0.011291,0.00076193,0.021053
0.095281,0.12891,0.26837,0.29782,0.10177,0.07785,0.0055084,0.024502,0.23148,0.30525,0.21544,0.16168,0.055175,0.023783,0.0014378,0.0057557
0.079816,0.16738,0.27568,0.24248,0.12915,0.067458,0.00052207,0.037514,0.26413,0.2476,0.2774,0.11365,0.046017,0.025689,0.020942,0.0045672
0.070854,0.14624,0.30833,0.2771,0.12411,0.050129,0.0022189,0.021016,0.28563,0.21661,0.30902,0.10041,0.060357,0.019623,0.0065508,0.0017951
0.048843,0.17361,0.32007,0.29499,0.099929,0.036388,0.001921,0.024246,0.30622,0.19398,0.26207,0.13713,0.071619,0.01964,0.0027786,0.0065539
0.056817,0.22111,0.29697,0.25278,0.10298,0.058945,0.0004078,0.0099881,0.27721,0.25049,0.2169,0.14867,0.064119,0.018748,0.018547,0.0053173
0.087821,0.17678,0.28459,0.29853,0.08129,0.046532,0.0018128,0.022648,0.21244,0.29869,0.25844,0.13022,0.084189,0.012114,0.0019831,0.0019196
0.10585,0.14307,0.29009,0.27504,0.10842,0.061495,0.0036169,0.012415,0.26452,0.32555,0.24457,0.094673,0.043452,0.019898,0.0043547,0.0029868
0.068775,0.15174,0.25254,0.36845,0.084948,0.061836,0.0018962,0.0098135,0.26962,0.30929,0.2329,0.10513,0.05551,0.019785,0.00027946,0.0074717
0.067405,0.15973,0.27088,0.32966,0.1001,0.057412,0.0043121,0.010494,0.22056,0.31243,0.21756,0.12442,0.067503,0.038462,0.0033745,0.015699
0.045715,0.24151,0.27399,0.30555,0.076403,0.038334,0.00084649,0.017654,0.23948,0.30715,0.20572,0.1421,0.060602,0.024072,0.0061588,0.014712
0.053002,0.17819,0.31906,0.29155,0.089853,0.042816,0.0077784,0.017748,0.19262,0.35927,0.23237,0.103,0.074928,0.023516,0.0050997,0.0092039
0.04457,0.17817,0.242,0.31021,0.12262,0.07363,0.0059612,0.022838,0.16855,0.34073,0.2508,0.13032,0.06385,0.020966,0.0052173,0.019568
0.038155,0.18527,0.27567,0.32258,0.10687,0.052616,0.0012075,0.017622,0.19503,0.31477,0.23164,0.13974,0.08617,0.021096,0.0029876,0.0085688
0.056884,0.13867,0.316,0.28556,0.13882,0.041403,0.00021068,0.022456,0.1788,0.31051,0.25639,0.12497,0.09252,0.026064,0.00063585,0.010111
0.066865,0.13555,0.29589,0.28352,0.14665,0.05576,0.00049856,0.015278,0.21484,0.2832,0.26332,0.13861,0.077544,0.015108,0.0044313,0.0029403
0.083722,0.11377,0.30372,0.28289,0.14302,0.057171,0.0015667,0.014148,0.28348,0.28501,0.21784,0.11074,0.071352,0.016394,0.0026693,0.012514
0.092512,0.14937,0.28082,0.25377,0.13539,0.061641,0.0083816,0.018113,0.24301,0.29847,0.19041,0.11838,0.11132,0.025609,0.0031242,0.0096705
0.063289,0.14146,0.26142,0.31593,0.1343,0.062638,0.0058648,0.015098,0.19463,0.29957,0.22477,0.11594,0.095186,0.055253,0.0041801,0.010465
0.083379,0.11404,0.29914,0.31734,0.11119,0.063813,0.00088771,0.010212,0.22013,0.28951,0.24607,0.14155,0.06005,0.024868,0.0027991,0.015027
0.089661,0.17437,0.27645,0.29542,0.094875,0.050118,0.0025741,0.016531,0.22306,0.33776,0.21103,0.12638,0.07041,0.020395,0.0055053,0.0054585
0.096862,0.15384,0.24974,0.29829,0.1133,0.069141,0.00024209,0.018578,0.22837,0.25883,0.29633,0.12622,0.053745,0.030724,0.0022772,0.0034963
0.080983,0.18087,0.28977,0.26827,0.096669,0.059377,0.0013081,0.022745,0.21317,0.26123,0.27614,0.12685,0.054531,0.044893,0.011403,0.01178
0.066869,0.20276,0.27535,0.27209,0.121,0.039445,0.0021733,0.020326,0.26029,0.26558,0.21685,0.12713,0.070066,0.028047,0.0090577,0.022975
0.088545,0.12261,0.3165,0.26904,0.14416,0.046211,0.00021422,0.012721,0.27866,0.28799,0.19863,0.14801,0.049482,0.011256,2.3841e-005,0.025951
0.055202,0.18312,0.25331,0.30949,0.1264,0.0614,0.00093036,0.010149,0.22706,0.33731,0.18845,0.13805,0.075951,0.030852,4.7024e-005,0.0022861
0.068073,0.079703,0.323,0.30441,0.12972,0.075266,0.00086701,0.018957,0.22189,0.32342,0.20358,0.12181,0.085632,0.022605,0.01992,0.0011312
0.090826,0.12578,0.30911,0.26466,0.1175,0.072243,0.0064388,0.013439,0.24378,0.28388,0.2216,0.13071,0.089305,0.01215,0.0057641,0.012802
0.078859,0.13142,0.28276,0.28775,0.11004,0.080666,0.015334,0.013164,0.20052,0.3182,0.26717,0.10112,0.078392,0.020051,0.0017905,0.012762
0.060439,0.13209,0.30896,0.29146,0.14072,0.048463,0.0014429,0.01643,0.16321,0.35655,0.27777,0.083326,0.078916,0.035856,0.00035022,0.0040295
0.068883,0.16396,0.28587,0.33847,0.081363,0.038457,0.0034707,0.019524,0.19872,0.33756,0.20341,0.14492,0.086039,0.018471,0.0019227,0.0089535
0.062613,0.14438,0.32769,0.30888,0.10761,0.025807,0.0020814,0.020938,0.23979,0.29356,0.23382,0.12901,0.059126,0.025869,0.0018148,0.017007
0.10387,0.15612,0.30039,0.29304,0.10451,0.033328,0.00072248,0.0080258,0.23,0.29761,0.20458,0.15935,0.048738,0.036617,0.0046317,0.018474
0.071334,0.16578,0.28217,0.29789,0.083082,0.082055,0.00028111,0.017412,0.24968,0.26388,0.20702,0.18763,0.049621,0.032123,0.0026695,0.0073835
0.072812,0.17439,0.26721,0.30707,0.081637,0.086759,0.000222,0.009899,0.19545,0.25822,0.27177,0.1398,0.10677,0.0080017,0.002518,0.017462
0.070188,0.14272,0.2885,0.31594,0.095491,0.065712,0.0010276,0.020423,0.25707,0.27037,0.18535,0.14237,0.10254,0.031576,0.0076846,0.0030343
0.06818,0.11424,0.31434,0.32724,0.11492,0.050449,0.0020443,0.0085951,0.25648,0.33943,0.23119,0.097796,0.04564,0.021985,0.0049525,0.0025253
0.075511,0.10486,0.30981,0.31348,0.1169,0.067479,0.0007769,0.011179,0.27371,0.32274,0.19053,0.10526,0.058945,0.032389,0.00092552,0.015501
0.052188,0.12251,0.29632,0.28654,0.1476,0.07541,0.00074655,0.018683,0.29397,0.3044,0.20608,0.081654,0.054372,0.04386,0.011263,0.0044035
0.067178,0.17255,0.31601,0.26328,0.11585,0.054125,0.00055539,0.010462,0.21685,0.36301,0.19923,0.073211,0.087243,0.050756,0.0017451,0.0079472
0.072873,0.17594,0.28853,0.28351,0.10083,0.064997,0.0028481,0.010465,0.22355,0.29853,0.25091,0.091325,0.089923,0.032113,0.0053244,0.0083234
0.056819,0.15402,0.29799,0.28057,0.14201,0.054688,0.0051978,0.0087054,0.24086,0.28189,0.23841,0.10563,0.096269,0.017728,0.0075867,0.011619
0.079168,0.18185,0.28566,0.26146,0.13628,0.039572,0.0068672,0.009144,0.19489,0.32523,0.27167,0.11388,0.068525,0.021441,0.00015272,0.0042129
0.083906,0.184,0.28352,0.25715,0.12084,0.047921,0.0063282,0.016332,0.29537,0.31916,0.23437,0.081673,0.051484,0.016515,7.3615e-006,0.001416
0.070446,0.15383,0.30593,0.29278,0.096067,0.06809,0.0016684,0.011191,0.1925,0.31064,0.26238,0.15026,0.050889,0.029696,0.0015172,0.0021173
0.073294,0.1382,0.27221,0.3231,0.078148,0.080238,0.0013678,0.033435,0.20987,0.29053,0.25451,0.14803,0.055967,0.032006,9.3947e-007,0.0090874
0.051901,0.15084,0.32589,0.3335,0.077473,0.044662,0.0024992,0.013239,0.21265,0.27474,0.21753,0.15333,0.091461,0.013982,0.012336,0.023971
0.050064,0.12979,0.31073,0.34407,0.082736,0.058426,0.008246,0.015949,0.22686,0.29177,0.2235,0.12183,0.08927,0.042456,0.00023779,0.004086
0.10058,0.18081,0.28281,0.303,0.080947,0.042054,0.0019179,0.0078891,0.19534,0.30789,0.21669,0.14021,0.091306,0.046369,0.00041399,0.0017805
0.083624,0.19278,0.26808,0.30258,0.076038,0.054779,0.0060103,0.016104,0.24906,0.28764,0.21931,0.15152,0.059178,0.022587,0.00048427,0.010211
0.058223,0.17473,0.34977,0.25915,0.089501,0.058725,0.0032716,0.0066278,0.22774,0.28365,0.23319,0.14606,0.070214,0.029655,0.0019739,0.0075116
0.076588,0.16177,0.34675,0.25301,0.093591,0.050145,0.0018818,0.016256,0.23914,0.24067,0.23674,0.16207,0.099822,0.011849,0.0015027,0.0082157
0.068775,0.2135,0.29673,0.24849,0.09791,0.061614,0.0023858,0.010598,0.22319,0.25163,0.21701,0.1713,0.11169,0.018942,0.0041195,0.0021205
0.085707,0.18381,0.28596,0.26157,0.13197,0.03716,9.2851e-005,0.013731,0.2107,0.28883,0.22329,0.13835,0.10795,0.013628,0.015732,0.0015291
0.063427,0.18716,0.25989,0.26289,0.15172,0.045182,0.0027379,0.02699,0.23874,0.25212,0.22444,0.16744,0.087537,0.023399,0.0016015,0.0047288
0.068355,0.16163,0.25254,0.29587,0.13098,0.056434,0.0023811,0.031807,0.24206,0.27468,0.24316,0.15131,0.046014,0.024947,0.0007949,0.017038
0.070485,0.1601,0.27921,0.26225,0.14182,0.055903,0.0099653,0.020261,0.2861,0.24976,0.25303,0.11187,0.060747,0.017044,0.0024832,0.018956
0.092323,0.13776,0.3352,0.23924,0.124,0.06531,0.0014448,0.0047178,0.20997,0.32899,0.21064,0.1133,0.088282,0.023406,0.00053168,0.024892
0.096631,0.18272,0.29136,0.2328,0.11809,0.055783,0.00076915,0.021852,0.23155,0.30812,0.25377,0.10026,0.070264,0.020466,0.0020412,0.013527
0.085831,0.21809,0.26965,0.21681,0.13103,0.053233,0.0032803,0.022067,0.25177,0.32009,0.23385,0.090646,0.072271,0.02109,0.004882,0.0054019
0.10979,0.13403,0.29357,0.28861,0.10185,0.055613,0.0021206,0.014406,0.203,0.35624,0.22428,0.10468,0.07278,0.031208,0.00026676,0.0075431
0.089412,0.14346,0.23109,0.35963,0.093059,0.076378,0.0020993,0.0048638,0.19306,0.31694,0.26619,0.088401,0.075249,0.050676,0.0040697,0.0054227
0.095221,0.16469,0.28736,0.28215,0.082843,0.054961,0.0038827,0.028889,0.20093,0.29715,0.288,0.10821,0.066718,0.030927,0.0032774,0.0047931
0.08709,0.14848,0.36254,0.2481,0.098595,0.048599,0.0021155,0.0044814,0.25092,0.32604,0.25966,0.084946,0.058821,0.016232,0.0016567,0.0017142
0.077859,0.16949,0.30084,0.2635,0.086912,0.081701,0.0039098,0.01579,0.2454,0.32972,0.25708,0.070392,0.072084,0.017014,0.0013294,0.0069855
0.093701,0.18113,0.32025,0.2374,0.088617,0.060214,0.0032521,0.015446,0.28741,0.27147,0.25332,0.067182,0.088483,0.029149,0.00024796,0.0027403
0.071226,0.15997,0.31619,0.26699,0.10542,0.062641,6.1827e-006,0.017549,0.24875,0.29461,0.27618,0.077992,0.074516,0.022846,0.0018868,0.0032181
0.080608,0.12923,0.32696,0.2871,0.083564,0.067299,0.00047563,0.024762,0.26628,0.30293,0.27824,0.086216,0.046066,0.0045122,0.013556,0.0022004
0.056549,0.18023,0.29099,0.26584,0.11545,0.061918,0.0055151,0.023518,0.23968,0.2674,0.30923,0.08094,0.089407,0.0074585,0.0022763,0.0035979
0.061776,0.18046,0.30106,0.24073,0.13208,0.052933,0.0031967,0.027766,0.22371,0.30944,0.26876,0.067609,0.088478,0.025916,0.010211,0.0058716
0.066958,0.17215,0.24722,0.25954,0.17634,0.057582,0.001355,0.018855,0.18599,0.29521,0.2938,0.11865,0.078277,0.026694,0.00070108,0.00068821
0.068882,0.17195,0.28775,0.26275,0.13531,0.046444,1.3611e-005,0.026904,0.22958,0.26763,0.25096,0.16097,0.055507,0.025529,0.0016697,0.0081527
0.051932,0.15819,0.30202,0.26722,0.13665,0.047104,0.0004457,0.036428,0.23266,0.26701,0.27044,0.12132,0.068304,0.014222,0.0021904,0.023859
0.045061,0.16979,0.31039,0.2651,0.12849,0.067043,0.0010358,0.013084,0.2554,0.29268,0.23477,0.093632,0.091973,0.019149,0.00055175,0.011838
0.086552,0.14071,0.25427,0.30494,0.12895,0.073396,0.0015396,0.009648,0.2477,0.2801,0.25794,0.10298,0.09251,0.01497,0.0022574,0.0015428
0.06464,0.1378,0.29989,0.32769,0.10083,0.053508,0.0025688,0.013063,0.25478,0.28315,0.25549,0.099569,0.086218,0.0081034,0.0069387,0.0057533
0.10975,0.111,0.29552,0.30649,0.10622,0.054381,0.00012222,0.016523,0.22697,0.2792,0.24418,0.13634,0.088451,0.019251,0.00061602,0.004994
0.1075,0.11726,0.31196,0.27799,0.10203,0.072628,1.3634e-009,0.010632,0.22955,0.28895,0.23136,0.096664,0.096305,0.019493,0.0034984,0.034177
0.083095,0.076285,0.30988,0.35101,0.09436,0.054764,4.5164e-005,0.030562,0.25284,0.27393,0.18676,0.13309,0.090342,0.038166,0.0081194,0.016742
0.10187,0.11771,0.33887,0.28957,0.085165,0.048263,0.0029838,0.015565,0.2888,0.26142,0.23526,0.10484,0.067673,0.029562,0.0014697,0.010978
0.087592,0.17278,0.3026,0.2989,0.066786,0.050843,0.0006052,0.019892,0.21509,0.2988,0.23855,0.14018,0.065914,0.023773,0.006898,0.010788
0.073804,0.16969,0.30726,0.27302,0.10386,0.053686,0.0021472,0.016533,0.2661,0.31615,0.21011,0.086874,0.07564,0.029741,0.0042115,0.011179
0.07603,0.1973,0.27354,0.25947,0.086866,0.097391,0.0018079,0.0075969,0.21729,0.31534,0.24713,0.1213,0.074768,0.021013,0.00067469,0.00249
0.096276,0.16523,0.31113,0.24827,0.10465,0.065496,0.00023863,0.0086983,0.22273,0.29515,0.27706,0.10353,0.067626,0.026637,0.0010718,0.0061903
0.072254,0.18021,0.33682,0.23996,0.094482,0.070024,6.0313e-007,0.0062524,0.23055,0.2905,0.26955,0.092561,0.06807,0.024259,0.00072396,0.023785
0.10523,0.13969,0.32811,0.22743,0.11743,0.069526,0.00065381,0.011945,0.19808,0.30867,0.21,0.093956,0.12107,0.055523,7.4065e-005,0.01263
0.09383,0.1586,0.31061,0.21664,0.15713,0.040986,5.2778e-005,0.022153,0.22553,0.33815,0.21904,0.081776,0.084888,0.034597,2.4381e-006,0.016016
0.086419,0.15526,0.30028,0.3058,0.084922,0.040807,0.013386,0.013129,0.26125,0.29163,0.20784,0.086823,0.10192,0.021038,0.0053138,0.024188
0.069458,0.16771,0.33544,0.22865,0.096702,0.077824,0.011013,0.0132,0.26859,0.2865,0.23852,0.116,0.053078,0.019919,0.0024451,0.014949
0.076563,0.18131,0.30122,0.26783,0.076383,0.078054,0.0043865,0.014244,0.27692,0.28604,0.25792,0.11358,0.053102,0.0097015,8.5397e-006,0.002723
0.062264,0.16734,0.32017,0.25864,0.098442,0.068973,0.005731,0.018445,0.28428,0.30783,0.19838,0.11706,0.067971,0.022891,4.2174e-007,0.0015853
0.068586,0.17347,0.25794,0.27692,0.12,0.076987,0.0076877,0.018414,0.2552,0.26305,0.24015,0.12537,0.076412,0.022105,0.014782,0.002925
0.090466,0.18573,0.25559,0.2588,0.1156,0.07391,0.0022727,0.017621,0.27616,0.27153,0.23506,0.13327,0.060638,0.010167,0.0072487,0.005926
0.079837,0.14452,0.25455,0.34113,0.10584,0.056777,0.0059808,0.011367,0.25507,0.22284,0.27338,0.12736,0.10464,0.01243,0.00076353,0.0035173
0.11065,0.12105,0.32186,0.26131,0.10235,0.060792,0.0014736,0.020512,0.25224,0.25695,0.25715,0.11633,0.080057,0.024397,0.0075263,0.0053427
0.095519,0.10386,0.31947,0.28452,0.12793,0.054055,0.0018118,0.012838,0.25456,0.24397,0.25585,0.157,0.049458,0.027518,0.0039372,0.0077158
0.086558,0.1188,0.30011,0.29714,0.13366,0.054758,0.0022661,0.0067061,0.19172,0.26766,0.28073,0.13581,0.070225,0.031061,0.00011221,0.022679
0.080637,0.15023,0.31721,0.27697,0.11316,0.047543,1.7868e-005,0.014235,0.22588,0.25222,0.32154,0.10535,0.052204,0.031322,0.0033199,0.0081681
0.077748,0.16308,0.27828,0.24921,0.13337,0.085654,0.0041026,0.0085652,0.24603,0.28523,0.25132,0.10887,0.061625,0.037561,8.3773e-006,0.0093586
0.069139,0.15484,0.29802,0.27344,0.089865,0.090093,0.0022174,0.022384,0.23046,0.25274,0.2749,0.14343,0.075583,0.021976,4.7461e-005,0.0008712
0.062007,0.13733,0.29924,0.32705,0.082603,0.056214,0.00153,0.034029,0.24141,0.19857,0.28787,0.13436,0.084605,0.030168,0.00096457,0.022058
0.077761,0.12272,0.30679,0.32649,0.09316,0.059042,0.0017018,0.012337,0.24427,0.32767,0.24579,0.071447,0.083295,0.023263,0.0015639,0.002702
0.064484,0.11741,0.35693,0.28519,0.11206,0.045189,0.00045762,0.01829,0.23324,0.3141,0.2259,0.077067,0.10973,0.036059,0.00012352,0.003773
0.048669,0.15356,0.30015,0.31404,0.10271,0.069212,0.00096261,0.010693,0.18112,0.3966,0.23752,0.092674,0.060901,0.020693,0.0008518,0.0096411
0.055824,0.14833,0.32719,0.29879,0.096421,0.049927,0.0029208,0.020594,0.21042,0.27847,0.24017,0.13934,0.082817,0.033809,0.0054416,0.0095363
0.053322,0.14229,0.36157,0.26762,0.088757,0.065465,0.0019475,0.019025,0.24316,0.23922,0.26442,0.12537,0.094646,0.021132,0.0094564,0.0025983
0.076865,0.1684,0.24691,0.28883,0.097869,0.10071,0.00015811,0.020257,0.25279,0.29141,0.2243,0.091558,0.098472,0.035991,0.0037302,0.0017493
0.097977,0.14088,0.27644,0.2889,0.088698,0.066692,0.014438,0.025978,0.21474,0.2919,0.26334,0.10586,0.085964,0.027113,0.0092215,0.0018551
0.10683,0.14865,0.30208,0.25019,0.10283,0.080006,0.0020892,0.0073228,0.21064,0.23308,0.25398,0.11265,0.11166,0.070641,0.0010624,0.0062799
0.068857,0.18681,0.33243,0.2633,0.076575,0.056387,0.0027967,0.012845,0.22939,0.21821,0.30158,0.11648,0.084153,0.021297,0.021236,0.0076495
0.05249,0.14071,0.31084,0.26204,0.14598,0.05724,0.0038392,0.026867,0.24428,0.24436,0.23379,0.13238,0.10223,0.024621,0.0064696,0.011855
0.067459,0.13498,0.29917,0.25226,0.1403,0.078319,0.0028013,0.024705,0.25003,0.23585,0.26559,0.10596,0.10544,0.013177,0.011509,0.012449
0.069554,0.15715,0.26792,0.27564,0.14103,0.075185,0.0020216,0.011505,0.19296,0.25874,0.28935,0.11583,0.090199,0.03618,0.003335,0.013405
0.088754,0.12221,0.28916,0.30238,0.10577,0.063077,0.015757,0.012887,0.19944,0.2647,0.31797,0.1239,0.065781,0.01284,0.0035944,0.011772
0.078536,0.14003,0.27519,0.28327,0.11822,0.058825,0.013834,0.032082,0.19585,0.31698,0.26812,0.092772,0.10068,0.0078071,0.010427,0.0073624
0.091079,0.11742,0.29581,0.2823,0.1088,0.071178,0.013576,0.019841,0.21711,0.2747,0.24392,0.10301,0.11537,0.022905,0.01287,0.010113
0.073178,0.13951,0.33649,0.23484,0.12835,0.060293,0.0043439,0.022997,0.27499,0.21799,0.26184,0.09528,0.1205,0.023729,0.0028464,0.0028171
0.077779,0.17235,0.28583,0.25408,0.12971,0.057062,0.008527,0.014651,0.25155,0.28142,0.29368,0.078124,0.068847,0.019917,0.0016993,0.0047636
0.090485,0.18071,0.24967,0.26654,0.12108,0.055421,0.0035612,0.032526,0.20351,0.28235,0.31461,0.11559,0.06894,0.0089442,0.0013048,0.0047533
0.068841,0.17048,0.27595,0.25795,0.14916,0.044476,0.015826,0.017309,0.19541,0.33202,0.24016,0.12186,0.062746,0.029412,0.0027047,0.01569
0.07634,0.18652,0.25711,0.24392,0.1457,0.064067,0.0058663,0.020473,0.18447,0.33797,0.22676,0.10431,0.11043,0.030345,0.00020587,0.005511
0.073223,0.17175,0.27106,0.27307,0.14602,0.041217,0.011846,0.011806,0.18477,0.37058,0.21513,0.10053,0.07562,0.041089,0.00070828,0.011575
0.084667,0.16943,0.26198,0.31215,0.10125,0.04098,0.0047241,0.024815,0.2332,0.28093,0.2699,0.10492,0.070137,0.023518,0.0010783,0.016308
0.071427,0.18973,0.32016,0.24697,0.087184,0.059987,0.0055808,0.018961,0.22203,0.33482,0.23852,0.083964,0.075298,0.035542,0.0037172,0.0061057
0.054898,0.14253,0.33543,0.26568,0.10709,0.066594,0.0073594,0.02042,0.23889,0.28975,0.24701,0.11116,0.087549,0.023752,2.7563e-005,0.0018593
0.040697,0.16201,0.29808,0.26905,0.13797,0.058726,0.0039898,0.029477,0.22051,0.29924,0.2511,0.11699,0.084844,0.023899,0.00089414,0.0025208
0.060988,0.15688,0.31644,0.27663,0.077937,0.07434,0.0014199,0.035356,0.19584,0.26967,0.26233,0.16982,0.043226,0.032537,0.014218,0.012366
0.08698,0.17652,0.28479,0.25336,0.086823,0.069691,0.0097843,0.03205,0.2338,0.23899,0.20264,0.16783,0.094851,0.038473,0.020932,0.002471
0.071682,0.16308,0.27588,0.3098,0.099356,0.063921,0.0014186,0.014859,0.20609,0.3229,0.18246,0.15384,0.086914,0.033211,0.007805,0.0067878
0.068572,0.14526,0.35167,0.26718,0.082557,0.054716,0.0017844,0.028266,0.21867,0.31111,0.17409,0.16816,0.064799,0.056153,0.0022427,0.0047764
0.082709,0.16451,0.27939,0.28426,0.083704,0.07517,0.00034244,0.02992,0.23619,0.31559,0.22199,0.15536,0.029419,0.028769,0.008165,0.0045213
0.052063,0.15659,0.28571,0.31647,0.083217,0.054175,0.014167,0.037601,0.23943,0.25444,0.27503,0.087003,0.077211,0.050109,0.0102,0.0065753
0.11323,0.14442,0.29799,0.25852,0.10018,0.064853,0.00076621,0.020046,0.20188,0.32565,0.19647,0.10675,0.11378,0.023988,0.009075,0.022402
0.11585,0.12003,0.3068,0.28201,0.10841,0.039588,0.0018726,0.025441,0.2044,0.32021,0.17771,0.14813,0.097201,0.02563,0.011156,0.015566
0.1017,0.1353,0.32873,0.27516,0.072097,0.068054,0.00021499,0.018747,0.27206,0.31724,0.1636,0.17201,0.038495,0.013885,0.0025029,0.020211
0.049761,0.1643,0.3189,0.27925,0.10005,0.066623,0.0078542,0.013258,0.24809,0.34805,0.16106,0.17016,0.042892,0.019116,0.0055534,0.0050769
0.050719,0.21396,0.26119,0.31791,0.094586,0.052858,0.00207,0.0066973,0.22558,0.34456,0.20526,0.12275,0.055823,0.030992,0.0069618,0.0080767
0.062804,0.15216,0.28875,0.35773,0.079045,0.04292,0.0055253,0.011064,0.20107,0.30698,0.25831,0.11861,0.073244,0.027719,0.0041739,0.0098955
0.043959,0.14172,0.34222,0.27451,0.10511,0.068511,0.0032556,0.020707,0.25242,0.29767,0.21953,0.13696,0.05742,0.021946,0.0028484,0.011214
0.086624,0.13433,0.31356,0.23997,0.10453,0.10164,0.0048932,0.014446,0.22148,0.28598,0.2637,0.1441,0.050914,0.014522,0.0022377,0.017063
0.066626,0.12869,0.26118,0.32652,0.12623,0.082358,0.0033576,0.0050353,0.22534,0.27728,0.29019,0.11693,0.043874,0.025385,0.003464,0.017538
0.072652,0.12913,0.3178,0.29503,0.11102,0.065607,0.00066064,0.0081134,0.19801,0.17944,0.32616,0.16246,0.097242,0.023635,0.0001454,0.012914
0.080536,0.13101,0.27652,0.31963,0.12348,0.046713,0.00039537,0.021719,0.24999,0.23471,0.29106,0.12682,0.06595,0.022128,0.00091485,0.0084258
0.082987,0.14763,0.30723,0.26857,0.12894,0.048732,0.0025329,0.013368,0.20094,0.1965,0.29227,0.1394,0.12583,0.043473,2.9234e-005,0.0015565
0.083951,0.11134,0.31501,0.29467,0.1149,0.057778,1.5823e-006,0.022346,0.17611,0.23722,0.29069,0.12859,0.12199,0.040575,0.001271,0.0035476
0.086985,0.11106,0.27347,0.3008,0.12366,0.075372,1.3385e-011,0.028654,0.14418,0.26967,0.29058,0.13963,0.099909,0.039157,0.0037727,0.013098
0.065825,0.16341,0.31075,0.27211,0.12928,0.0416,0.0020709,0.014958,0.2055,0.2482,0.26956,0.14902,0.072217,0.052907,0.0019437,0.00065193
0.0925,0.13029,0.31372,0.27965,0.1053,0.04933,5.4719e-006,0.029209,0.21234,0.23495,0.29126,0.15382,0.051132,0.048088,0.00080938,0.0076044
0.065227,0.13049,0.29028,0.28011,0.13854,0.069001,1.4349e-005,0.026345,0.18752,0.23592,0.29225,0.13605,0.08121,0.048429,0.0052125,0.013411
0.090378,0.15023,0.29191,0.25632,0.1228,0.072268,4.6742e-005,0.01605,0.23835,0.2378,0.26645,0.14885,0.070327,0.030036,0.00026823,0.0079154
0.056293,0.17637,0.31185,0.26994,0.12524,0.046958,0.00032594,0.013031,0.18777,0.24069,0.29451,0.15308,0.099715,0.019633,4.6403e-005,0.0045589
0.06486,0.12945,0.3208,0.27918,0.13234,0.063895,3.8982e-005,0.0094342,0.21118,0.29279,0.30156,0.11252,0.059626,0.011263,0.002672,0.0083886
0.057119,0.15636,0.29877,0.27206,0.14544,0.047498,0.00026471,0.022485,0.22964,0.30181,0.23692,0.13133,0.077288,0.015004,0.0012102,0.0067903
0.080693,0.14485,0.30039,0.27154,0.12426,0.060271,0.0013916,0.016618,0.16432,0.2997,0.32302,0.13939,0.056296,0.0052788,0.0012669,0.010732
0.078915,0.13716,0.24548,0.30104,0.1464,0.068041,0.001933,0.021032,0.21178,0.31777,0.26129,0.11883,0.063681,0.019642,0.0012943,0.0057098
0.090376,0.17062,0.2801,0.26359,0.09641,0.078772,0.0023706,0.01777,0.21062,0.33282,0.28321,0.10581,0.044862,0.014659,0.00060596,0.0074155
0.097691,0.15247,0.27207,0.27029,0.087257,0.077727,0.018544,0.023952,0.2286,0.32391,0.26263,0.10195,0.059207,0.018809,1.2798e-006,0.0048949
0.060968,0.15439,0.3082,0.26246,0.12157,0.05819,0.0075621,0.02666,0.18952,0.26675,0.32211,0.1222,0.078077,0.018699,0.00038173,0.002258
0.05503,0.17972,0.32454,0.25635,0.13408,0.017119,0.0093087,0.023854,0.22758,0.31654,0.20982,0.11823,0.076357,0.04432,0.0030158,0.0041398
0.071702,0.16469,0.31015,0.29467,0.10145,0.032146,0.00045918,0.024722,0.2045,0.34786,0.22888,0.12435,0.055792,0.037884,7.8609e-006,0.000722
0.06781,0.14873,0.28237,0.31843,0.11868,0.051694,0.0022536,0.010033,0.18088,0.32456,0.27751,0.12664,0.063302,0.024263,2.442e-008,0.0028546
0.056787,0.12508,0.29499,0.27371,0.14493,0.069787,0.0019328,0.032784,0.20589,0.32832,0.22775,0.14725,0.047511,0.027589,0.00016653,0.015528
0.077218,0.11739,0.29015,0.29025,0.12427,0.075491,0.0029848,0.022242,0.2184,0.30421,0.23449,0.13834,0.046442,0.038536,5.1153e-005,0.019521
0.082309,0.13178,0.27298,0.32995,0.11571,0.057095,0.0029166,0.0072581,0.25127,0.28977,0.238,0.13473,0.041113,0.038667,0.00028858,0.0061606
0.079037,0.14979,0.27587,0.32674,0.097107,0.047657,0.00068623,0.023121,0.19989,0.30385,0.27505,0.12134,0.061724,0.030933,0.0068391,0.0003837
0.066984,0.15839,0.26162,0.29925,0.12089,0.067843,0.0018468,0.023175,0.2057,0.30632,0.27606,0.10147,0.07235,0.028725,0.0033493,0.0060283
0.079527,0.15897,0.2953,0.25139,0.1114,0.071809,0.0019576,0.029642,0.22854,0.30552,0.25555,0.089195,0.099173,0.019532,4.6283e-005,0.0024383
0.080006,0.14189,0.31999,0.28986,0.09232,0.054597,0.010027,0.011309,0.19918,0.22384,0.30089,0.13491,0.091838,0.032248,0.013538,0.0035545
0.052928,0.17763,0.27889,0.28346,0.10872,0.06829,0.011706,0.018374,0.19997,0.28207,0.32438,0.12972,0.040386,0.019591,0.0014568,0.0024147
0.064951,0.13293,0.32814,0.26825,0.11585,0.06426,0.0022568,0.023372,0.18536,0.26187,0.27888,0.13654,0.080028,0.029027,1.3482e-006,0.028289
0.066926,0.16788,0.3065,0.30356,0.097276,0.033707,0.0027461,0.021408,0.22063,0.2828,0.27507,0.14334,0.038431,0.029692,8.1279e-007,0.010032
0.099297,0.13633,0.30075,0.31192,0.089438,0.050198,0.0018867,0.010178,0.20393,0.29128,0.27375,0.11579,0.07796,0.02104,5.0301e-006,0.016256
0.10571,0.14116,0.28706,0.30822,0.085555,0.055658,0.00081723,0.015825,0.2328,0.28349,0.28301,0.10991,0.064722,0.016706,7.4364e-008,0.0093645
0.062598,0.13213,0.28854,0.34463,0.092916,0.062084,0.0021127,0.014992,0.20105,0.31147,0.26012,0.16458,0.037168,0.014873,3.638e-008,0.010743
0.080333,0.14353,0.30489,0.25797,0.12215,0.078964,0.0031303,0.0090289,0.17954,0.33772,0.23831,0.17959,0.049744,0.010342,0.00024653,0.0045121
0.058402,0.14925,0.32378,0.28841,0.079362,0.077389,0.0015332,0.021873,0.19684,0.32094,0.23412,0.14242,0.072646,0.031334,4.6766e-006,0.0016856
0.055922,0.11504,0.3351,0.27221,0.12625,0.072688,0.00059189,0.022208,0.21493,0.34218,0.20478,0.12571,0.093873,0.016814,0.00078256,0.00092818
0.056509,0.14943,0.36806,0.23616,0.096788,0.074533,0.0021046,0.016414,0.22888,0.33461,0.2215,0.12687,0.062255,0.012612,0.0076488,0.0056315
0.080555,0.18149,0.29856,0.27976,0.093645,0.053577,0.0018559,0.010556,0.1461,0.32722,0.27646,0.18355,0.052613,0.012401,9.604e-005,0.001562
0.08418,0.18379,0.28633,0.26494,0.1142,0.047824,0.00020596,0.018529,0.1755,0.31962,0.23522,0.19537,0.052726,0.017498,0.0021014,0.0019639
0.059834,0.17394,0.30815,0.28092,0.1279,0.033153,0.0011719,0.014927,0.24854,0.23932,0.23265,0.17025,0.067354,0.035603,0.0013681,0.0049192
0.057228,0.16822,0.3631,0.19657,0.13114,0.055702,0.0043229,0.023713,0.21759,0.31011,0.25579,0.13892,0.0485,0.021245,0.00061292,0.007225
0.054933,0.12013,0.34423,0.29856,0.09676,0.064407,0.00024298,0.020738,0.22583,0.26642,0.29055,0.12892,0.06758,0.01463,0.0033172,0.0027477
0.066588,0.15672,0.29945,0.31851,0.10111,0.040817,0.002425,0.014383,0.21439,0.28854,0.28903,0.12975,0.047166,0.020738,0.00013421,0.010251
0.066143,0.15775,0.33857,0.25576,0.10109,0.052277,0.0076566,0.020755,0.24649,0.2354,0.2991,0.1172,0.057176,0.038558,0.00052808,0.0055539
0.081085,0.19025,0.29373,0.25867,0.099125,0.059135,0.0082629,0.0097389,0.20437,0.31305,0.3056,0.08112,0.034801,0.043284,0.00040142,0.017369
0.072331,0.17208,0.33503,0.26559,0.07753,0.062085,0.0018529,0.013508,0.22977,0.30178,0.32604,0.069908,0.037228,0.029719,0.00037175,0.0051873
0.075323,0.1687,0.32801,0.24773,0.083527,0.059579,0.0046095,0.03252,0.19515,0.32174,0.26735,0.10787,0.057537,0.039834,0.001975,0.0085528
0.067979,0.13128,0.33061,0.29983,0.11115,0.045642,0.0012968,0.012215,0.21103,0.32147,0.21258,0.13654,0.082001,0.02471,1.6777e-005,0.011645
0.058818,0.13793,0.27855,0.32642,0.14328,0.035343,0.0066662,0.012991,0.21901,0.35877,0.20884,0.084629,0.074926,0.021389,0.020144,0.012302
0.10187,0.16153,0.29759,0.26454,0.1296,0.03354,0.0041398,0.0071863,0.19976,0.3099,0.24098,0.11678,0.069752,0.033953,0.01894,0.009937
0.054972,0.15088,0.32559,0.26431,0.10883,0.046728,0.018602,0.030087,0.13983,0.32931,0.22358,0.13077,0.11823,0.031362,0.0088189,0.018091
0.10478,0.16476,0.31961,0.23704,0.10542,0.055861,0.0055608,0.0069744,0.2044,0.29654,0.22275,0.1453,0.085722,0.010504,0.015667,0.019117
0.096859,0.16983,0.31788,0.22326,0.10461,0.062059,0.0112,0.014301,0.22603,0.30543,0.26334,0.1047,0.066995,0.017915,0.0016122,0.013984
0.078109,0.17257,0.34443,0.22917,0.096374,0.05413,0.00049173,0.024725,0.25777,0.30342,0.22032,0.078742,0.11032,0.013525,0.0035607,0.012341
0.08592,0.14985,0.33307,0.27235,0.10139,0.038191,0.0025504,0.016682,0.26015,0.25245,0.25952,0.0914,0.099107,0.023697,0.0071723,0.0065068
0.083185,0.1489,0.28262,0.3136,0.11655,0.038093,0.001012,0.016043,0.2347,0.26493,0.29443,0.11988,0.05435,0.018649,0.0061813,0.0068888
0.072472,0.13211,0.26689,0.3196,0.13226,0.054875,0.0032238,0.018567,0.22288,0.24777,0.28215,0.14292,0.069511,0.021962,0.0048359,0.0079847
0.065468,0.18275,0.31314,0.29344,0.089693,0.036329,0.00085161,0.018328,0.22883,0.35592,0.23529,0.080824,0.062432,0.026975,0.005926,0.0038064
0.090333,0.14891,0.31111,0.27121,0.12208,0.03223,0.0071445,0.016983,0.21996,0.30917,0.26165,0.11921,0.052312,0.027096,0.0056803,0.0049123
0.10196,0.13091,0.33933,0.24638,0.13289,0.026554,0.0047312,0.017248,0.26713,0.30532,0.26732,0.081058,0.043729,0.032271,1.3908e-005,0.003153
0.10512,0.12601,0.32151,0.26663,0.10669,0.048048,0.00030142,0.025697,0.25775,0.34832,0.23744,0.076809,0.050939,0.025665,0.0015206,0.0015539
0.094973,0.15344,0.28657,0.28539,0.09649,0.048218,0.0028836,0.032039,0.28715,0.29319,0.2446,0.077454,0.062063,0.026431,0.00097611,0.0081391
0.084284,0.15991,0.25806,0.30798,0.11843,0.035559,0.0047337,0.031054,0.21948,0.30028,0.22876,0.13851,0.057369,0.028969,0.0023953,0.024239
0.053238,0.1595,0.31948,0.30227,0.094256,0.053035,0.00078026,0.017446,0.26024,0.32169,0.18614,0.095782,0.088408,0.033269,0.00017712,0.014297
0.069919,0.13669,0.25359,0.32868,0.14831,0.044819,0.0010738,0.01692,0.22571,0.27824,0.27504,0.090029,0.083707,0.03831,0.0038955,0.0050681
0.088936,0.17236,0.28851,0.3031,0.10366,0.028426,0.0012721,0.013735,0.17864,0.32712,0.28442,0.076183,0.066662,0.051717,0.0040911,0.011168
0.079686,0.17961,0.32448,0.2534,0.11634,0.029958,0.0026429,0.013897,0.16718,0.27629,0.32481,0.1153,0.065934,0.041817,0.0030126,0.0056738
0.063121,0.17387,0.30342,0.27215,0.15211,0.02063,0.0046745,0.010023,0.14914,0.32314,0.26822,0.10791,0.083059,0.040745,0.0018924,0.025901
0.11015,0.1647,0.31445,0.26224,0.097443,0.032706,0.0020581,0.016247,0.1983,0.28217,0.20454,0.11419,0.13258,0.045231,0.0079079,0.015082
0.059925,0.19951,0.32529,0.24362,0.12844,0.031849,0.0035988,0.0077654,0.18859,0.31881,0.24468,0.096168,0.080409,0.062048,0.0039721,0.0053147
0.057585,0.19241,0.29193,0.26693,0.13664,0.036897,0.001167,0.01644,0.25481,0.27162,0.23824,0.10209,0.079222,0.041501,0.003395,0.0091229
0.055556,0.17453,0.28099,0.28823,0.13926,0.044145,0.0054345,0.011856,0.22692,0.3204,0.26153,0.092913,0.045266,0.045735,0.0004764,0.0067653
0.066687,0.18661,0.30994,0.27138,0.093011,0.05222,0.00023419,0.019909,0.20528,0.3173,0.25912,0.11085,0.067989,0.023821,0.0034855,0.012154
0.05883,0.18349,0.27529,0.31682,0.099184,0.039552,2.3212e-006,0.026826,0.22728,0.33075,0.26414,0.089491,0.068553,0.013181,0.0012324,0.0053753
0.057166,0.20838,0.25069,0.34505,0.089075,0.039071,0.0021055,0.0084686,0.23994,0.26577,0.25144,0.084217,0.12904,0.024931,0.00032025,0.0043366
0.053112,0.20734,0.27964,0.27624,0.12067,0.037583,0.0019455,0.023463,0.22604,0.28404,0.26525,0.081268,0.11796,0.020583,2.8199e-005,0.0048321
0.055732,0.15938,0.32829,0.31029,0.098794,0.02983,0.000327,0.017368,0.26977,0.26438,0.23653,0.11315,0.079266,0.023138,4.2772e-009,0.013764
0.059797,0.1933,0.26651,0.28348,0.14591,0.025709,0.00052151,0.024776,0.25117,0.25131,0.27625,0.10277,0.080104,0.025522,0.0045471,0.0083365
0.056414,0.18179,0.30158,0.25369,0.15475,0.027645,0.00052809,0.023604,0.15503,0.30696,0.28386,0.14852,0.09461,0.0055481,0.0023077,0.003167
0.093251,0.17651,0.28009,0.24519,0.14796,0.046832,4.6253e-005,0.010124,0.19602,0.2863,0.24145,0.14049,0.11931,0.011385,5.6023e-010,0.0050585
0.09055,0.14423,0.32846,0.27439,0.11199,0.038312,0.00051558,0.011547,0.18478,0.36043,0.2342,0.10746,0.080209,0.021003,0.0012364,0.010684
0.063684,0.1372,0.33627,0.31699,0.10847,0.022507,0.00014633,0.014735,0.20634,0.31389,0.18074,0.14359,0.11039,0.012153,0.0040523,0.028849
0.084248,0.16424,0.30779,0.31178,0.084199,0.018058,0.0054697,0.024221,0.22006,0.34487,0.21437,0.13484,0.055848,0.013778,0.0020775,0.01415
0.07299,0.1601,0.27234,0.31491,0.11469,0.041095,0.012925,0.010955,0.23167,0.32932,0.24278,0.12343,0.035948,0.021433,1.3477e-005,0.015407
0.088172,0.14128,0.28965,0.34182,0.086841,0.037631,0.00060949,0.013999,0.22496,0.34901,0.26578,0.071322,0.061027,0.01925,1.2359e-005,0.0086328
0.075871,0.17271,0.2502,0.33386,0.10932,0.041036,0.0016587,0.015348,0.27802,0.3216,0.23537,0.062755,0.07464,0.025108,2.8872e-006,0.0024986
0.068332,0.19251,0.27067,0.32691,0.085897,0.042623,0.0046488,0.0084123,0.24306,0.34588,0.22183,0.085651,0.076295,0.024438,2.1086e-005,0.0028185
0.084337,0.17507,0.31066,0.29556,0.072173,0.046207,0.0037539,0.012243,0.3288,0.30649,0.18922,0.086017,0.041084,0.047254,9.9247e-005,0.0010348
0.068608,0.2033,0.34439,0.26808,0.067145,0.033595,0.00065301,0.014231,0.29827,0.31103,0.2262,0.082238,0.068581,0.011365,0.00073636,0.0015786
0.059206,0.20816,0.28335,0.30885,0.061293,0.046475,0.00027566,0.032387,0.20298,0.28621,0.30993,0.11768,0.030594,0.029899,0.00044392,0.022263
0.056177,0.19263,0.26667,0.32559,0.071497,0.040259,0.0030782,0.044105,0.23803,0.32131,0.24425,0.085059,0.069613,0.03166,0.0030181,0.0070637
0.05859,0.19201,0.31531,0.31316,0.079666,0.02149,0.0032722,0.016502,0.23039,0.295,0.26783,0.12671,0.059655,0.017547,0.00015907,0.0027081
0.062716,0.15376,0.33466,0.32697,0.057912,0.042448,0.0024549,0.019083,0.20498,0.35995,0.21864,0.11347,0.072612,0.022964,7.9924e-005,0.0073045
0.085231,0.19717,0.27542,0.29568,0.099869,0.038475,0.00062861,0.0075249,0.25462,0.31201,0.25637,0.090714,0.05164,0.023052,5.0174e-007,0.011595
0.076069,0.17845,0.28844,0.3052,0.085529,0.051739,4.8251e-005,0.014522,0.22061,0.31196,0.21311,0.10645,0.090655,0.046242,0.00016215,0.010803
0.08452,0.19567,0.27311,0.22877,0.12435,0.071262,0.0010808,0.021227,0.16589,0.31938,0.22627,0.14681,0.077956,0.046076,5.5773e-005,0.017567
0.061662,0.16662,0.33009,0.26749,0.10157,0.050139,0.0038788,0.018562,0.2315,0.27993,0.24497,0.13156,0.075621,0.029361,0.00082631,0.0062262
0.06589,0.18622,0.29147,0.27513,0.12509,0.039849,0.0027093,0.013636,0.21877,0.32214,0.2399,0.13605,0.047098,0.027702,0.00024601,0.0081021
0.086444,0.15605,0.31055,0.25604,0.12072,0.054317,0.00049546,0.015386,0.21251,0.31136,0.21894,0.14627,0.078133,0.030821,2.4538e-005,0.0019345
0.07984,0.19376,0.29522,0.29402,0.063351,0.052159,0.00029817,0.021354,0.19693,0.33167,0.21992,0.10973,0.083138,0.058057,9.6953e-006,0.00054873
0.10687,0.13622,0.27204,0.343,0.075104,0.056124,0.0010903,0.0095636,0.21965,0.30665,0.2427,0.11487,0.070705,0.041281,0.00020955,0.0039384
0.068446,0.19191,0.27237,0.30963,0.10572,0.036596,4.3551e-005,0.015276,0.23199,0.25036,0.27381,0.14714,0.064101,0.014614,0.0093524,0.0086342
0.091222,0.19779,0.27904,0.25823,0.12229,0.033654,0.0002896,0.017488,0.22526,0.26879,0.27313,0.13361,0.074988,0.017996,0.00041275,0.0058011
0.099726,0.20123,0.27185,0.27375,0.10927,0.022145,0.0004489,0.021583,0.22627,0.35077,0.21419,0.11032,0.054377,0.030328,0.004382,0.0093569
0.10021,0.14691,0.28337,0.31474,0.098389,0.031321,0.006061,0.018999,0.19387,0.37005,0.17742,0.11086,0.086434,0.043173,0.0053702,0.012813
0.095838,0.17493,0.24971,0.32606,0.10846,0.018645,0.0062039,0.020158,0.18598,0.27329,0.28208,0.12291,0.097836,0.034458,0.00076497,0.0026791
0.10691,0.16665,0.23455,0.32189,0.12546,0.031507,0.0023324,0.0107,0.15391,0.29753,0.27912,0.16204,0.076626,0.02256,0.0046792,0.0035322
0.0916,0.16521,0.25946,0.32548,0.08949,0.040285,0.002087,0.026387,0.18191,0.31004,0.23962,0.13836,0.109,0.010951,0.0042203,0.0058963
0.083443,0.128,0.25241,0.35436,0.091646,0.043115,0.0026616,0.044373,0.17061,0.34364,0.20941,0.16139,0.095785,0.015106,0.0031667,0.00089179
0.052776,0.13732,0.32453,0.32217,0.098499,0.039931,0.00070055,0.024073,0.22531,0.29461,0.23952,0.12666,0.07587,0.026733,0.0030283,0.0082627
0.087037,0.13925,0.34269,0.28367,0.10402,0.031842,0.00028753,0.011206,0.16804,0.30676,0.27589,0.15148,0.059483,0.025298,0.0079769,0.0050694
0.071928,0.15357,0.2985,0.29715,0.1185,0.038169,0.00059476,0.021582,0.18037,0.28091,0.29408,0.10769,0.090024,0.03569,0.0014995,0.0097326
0.070035,0.17888,0.25085,0.31318,0.12002,0.052326,0.0014815,0.013211,0.27112,0.26499,0.22257,0.1203,0.075351,0.03275,7.2046e-007,0.012917
0.080615,0.1593,0.27727,0.28985,0.12778,0.046619,0.0046589,0.013911,0.29034,0.28683,0.22596,0.09056,0.059079,0.024651,0.0010439,0.021532
0.052428,0.16356,0.24923,0.35801,0.084881,0.068369,0.011936,0.011597,0.27764,0.26429,0.25323,0.10936,0.059081,0.028986,0.0016192,0.0057934
0.042494,0.1586,0.3374,0.29654,0.098248,0.046779,0.00285,0.017081,0.22621,0.27402,0.2674,0.10743,0.085854,0.01063,0.00039249,0.028072
0.056434,0.17525,0.27043,0.3267,0.11487,0.033015,0.00021932,0.023077,0.2116,0.29724,0.28966,0.1133,0.056591,0.021445,0.001227,0.0089243
0.074945,0.16118,0.25155,0.34935,0.12498,0.02624,0.00054086,0.011214,0.22186,0.31877,0.27984,0.075375,0.050344,0.043764,0.0025483,0.0074985
0.043104,0.16161,0.29201,0.31186,0.14976,0.021271,0.00038034,0.020004,0.18863,0.32221,0.28581,0.1032,0.040852,0.033127,0.0087814,0.017381
0.077369,0.18104,0.29377,0.29999,0.099697,0.019427,8.3759e-007,0.028709,0.20348,0.30046,0.28208,0.10678,0.061417,0.024543,0.003404,0.017834
0.073293,0.1718,0.27063,0.35317,0.087725,0.029234,0.00041288,0.013732,0.17934,0.35034,0.2753,0.10123,0.05629,0.031365,0.0043244,0.0018012
0.078683,0.16386,0.30873,0.29823,0.11261,0.027375,0.00061237,0.009904,0.18303,0.30674,0.26361,0.13031,0.070438,0.030175,0.0087019,0.0069942
0.048007,0.18862,0.31598,0.28857,0.11925,0.028152,0.0061471,0.0052778,0.22377,0.34688,0.23681,0.099029,0.062934,0.020434,0.0043159,0.0058374
0.07978,0.16067,0.29247,0.30887,0.1297,0.0083052,0.00071033,0.019495,0.2285,0.35256,0.21315,0.10963,0.053342,0.035601,0.0016426,0.0055736
0.060261,0.17066,0.3295,0.3001,0.10368,0.017604,3.2944e-005,0.018169,0.18757,0.2996,0.24644,0.18093,0.056553,0.025502,0.00052159,0.0028842
0.071979,0.1577,0.31531,0.29437,0.11564,0.031792,0.0017583,0.011448,0.16791,0.32812,0.25456,0.16808,0.053677,0.023812,0.0020429,0.0017995
0.069943,0.15116,0.31988,0.26635,0.13233,0.042168,2.747e-007,0.018167,0.18754,0.35538,0.25356,0.12764,0.061045,0.012167,0.0017545,0.00091401
0.067818,0.18552,0.32535,0.24782,0.10697,0.044165,0.0013002,0.021054,0.2299,0.32751,0.21318,0.14133,0.069657,0.011612,0.0016447,0.0051682
0.079269,0.177,0.28563,0.28336,0.13811,0.023794,0.00044723,0.012395,0.23691,0.27591,0.22515,0.16244,0.079009,0.015888,4.3034e-005,0.0046461
0.090904,0.16419,0.2861,0.30161,0.1099,0.021971,0.00010737,0.025216,0.24015,0.2488,0.2584,0.15474,0.070416,0.019106,0.0025465,0.0058367
0.072523,0.15954,0.31399,0.29209,0.089775,0.05734,0.00042523,0.014318,0.29624,0.30949,0.2202,0.081117,0.079743,0.010122,0.00063869,0.0024506
0.065707,0.16511,0.33995,0.28645,0.094959,0.039346,0.00073189,0.0077546,0.25707,0.2951,0.25728,0.090609,0.090182,0.0033967,0.0046691,0.0016858
0.086793,0.14626,0.35082,0.25814,0.099922,0.038285,1.4872e-006,0.019782,0.22822,0.27471,0.29144,0.1005,0.082894,0.0090847,0.0073336,0.0058137
0.051304,0.1689,0.31983,0.2953,0.094369,0.053328,0.00010509,0.016862,0.20498,0.24368,0.29449,0.12609,0.097635,0.021384,0.0044655,0.00727
0.057567,0.14233,0.34943,0.29547,0.096127,0.045692,0.00038334,0.013004,0.26232,0.23653,0.26538,0.10112,0.074224,0.043934,0.0074865,0.0090094
0.062778,0.1874,0.28307,0.30898,0.09313,0.039395,0.00014882,0.025101,0.24717,0.30225,0.25457,0.089061,0.076859,0.02406,0.0012232,0.0047956
0.04222,0.18716,0.28045,0.29251,0.12399,0.053519,0.0013201,0.018831,0.23361,0.25958,0.26743,0.1147,0.07311,0.046816,0.0011645,0.003586
0.089278,0.18599,0.27362,0.28043,0.094643,0.055154,0.00070423,0.020181,0.21731,0.29516,0.2356,0.12382,0.093231,0.025928,0.0051042,0.0038467
0.07834,0.15915,0.25474,0.34163,0.095627,0.048255,0.012155,0.01011,0.2147,0.31611,0.20416,0.12651,0.10332,0.024422,0.0020791,0.0087022
0.065725,0.15793,0.31149,0.29439,0.064824,0.083217,0.0044432,0.017981,0.17411,0.32676,0.25984,0.11789,0.098808,0.019849,0.0020082,0.00073439
0.082835,0.1385,0.3196,0.28486,0.09323,0.044616,0.0019643,0.034394,0.17199,0.35566,0.25266,0.082855,0.090516,0.038578,0.0020634,0.0056817
0.070756,0.16174,0.27763,0.30697,0.099241,0.062477,0.0032674,0.017911,0.21078,0.34948,0.25887,0.074338,0.074571,0.025328,0.0027246,0.0039118
0.064764,0.16896,0.27442,0.31004,0.09984,0.053134,0.0050471,0.023797,0.247,0.30624,0.23162,0.085042,0.084021,0.025515,0.0032524,0.017309
0.083967,0.14236,0.2807,0.2808,0.098638,0.08629,9.2588e-005,0.027147,0.27239,0.32823,0.18935,0.11163,0.079493,0.0096797,0.0001397,0.0090977
0.079466,0.17243,0.28123,0.28723,0.1147,0.051615,0.0042572,0.0090757,0.23527,0.34697,0.16299,0.15071,0.075063,0.026327,8.5651e-005,0.0025868
0.080311,0.17024,0.25309,0.29523,0.11364,0.058262,0.0038637,0.025356,0.20645,0.34323,0.24064,0.12785,0.053038,0.028405,0.00016229,0.00023505
0.089276,0.15437,0.29307,0.35667,0.070849,0.018026,0.0042336,0.013495,0.25231,0.30939,0.26558,0.10853,0.038829,0.023449,0.00039221,0.0015235
0.10003,0.20051,0.25838,0.30102,0.079087,0.035074,0.009282,0.016612,0.2653,0.23826,0.25749,0.1327,0.041313,0.059445,0.00021866,0.0052736
0.083676,0.16027,0.26609,0.32351,0.090675,0.058155,0.004287,0.013336,0.26364,0.22873,0.27426,0.13269,0.059148,0.036724,0.00081092,0.0039912
0.081791,0.12312,0.33916,0.26962,0.13184,0.041122,0.0061824,0.0071628,0.25212,0.22931,0.32037,0.10827,0.061057,0.026461,0.0010072,0.0014108
0.096385,0.16815,0.29028,0.23387,0.13186,0.049433,0.010533,0.019493,0.22908,0.25674,0.28289,0.1207,0.072149,0.034554,0.00032764,0.0035595
0.093294,0.14146,0.26247,0.29865,0.11281,0.073192,0.0073197,0.010811,0.25652,0.25713,0.27915,0.10658,0.075062,0.023237,0.00020551,0.0021102
0.069991,0.16244,0.28227,0.26292,0.11586,0.088602,0.0053773,0.012534,0.24275,0.27116,0.25595,0.1406,0.051353,0.03426,3.2834e-005,0.0039036
0.080155,0.13119,0.28103,0.30686,0.10171,0.073864,0.0031915,0.022003,0.20343,0.27974,0.26426,0.15568,0.072001,0.022299,7.1283e-007,0.0025993
0.074855,0.11642,0.28449,0.35911,0.095764,0.055028,0.0020611,0.012276,0.21027,0.30535,0.23921,0.10719,0.073646,0.057456,4.1024e-006,0.0068738
0.073913,0.1356,0.23772,0.31923,0.14014,0.07381,0.0017307,0.017847,0.16907,0.31171,0.27051,0.12362,0.083635,0.039767,0.0014635,0.00021756
0.073685,0.16365,0.26026,0.28841,0.1171,0.073054,0.0039156,0.01993,0.14432,0.32265,0.24104,0.14967,0.096117,0.045799,1.8752e-005,0.00039411
0.10046,0.15435,0.2779,0.27414,0.10818,0.042117,0.028163,0.014687,0.17662,0.31388,0.27575,0.13473,0.066234,0.027558,3.1776e-005,0.0051953
0.091226,0.13251,0.28729,0.29128,0.11055,0.06882,0.0060978,0.01222,0.19809,0.3045,0.26223,0.1249,0.098133,0.0099872,5.8901e-005,0.0021008
0.080497,0.13233,0.28521,0.32787,0.10132,0.04964,0.0046263,0.018499,0.18945,0.27237,0.25812,0.16094,0.074936,0.02361,0.014678,0.0058957
0.069711,0.14421,0.29792,0.31307,0.083947,0.054321,0.00045134,0.036363,0.18075,0.25107,0.29182,0.15836,0.083196,0.023066,0.0076683,0.0040711
0.064097,0.1309,0.28564,0.32364,0.083066,0.064316,0.014825,0.033513,0.24279,0.26984,0.25812,0.14044,0.063828,0.019932,0.00078679,0.0042747
0.089124,0.1575,0.3007,0.29297,0.090101,0.05545,0.0093712,0.0047847,0.22941,0.28109,0.25096,0.14484,0.070929,0.021335,0.00050081,0.0009367
0.083644,0.1603,0.30126,0.26341,0.10947,0.059226,0.019305,0.0033901,0.19966,0.24133,0.29433,0.12118,0.11049,0.026545,0.00024683,0.0062208
0.083673,0.16122,0.2868,0.29356,0.091054,0.070925,0.0064745,0.0062926,0.19886,0.26329,0.28691,0.13552,0.076381,0.035502,0.0024281,0.0011119
0.095297,0.17817,0.31308,0.26907,0.074108,0.052974,0.0097989,0.0074964,0.22402,0.24376,0.29491,0.13871,0.070296,0.022648,0.0036296,0.0020201
0.092706,0.15819,0.30937,0.27059,0.10128,0.052314,0.0014817,0.014066,0.21711,0.28365,0.24333,0.13691,0.10329,0.0083793,0.0058772,0.001456
0.058833,0.13676,0.26258,0.32575,0.11831,0.074392,0.00025232,0.023122,0.26186,0.29898,0.17159,0.14248,0.10269,0.012174,0.0045293,0.0056894
0.06106,0.16452,0.24935,0.3356,0.11755,0.06149,5.9529e-008,0.010436,0.19635,0.28994,0.23773,0.17121,0.056672,0.036082,5.2781e-006,0.012015
0.060194,0.15772,0.2735,0.30973,0.10563,0.06818,0.0031327,0.021908,0.18999,0.3052,0.22443,0.1402,0.088376,0.032311,0.0013659,0.018121
0.11107,0.15859,0.27802,0.30912,0.091379,0.03937,0.00089465,0.011555,0.20613,0.30843,0.24138,0.13501,0.074788,0.028818,0.00074918,0.0046917
0.086352,0.15104,0.27307,0.26503,0.12329,0.063035,0.0048851,0.033298,0.21643,0.30247,0.28785,0.097648,0.063782,0.024146,0.00019309,0.0074795
0.079546,0.20062,0.28707,0.23043,0.11661,0.072546,0.00049304,0.012674,0.18034,0.34921,0.26487,0.10466,0.053733,0.040702,0.0030987,0.0033916
0.088603,0.19789,0.27234,0.29206,0.090229,0.042933,0.0018986,0.014042,0.21727,0.27147,0.29465,0.11485,0.031621,0.042863,0.0086618,0.018614
0.11141,0.12091,0.28769,0.28118,0.12155,0.065893,0.00054384,0.010819,0.23077,0.25362,0.29755,0.11051,0.072087,0.027839,0.00052411,0.0071046
0.039063,0.15012,0.30892,0.30003,0.10757,0.085445,0.00012022,0.0087263,0.22666,0.26562,0.28039,0.13438,0.068407,0.016785,0.0023784,0.0053778
0.061333,0.1717,0.30036,0.24976,0.12554,0.068992,6.9073e-006,0.022314,0.21659,0.29498,0.25249,0.11194,0.095562,0.019838,0.0011656,0.0074263
0.070267,0.20468,0.25408,0.27622,0.12513,0.055851,0.0065414,0.0072283,0.22618,0.29579,0.24114,0.12181,0.089951,0.017953,0.0016438,0.0055368
0.085767,0.15789,0.32628,0.26398,0.11072,0.045147,4.9541e-005,0.01016,0.22831,0.29491,0.27126,0.10439,0.077333,0.01801,0.0032175,0.0025757
0.079464,0.13424,0.30074,0.28293,0.12466,0.05123,0.00017189,0.026563,0.25741,0.26662,0.26867,0.10827,0.051909,0.031654,0.0020098,0.013466
0.085602,0.1376,0.33126,0.27804,0.11555,0.033308,0.00061996,0.018019,0.20192,0.30924,0.27658,0.13703,0.048133,0.02177,0.00025455,0.0050736
0.090763,0.12974,0.34288,0.30663,0.074544,0.036647,0.0040159,0.014781,0.21986,0.27339,0.27764,0.1041,0.087306,0.029471,2.9066e-005,0.0082105
0.10086,0.15488,0.3662,0.24003,0.093752,0.026665,0.0045672,0.013044,0.25053,0.24238,0.2862,0.10845,0.091825,0.011299,0.00015452,0.0091589
0.079278,0.13063,0.38311,0.25034,0.087232,0.040359,0.0017308,0.027316,0.28205,0.28402,0.22728,0.10172,0.077797,0.02379,0.00062554,0.0027138
0.05905,0.18562,0.3043,0.26565,0.11657,0.030575,0.00050587,0.037719,0.29759,0.30061,0.21459,0.1048,0.050891,0.028362,0.00085936,0.0023032
0.061583,0.19522,0.30461,0.2874,0.10914,0.033302,0.00023348,0.0085193,0.24291,0.26779,0.25769,0.1432,0.067043,0.015334,0.001128,0.0048947
0.089649,0.1703,0.27176,0.31581,0.1054,0.028928,0.0064429,0.011719,0.22415,0.31052,0.27258,0.10339,0.073942,0.0070237,5.0563e-005,0.0083411
0.071354,0.12356,0.29842,0.31586,0.15596,0.022089,0.001467,0.011293,0.25044,0.32431,0.22071,0.12579,0.061622,0.004582,0.0013731,0.011182
0.079005,0.13883,0.28637,0.32518,0.10518,0.044645,0.00011002,0.020688,0.21456,0.30783,0.25038,0.11829,0.086065,0.013291,0.00060918,0.0089699
0.079364,0.16159,0.28988,0.27746,0.11805,0.043067,0.0025457,0.028035,0.17749,0.40546,0.16289,0.14019,0.080166,0.019335,0.003436,0.01104
0.062589,0.15205,0.31353,0.31594,0.099486,0.032349,0.0055202,0.018536,0.23627,0.31123,0.18359,0.16145,0.065816,0.036826,1.419e-006,0.0048229
0.088624,0.17037,0.27006,0.3116,0.095148,0.052942,0.0047465,0.0065072,0.19099,0.27103,0.25091,0.16537,0.067055,0.047359,8.9667e-008,0.0072877
0.10463,0.1426,0.29109,0.28359,0.10368,0.05482,0.0048405,0.014751,0.21814,0.28513,0.25559,0.1372,0.087804,0.014809,0.00010478,0.0012276
0.06514,0.19623,0.2589,0.33426,0.085296,0.046503,0.0011809,0.012497,0.21308,0.28389,0.24548,0.12838,0.096567,0.024704,0.00079406,0.0070969
0.051811,0.22524,0.23944,0.29911,0.11033,0.057933,0.0064657,0.0096719,0.19378,0.30694,0.23134,0.11488,0.11049,0.031075,0.0035227,0.0079802
0.08062,0.19187,0.27553,0.2859,0.10124,0.048469,0.0023914,0.013974,0.16956,0.36619,0.23917,0.13369,0.06198,0.026023,0.00031483,0.0030807
0.072786,0.16305,0.28856,0.26864,0.1095,0.074199,0.0069606,0.016306,0.18063,0.35087,0.22748,0.131,0.088549,0.012684,2.3388e-005,0.0087706
0.087008,0.16904,0.26902,0.263,0.083844,0.088771,0.0044791,0.034834,0.19002,0.29537,0.24137,0.15654,0.083435,0.022881,0.0022984,0.0080946
0.07561,0.13537,0.30397,0.25524,0.106,0.085676,0.021366,0.016766,0.22526,0.3255,0.22198,0.12226,0.077364,0.01728,0.00034561,0.010011
0.048941,0.16453,0.274,0.29621,0.10546,0.080602,0.0065786,0.023674,0.27615,0.25343,0.23361,0.14353,0.063273,0.019153,0.00073403,0.010115
0.060697,0.17359,0.26674,0.29402,0.13476,0.05669,0.0026262,0.010875,0.20819,0.27954,0.25047,0.14491,0.06824,0.032723,0.0004817,0.01544
0.063598,0.187,0.26222,0.28831,0.13238,0.029114,0.024373,0.013007,0.20939,0.2914,0.21547,0.18001,0.070562,0.02958,0.00061437,0.0029754
0.06557,0.19849,0.29528,0.25113,0.12862,0.038781,0.0019744,0.020152,0.23415,0.34797,0.18461,0.16533,0.058617,0.0075897,4.5947e-005,0.0016933
0.059158,0.18221,0.31816,0.26523,0.11674,0.035551,3.8571e-007,0.022958,0.19497,0.31057,0.24855,0.13336,0.073267,0.028305,0.005976,0.0050067
0.1086,0.198,0.25671,0.29956,0.099424,0.033149,2.636e-008,0.0045587,0.2223,0.27866,0.28001,0.10382,0.077263,0.034501,0.0025793,0.0008717
0.083802,0.14469,0.28667,0.31121,0.1006,0.059378,0.00063679,0.013012,0.16567,0.29024,0.28218,0.13842,0.084671,0.035282,0.0012441,0.0022965
0.087522,0.1849,0.29899,0.24876,0.11452,0.035432,0.0013057,0.028575,0.17511,0.33109,0.22247,0.1322,0.10517,0.01916,0.0048315,0.0099621
0.088037,0.16962,0.27398,0.30098,0.099202,0.048845,8.9003e-005,0.019246,0.18312,0.32273,0.18188,0.15777,0.10602,0.03061,0.0061008,0.011775
0.10459,0.17154,0.24694,0.33098,0.10413,0.031231,0.00076084,0.0098268,0.26479,0.27176,0.21174,0.11057,0.11563,0.0068869,0.0057684,0.012852
0.080491,0.20866,0.22211,0.31436,0.10711,0.057572,0.0011691,0.0085335,0.23792,0.26259,0.24633,0.16421,0.064287,0.01723,0.0010597,0.0063699
0.075421,0.1492,0.25465,0.3313,0.10881,0.064544,0.0014058,0.014677,0.23902,0.20893,0.30956,0.16867,0.038402,0.021029,0.00093727,0.013454
0.092236,0.19858,0.27956,0.29066,0.074031,0.053274,0.0032531,0.0084048,0.22412,0.2762,0.27328,0.13864,0.048648,0.030586,0.0012638,0.0072626
0.066902,0.17381,0.26439,0.33519,0.1019,0.042033,1.0089e-005,0.015769,0.27961,0.24033,0.25837,0.14871,0.050128,0.01734,0.00070404,0.0048129
0.066057,0.13158,0.32422,0.29154,0.12469,0.033921,0.0043846,0.023595,0.22623,0.27079,0.25652,0.14698,0.073559,0.0086794,0.0027443,0.014498
0.068205,0.13822,0.32319,0.30444,0.10399,0.04132,0.0014118,0.019223,0.21232,0.27161,0.30108,0.11355,0.082392,0.016097,0.00030802,0.0026441
0.046849,0.14253,0.3583,0.25778,0.12681,0.032586,0.0029317,0.03221,0.18157,0.31198,0.25275,0.15727,0.071208,0.014263,0.00096001,0.010003
0.064775,0.15555,0.32149,0.274,0.13657,0.032862,3.914e-006,0.014756,0.24661,0.29717,0.23953,0.12834,0.073447,0.012439,0.00078434,0.0016882
0.090237,0.16344,0.29279,0.3084,0.10604,0.026082,0.0030298,0.0099822,0.24664,0.2672,0.23605,0.13879,0.094976,0.012912,0.00087723,0.0025606
0.06714,0.10423,0.31317,0.31323,0.11355,0.06888,0.0085746,0.011217,0.20201,0.3052,0.22689,0.176,0.048329,0.021741,0.0013733,0.018451
0.061306,0.1577,0.28384,0.27791,0.11317,0.06924,0.013299,0.023536,0.18853,0.31691,0.26438,0.14746,0.059307,0.013686,0.0021053,0.0076171
0.1001,0.14965,0.30427,0.26544,0.089695,0.062764,0.012235,0.015843,0.19346,0.32566,0.24553,0.13578,0.068183,0.021269,0.0033149,0.0068038
0.087592,0.14666,0.27287,0.27803,0.10079,0.071011,0.0093535,0.033693,0.15888,0.31896,0.30685,0.10321,0.0619,0.024631,0.0037324,0.021838
0.083169,0.16892,0.30098,0.24219,0.097998,0.079846,0.004319,0.022578,0.17371,0.27091,0.26909,0.18352,0.068617,0.025034,0.0013063,0.0078256
0.070348,0.15537,0.29158,0.26781,0.10133,0.088907,0.0081436,0.016511,0.18745,0.30272,0.24723,0.15079,0.063382,0.043815,0.002434,0.0021913
0.069222,0.1856,0.27766,0.25999,0.13039,0.057782,0.0013013,0.018039,0.19216,0.24818,0.264,0.17139,0.072217,0.03501,0.012166,0.0048691
0.073904,0.18844,0.29268,0.30282,0.091984,0.034347,0.000598,0.015224,0.1837,0.29766,0.2609,0.123,0.082334,0.035068,0.012761,0.0045783
0.068904,0.14587,0.28824,0.31283,0.11384,0.05108,0.00020081,0.019028,0.16602,0.23698,0.27106,0.16424,0.097309,0.042259,0.0089132,0.013217
0.062301,0.1552,0.30058,0.33089,0.10069,0.039241,0.00063664,0.010459,0.1771,0.28465,0.27064,0.16371,0.069725,0.024952,0.0034827,0.0057291
0.083647,0.18547,0.25585,0.29486,0.11353,0.051704,2.3115e-006,0.014933,0.22699,0.30096,0.22243,0.11928,0.092963,0.0211,0.010233,0.0060402
0.060921,0.17457,0.29522,0.25956,0.1409,0.040696,0.00052964,0.027604,0.19739,0.33262,0.21827,0.10648,0.098037,0.023479,0.012642,0.011075
0.060716,0.17332,0.30033,0.27513,0.11154,0.057542,0.003885,0.017529,0.23777,0.31904,0.19483,0.13224,0.069512,0.036821,0.00064915,0.0091354
0.080533,0.18388,0.28777,0.27647,0.094757,0.058574,0.0053524,0.012659,0.24661,0.35671,0.19082,0.090979,0.070244,0.038535,0.0015532,0.0045442
0.065229,0.15222,0.31296,0.2783,0.12653,0.041962,0.0025764,0.020217,0.28128,0.3313,0.21666,0.076046,0.063302,0.026092,0.0008192,0.0045036
0.10602,0.1618,0.32459,0.21941,0.10523,0.065284,1.7396e-005,0.017654,0.22419,0.32256,0.24632,0.091203,0.080977,0.028379,0.0031628,0.0032099
0.10791,0.1539,0.2767,0.2961,0.075028,0.050092,0.0016823,0.038587,0.18193,0.32435,0.24158,0.12487,0.11608,0.0086753,2.2709e-008,0.0025046
0.094612,0.17735,0.29725,0.24517,0.090383,0.071685,0.00011704,0.023429,0.22192,0.29109,0.23822,0.11421,0.12418,0.003953,0.0022611,0.0041626
0.067803,0.17629,0.29334,0.27737,0.12377,0.04276,4.285e-005,0.018625,0.27933,0.28309,0.20869,0.13398,0.074945,0.011325,0.0036987,0.0049489
0.077547,0.16792,0.28659,0.26816,0.10382,0.071136,0.0047245,0.02011,0.17235,0.33287,0.24323,0.11166,0.10126,0.028822,0.0015915,0.0082131
0.072623,0.14436,0.3164,0.30588,0.10631,0.040231,0.0014687,0.012729,0.25027,0.29839,0.21876,0.12427,0.081515,0.016323,4.8502e-007,0.010465
0.096341,0.17244,0.30724,0.28322,0.083526,0.045022,0.0017176,0.010494,0.2622,0.27935,0.20928,0.13309,0.083294,0.023855,0.0014534,0.0074723
0.085344,0.1862,0.26922,0.30152,0.086008,0.060232,0.00038794,0.011094,0.25361,0.32003,0.18596,0.13307,0.085438,0.016103,0.00033052,0.0054687
0.086046,0.17823,0.23325,0.34724,0.074064,0.070468,0.0009398,0.0097637,0.26171,0.32499,0.20426,0.12808,0.062804,0.016793,3.3949e-006,0.0013551
0.087054,0.1691,0.30724,0.26914,0.11196,0.046408,7.1201e-005,0.0090288,0.24077,0.2825,0.20464,0.15872,0.066479,0.040319,6.2801e-006,0.0065629
0.087109,0.16614,0.26798,0.24292,0.13759,0.080269,3.5369e-005,0.017955,0.27729,0.28234,0.23867,0.10308,0.051406,0.036655,2.6426e-005,0.010537
0.093301,0.14551,0.26477,0.29794,0.09068,0.08046,0.0012519,0.026089,0.23532,0.28396,0.26698,0.11121,0.055843,0.033978,9.1769e-007,0.012712
0.051474,0.15753,0.31372,0.32428,0.088259,0.055962,1.7754e-006,0.0087692,0.25938,0.31149,0.20505,0.1332,0.06552,0.022783,0.0017282,0.00084729
0.080512,0.12701,0.34066,0.23857,0.10421,0.084583,1.9411e-005,0.024432,0.20085,0.35372,0.19907,0.10898,0.10659,0.02266,0.0060816,0.0020464
0.047981,0.16527,0.30662,0.28009,0.11255,0.068009,0.0023795,0.017101,0.214,0.31976,0.22624,0.11333,0.081771,0.041988,2.9025e-006,0.0029112
0.10133,0.16917,0.24619,0.30233,0.10903,0.063726,4.7923e-005,0.0081735,0.2217,0.34326,0.19791,0.13415,0.071015,0.020111,4.2033e-007,0.011846
0.086023,0.16382,0.25726,0.30498,0.10023,0.077373,4.2947e-007,0.010314,0.26068,0.29894,0.22411,0.12335,0.059777,0.021715,0.0077767,0.0036455
0.088904,0.13199,0.27998,0.29689,0.12354,0.059828,8.3679e-005,0.018795,0.23096,0.28046,0.24749,0.14519,0.065319,0.015733,5.9325e-007,0.014843
0.070158,0.12172,0.3188,0.31186,0.07853,0.070501,1.2372e-006,0.028432,0.16255,0.29376,0.26278,0.16715,0.07327,0.038256,0.00013738,0.0020954
0.06519,0.11553,0.29811,0.31869,0.11028,0.077186,5.2934e-005,0.014946,0.21297,0.23771,0.24197,0.14106,0.11735,0.037017,0.00015264,0.01178
0.083583,0.090883,0.35545,0.26097,0.139,0.054417,0.00033526,0.015368,0.22041,0.27307,0.24564,0.13138,0.092012,0.030282,0.0025747,0.0046341
0.074607,0.13951,0.34306,0.24288,0.13734,0.049297,0.0015726,0.011739,0.25151,0.24792,0.24264,0.13108,0.08567,0.023697,0.0059537,0.011534
0.074443,0.15806,0.25455,0.30629,0.12603,0.056222,5.7631e-005,0.024348,0.19288,0.2468,0.24744,0.13209,0.13293,0.032228,0.00019819,0.015433
0.099711,0.14959,0.28274,0.26249,0.11566,0.062171,0.00043818,0.027202,0.29223,0.23336,0.25812,0.093249,0.085725,0.024906,0.0024933,0.0099209
0.067411,0.18023,0.33,0.24026,0.10009,0.071917,3.661e-006,0.010099,0.2535,0.18467,0.2774,0.11893,0.10209,0.037774,0.012833,0.012809
0.068808,0.16905,0.29831,0.26109,0.11317,0.075679,0.00010758,0.01379,0.25667,0.21104,0.29346,0.093614,0.080668,0.044785,0.01446,0.0053051
0.06696,0.14081,0.3057,0.30501,0.11167,0.05744,6.1992e-005,0.012343,0.24731,0.22545,0.26724,0.1286,0.093243,0.025743,0.0014729,0.010936
0.058487,0.13411,0.34979,0.30036,0.10897,0.038872,7.671e-007,0.0094134,0.17638,0.26501,0.27653,0.17543,0.050169,0.050915,0.0014072,0.0041475
0.058644,0.18105,0.32512,0.29188,0.07449,0.045608,0.00020929,0.023003,0.19246,0.34459,0.24235,0.14358,0.057187,0.016861,0.00041488,0.002568
0.08785,0.14581,0.30058,0.2732,0.10314,0.062209,0.00022955,0.026979,0.18737,0.37369,0.21943,0.11973,0.077128,0.019618,0.00030276,0.002719
0.075193,0.21821,0.27732,0.26029,0.07507,0.061961,0.00014644,0.031808,0.18798,0.29706,0.29384,0.089704,0.074579,0.033691,0.0032623,0.019878
0.074299,0.18702,0.31768,0.27467,0.063454,0.062454,0.00025732,0.020165,0.1783,0.33083,0.28393,0.090206,0.071641,0.030038,0.0067161,0.0083366
0.060787,0.15569,0.33905,0.2753,0.081601,0.062779,0.00052388,0.024267,0.15272,0.3733,0.27604,0.082581,0.063113,0.031898,0.00751,0.012836
0.062468,0.17943,0.33155,0.2624,0.088564,0.048148,0.00011557,0.027327,0.1693,0.32891,0.3007,0.12469,0.043163,0.022339,0.00066952,0.010228
0.068586,0.12852,0.31333,0.32178,0.11061,0.042101,0.0014632,0.013604,0.18967,0.29608,0.29505,0.14433,0.042929,0.025712,0.002954,0.0032775
0.075072,0.14191,0.26041,0.33432,0.11663,0.055987,0.002823,0.012857,0.18879,0.29737,0.28773,0.11103,0.076773,0.035164,0.00066873,0.0024687
0.06663,0.15037,0.31738,0.30501,0.11271,0.034266,0.0039383,0.0096986,0.20516,0.29042,0.29014,0.10569,0.052873,0.04717,0.00076991,0.0077696
0.080267,0.14174,0.31692,0.30271,0.11895,0.031354,0.001317,0.0067387,0.18514,0.3091,0.29492,0.095531,0.086386,0.025176,0.0016326,0.0021201
0.10976,0.10023,0.33444,0.26223,0.12307,0.041858,0.0015885,0.02681,0.24361,0.24147,0.24399,0.10843,0.094588,0.064585,0.0019187,0.0014061
0.10307,0.13823,0.3513,0.25234,0.098087,0.03945,0.003428,0.014102,0.28472,0.22613,0.31327,0.097774,0.049267,0.017243,0.0059173,0.0056831
0.068903,0.17737,0.28797,0.2772,0.12113,0.052544,0.001145,0.013742,0.23151,0.25921,0.36187,0.086989,0.047018,0.011157,0.00032572,0.0019279
0.056486,0.1089,0.29096,0.30089,0.1218,0.08512,0.010985,0.024856,0.23586,0.29472,0.31568,0.077175,0.060428,0.015709,7.4914e-005,0.0003431
0.086209,0.13231,0.30059,0.29327,0.14483,0.034914,0.00021568,0.0076535,0.22385,0.34012,0.24855,0.11098,0.042552,0.032071,0.0018154,6.4164e-005
0.087667,0.15859,0.30021,0.27074,0.10346,0.063399,0.00062943,0.015305,0.25406,0.30828,0.21245,0.098075,0.088162,0.033042,3.1787e-006,0.0059193
0.084654,0.11372,0.30057,0.25051,0.14037,0.073466,0.00032134,0.03639,0.25041,0.29636,0.23953,0.11655,0.073475,0.011947,3.5053e-005,0.011688
0.05743,0.09934,0.3281,0.30064,0.1405,0.057686,3.6873e-006,0.016296,0.19821,0.33329,0.2537,0.11679,0.076674,0.014904,0.0019331,0.0045099
0.063701,0.10128,0.27504,0.36846,0.12021,0.059382,1.7492e-007,0.011927,0.18223,0.30635,0.2701,0.10976,0.09164,0.02273,8.5573e-007,0.017181
0.087142,0.1371,0.28959,0.30084,0.10727,0.052055,0.00039252,0.025607,0.26567,0.27815,0.24384,0.087359,0.097997,0.012655,0.0011587,0.013164
0.079316,0.16029,0.24249,0.29188,0.11403,0.08871,7.3227e-006,0.023287,0.22993,0.27011,0.23698,0.13543,0.071636,0.05419,0.00020117,0.0015243
0.071057,0.18305,0.29627,0.27045,0.10193,0.058738,1.9392e-005,0.018482,0.21259,0.2947,0.29243,0.11117,0.065297,0.017859,0.0015365,0.004407
0.060364,0.1652,0.30936,0.2969,0.10163,0.053705,0.00011567,0.012724,0.21331,0.26068,0.26984,0.11964,0.11775,0.013144,0.0018289,0.0038039
0.041962,0.13406,0.36925,0.29117,0.09901,0.040801,0.00057865,0.023166,0.18851,0.26441,0.3432,0.088157,0.097563,0.012672,0.0020901,0.0034009
0.059072,0.14444,0.33711,0.28286,0.079474,0.065224,0.0085411,0.023279,0.22388,0.27425,0.30083,0.10314,0.068522,0.016831,0.0052772,0.0072703
0.063697,0.18749,0.26848,0.26842,0.13418,0.057073,0.0060912,0.014564,0.2027,0.29562,0.2444,0.13383,0.056777,0.052616,0.0022897,0.011762
0.071745,0.18545,0.26453,0.29714,0.11423,0.049635,4.2967e-005,0.017233,0.21911,0.27506,0.26948,0.098563,0.071112,0.057042,0.00055076,0.0090793
0.068111,0.18229,0.27769,0.31039,0.11264,0.04022,9.4452e-005,0.0085637,0.23627,0.29499,0.23217,0.11517,0.081155,0.024916,0.00543,0.0098913
0.043121,0.19019,0.3314,0.26378,0.10687,0.044701,0.0045679,0.015364,0.21622,0.29065,0.25092,0.13518,0.060913,0.028437,0.0014465,0.016236
0.069152,0.1216,0.3351,0.26473,0.11449,0.063421,0.0091234,0.022388,0.2222,0.29987,0.19002,0.16493,0.08637,0.029192,0.00018101,0.0072472
0.069172,0.12214,0.36127,0.26943,0.1173,0.045087,0.0028071,0.012798,0.17878,0.28233,0.25331,0.13913,0.10294,0.017441,0.0055924,0.020472
0.067368,0.17576,0.29107,0.28613,0.09432,0.058326,0.0018393,0.025197,0.20645,0.29596,0.22008,0.15018,0.079131,0.029091,0.0015727,0.017537
0.074488,0.16584,0.27057,0.30826,0.10601,0.049391,0.0010647,0.024378,0.19312,0.31323,0.20258,0.16191,0.08463,0.02702,0.0013644,0.016149
0.082744,0.12495,0.30475,0.2856,0.10926,0.076263,0.0017919,0.014628,0.18065,0.32243,0.2614,0.10973,0.086742,0.021981,0.0042894,0.01278
0.085984,0.10004,0.30268,0.31449,0.11695,0.058423,0.0004434,0.020986,0.23482,0.27004,0.24777,0.13442,0.071196,0.02561,0.0029031,0.01324
0.070669,0.15275,0.30023,0.27537,0.12442,0.056925,0.0024548,0.017185,0.27843,0.34219,0.15936,0.13594,0.043288,0.026672,0.0016071,0.012515
0.082001,0.17707,0.28117,0.24758,0.10242,0.075486,0.0027396,0.031536,0.2815,0.21444,0.23644,0.13771,0.066976,0.043144,0.0011237,0.018658
0.067282,0.14774,0.30401,0.28184,0.097276,0.076658,0.00031062,0.024881,0.23654,0.26188,0.26077,0.11751,0.058994,0.054834,0.0058999,0.0035625
0.040964,0.20425,0.27292,0.29104,0.11269,0.054652,0.00018698,0.0233,0.28414,0.23803,0.27383,0.081236,0.060549,0.032175,0.0029537,0.027093
0.032595,0.17587,0.29667,0.30585,0.087236,0.076242,0.0023983,0.023142,0.2835,0.25635,0.23453,0.075265,0.057592,0.067706,0.0036326,0.021425
0.03809,0.1361,0.33479,0.32039,0.084732,0.069819,0.00027212,0.015807,0.21832,0.24672,0.27816,0.11659,0.070448,0.049532,0.008451,0.011771
0.062387,0.13653,0.29744,0.29014,0.11066,0.079181,0.0012785,0.02238,0.21266,0.26007,0.25928,0.12725,0.083876,0.038995,0.010191,0.0076858
0.046218,0.13984,0.32115,0.29726,0.083384,0.081076,0.018244,0.012831,0.23013,0.27021,0.25647,0.10832,0.064619,0.026188,0.025639,0.018423
0.064952,0.1545,0.34801,0.26364,0.08229,0.061963,0.0042779,0.02037,0.23038,0.2616,0.24352,0.11321,0.10374,0.027543,0.001113,0.018902
0.089008,0.16517,0.28216,0.27096,0.10421,0.067266,0.0007173,0.020493,0.21494,0.26688,0.2877,0.13942,0.065504,0.017751,0.0023122,0.0054958
0.090981,0.15677,0.2731,0.26734,0.11572,0.07323,0.0085152,0.01435,0.2177,0.25313,0.27128,0.13339,0.1003,0.013078,0.0042317,0.0068796
0.082088,0.15677,0.28065,0.29414,0.12219,0.047513,0.00081694,0.015832,0.14461,0.29533,0.28453,0.15826,0.082599,0.022514,0.00019256,0.011954
0.071714,0.14652,0.2704,0.27881,0.1338,0.067518,0.0091152,0.022123,0.18055,0.32306,0.20556,0.16981,0.086134,0.013413,0.0024216,0.019066
0.086185,0.14334,0.26681,0.29344,0.12376,0.072407,0.0090318,0.0050296,0.21411,0.30896,0.23926,0.12574,0.078591,0.021668,0.0019577,0.0097025
0.072015,0.18369,0.25825,0.276,0.11403,0.073478,0.007896,0.014628,0.19446,0.32626,0.2497,0.14563,0.046759,0.026839,0.00082211,0.0095243
0.053126,0.16582,0.33103,0.26686,0.099971,0.061696,0.0069515,0.014551,0.23226,0.30307,0.20359,0.14527,0.073037,0.032167,0.0050704,0.0055354
0.085335,0.16409,0.28115,0.28514,0.098065,0.065518,0.0061346,0.014575,0.23032,0.2829,0.20388,0.15245,0.071602,0.03342,0.010125,0.015304
0.080635,0.15214,0.28842,0.26198,0.12556,0.061952,0.0066838,0.022628,0.26813,0.27551,0.26122,0.11944,0.050542,0.012497,0.0052052,0.0074651
0.081539,0.1547,0.27364,0.27788,0.11545,0.084489,0.0031593,0.0091455,0.18982,0.30311,0.26327,0.13508,0.063862,0.029114,0.0066857,0.0090533
0.071229,0.17797,0.29601,0.27999,0.10614,0.054106,2.139e-006,0.014547,0.20789,0.24703,0.28598,0.15831,0.055531,0.038425,0.00017819,0.0066568
0.062725,0.16867,0.31843,0.25887,0.1175,0.055619,0.00086675,0.017328,0.17571,0.30615,0.25608,0.16516,0.056428,0.035098,0.0012561,0.0041133
0.08454,0.14737,0.2676,0.33544,0.096629,0.046069,0.003132,0.019217,0.18676,0.28894,0.27437,0.1339,0.083682,0.021868,0.00012243,0.010349
0.066817,0.15556,0.28842,0.31522,0.11515,0.044857,0.00038645,0.013586,0.19252,0.27187,0.27693,0.14703,0.057741,0.030997,0.00059578,0.022322
0.09375,0.12319,0.29547,0.312,0.083713,0.071499,0.00052805,0.019852,0.21371,0.34258,0.23296,0.099005,0.048333,0.035509,0.0082112,0.019687
0.077624,0.127,0.28928,0.31594,0.11814,0.050753,0.0011281,0.020132,0.16525,0.32746,0.27737,0.10178,0.072665,0.0448,0.0031666,0.0075095
0.056772,0.13533,0.3049,0.29637,0.1523,0.044422,1.3721e-007,0.0099092,0.20185,0.29924,0.30057,0.091807,0.060967,0.035442,0.0012962,0.0088251
0.082244,0.14721,0.31489,0.29096,0.086678,0.040764,1.9083e-005,0.037226,0.20461,0.32603,0.24651,0.13986,0.055865,0.022538,0.0029712,0.0016235
0.058045,0.14961,0.24336,0.34989,0.10808,0.052314,0.0031552,0.035542,0.19598,0.32455,0.23044,0.12079,0.081182,0.040177,0.0032375,0.0036466
0.047795,0.14275,0.28322,0.33023,0.12655,0.058378,0.0030137,0.0080674,0.15238,0.35187,0.25151,0.1089,0.099296,0.017274,0.0078484,0.010918
0.040089,0.16709,0.29304,0.3041,0.10851,0.064314,0.00041319,0.022447,0.16897,0.31823,0.25804,0.14106,0.063268,0.035539,0.0074165,0.007476
0.033147,0.16148,0.28537,0.35316,0.083728,0.057274,8.7907e-006,0.025833,0.18589,0.33501,0.2187,0.122,0.10559,0.024201,0.0029846,0.0056363
0.083919,0.19258,0.28991,0.28263,0.067468,0.068679,0.0014081,0.013394,0.16268,0.30615,0.26537,0.13079,0.086173,0.038405,0.0053174,0.0051056
0.098532,0.15387,0.29466,0.28386,0.085762,0.067117,0.0031631,0.013036,0.22343,0.28202,0.22561,0.1182,0.11673,0.02626,0.0034076,0.0043323
0.080502,0.18118,0.27642,0.2926,0.089472,0.068118,0.001806,0.0098902,0.17943,0.29546,0.26445,0.14335,0.069427,0.032437,0.0086385,0.0068074
0.061646,0.14099,0.2805,0.29996,0.11502,0.085173,0.0011037,0.015605,0.16355,0.29578,0.32328,0.11405,0.069415,0.020541,0.0040018,0.0093955
0.058356,0.15451,0.29824,0.3227,0.06854,0.067507,0.0082008,0.021949,0.19457,0.31027,0.26032,0.11343,0.063033,0.027386,0.011195,0.019787
0.06428,0.17024,0.3043,0.28538,0.0732,0.084648,0.0049362,0.013008,0.17595,0.30737,0.32011,0.081736,0.079327,0.018388,0.0094307,0.0076892
0.068821,0.13834,0.30666,0.28455,0.12481,0.056418,0.0041533,0.016254,0.21796,0.3213,0.26796,0.073136,0.07624,0.024655,0.0018373,0.016906
0.056461,0.1959,0.28208,0.23917,0.10754,0.087048,0.00082594,0.03097,0.17789,0.34353,0.29819,0.086028,0.052605,0.029769,0.0058747,0.006115
0.055947,0.15736,0.23186,0.3529,0.10259,0.079354,0.00068415,0.019295,0.16598,0.30311,0.30787,0.10539,0.07391,0.039482,0.0034079,0.00085055
0.047808,0.14308,0.28657,0.3214,0.098983,0.070971,0.0030159,0.028167,0.20121,0.36303,0.21645,0.13829,0.060641,0.014394,0.00020616,0.0057767
0.058081,0.14844,0.32853,0.2615,0.11947,0.06707,0.0052018,0.011703,0.19031,0.36504,0.22469,0.12808,0.039481,0.035877,0.0046789,0.011841
0.08042,0.15251,0.31158,0.2559,0.090767,0.078679,0.0069121,0.023234,0.23378,0.32874,0.22951,0.11771,0.044791,0.035874,0.00097081,0.0086272
0.068025,0.14035,0.27045,0.33537,0.081466,0.080662,0.0001896,0.023485,0.20635,0.31817,0.20271,0.096898,0.090341,0.059651,6.9498e-005,0.02581
0.081305,0.15796,0.28996,0.26798,0.14116,0.039121,0.0016413,0.020861,0.18945,0.3398,0.28229,0.10338,0.041137,0.029609,0.00052312,0.013797
0.052402,0.16853,0.28481,0.27931,0.13717,0.049551,5.8388e-005,0.028174,0.21115,0.30181,0.27672,0.12004,0.060243,0.015656,0.0011868,0.013181
0.068506,0.17232,0.30549,0.20356,0.17132,0.058839,0.0021271,0.017847,0.2248,0.25067,0.29534,0.13597,0.066437,0.023645,0.001499,0.0016305
0.059508,0.15062,0.31775,0.25161,0.1379,0.064285,0.0055378,0.012789,0.23947,0.30571,0.28152,0.092898,0.050084,0.023288,0.0021194,0.004913
0.088593,0.14917,0.29757,0.27802,0.1115,0.049887,0.0021172,0.023136,0.22378,0.3247,0.24116,0.12331,0.045703,0.02697,0.00031847,0.014061
0.068981,0.15264,0.2878,0.34961,0.092473,0.035236,0.00065144,0.01261,0.19062,0.34848,0.24461,0.092573,0.072085,0.027889,0.0022901,0.021459
0.06283,0.18247,0.25887,0.30731,0.13106,0.0403,0.0011985,0.015955,0.23765,0.2812,0.24713,0.16501,0.050525,0.014917,0.0021975,0.0013658
0.063697,0.15331,0.33193,0.25426,0.14522,0.030934,0.0010587,0.019594,0.22019,0.26845,0.26627,0.13044,0.060346,0.037895,0.0016955,0.014712
0.058263,0.1835,0.31843,0.30917,0.068609,0.043116,0.00049874,0.018426,0.21458,0.30552,0.28175,0.10395,0.050575,0.02736,0.0025488,0.013714
0.084924,0.18467,0.28261,0.28766,0.087938,0.051355,0.00097952,0.019862,0.21685,0.31515,0.25889,0.091211,0.086617,0.016899,0.002427,0.011945
0.083684,0.17148,0.29484,0.26216,0.10028,0.069184,0.0038916,0.014473,0.20001,0.29572,0.24495,0.13088,0.066545,0.053535,0.0020502,0.006302
0.070277,0.16403,0.30641,0.29154,0.10156,0.049565,0.00091897,0.015702,0.24084,0.34729,0.22539,0.11114,0.040224,0.028165,0.001675,0.0052838
0.084208,0.15115,0.29527,0.31878,0.082063,0.050982,8.189e-008,0.017551,0.19742,0.31685,0.27424,0.1333,0.047666,0.024986,0.0034414,0.0021044
0.038997,0.17046,0.25828,0.25971,0.14174,0.10204,0.00051893,0.02826,0.23854,0.29611,0.25182,0.14029,0.059833,0.010053,1.0523e-008,0.0033506
0.037537,0.18663,0.29779,0.26819,0.12289,0.067347,0.0027935,0.016818,0.23983,0.26773,0.26253,0.13797,0.068511,0.01452,0.0014447,0.0074593
0.060459,0.15075,0.29581,0.29134,0.11773,0.06906,0.0010423,0.013813,0.22386,0.28574,0.25421,0.15744,0.05613,0.0046752,0.0008159,0.017132
0.064592,0.18696,0.29732,0.24145,0.134,0.055654,0.00092629,0.019095,0.20091,0.26737,0.27983,0.17808,0.039595,0.0083381,0.00062877,0.025252
0.058921,0.16436,0.33703,0.26627,0.094054,0.06055,0.0023545,0.016466,0.24996,0.25555,0.2654,0.15673,0.049746,0.0086382,0.0064415,0.007536
0.049398,0.17199,0.30059,0.28695,0.10745,0.061507,9.7748e-005,0.022023,0.27118,0.27871,0.25894,0.14439,0.031032,0.010703,0.0030902,0.0019629
0.055704,0.18377,0.29183,0.31699,0.086296,0.053946,0.00022252,0.011247,0.2231,0.36861,0.20689,0.13634,0.030631,0.012507,0.006423,0.015493
0.045864,0.18364,0.27641,0.31447,0.079112,0.077459,0.00022804,0.022814,0.18524,0.31365,0.26646,0.16346,0.0477,0.013957,0.0037948,0.0057437
0.052377,0.16199,0.28934,0.33272,0.10212,0.042118,0.00058588,0.018748,0.1786,0.28924,0.29189,0.13319,0.086822,0.014167,0.0054502,0.00064793
0.059858,0.14865,0.27025,0.34691,0.1136,0.035892,0.008817,0.016024,0.22521,0.32933,0.24986,0.10287,0.072023,0.014635,0.0010529,0.0050202
0.064853,0.14783,0.30395,0.2814,0.12026,0.072538,0.0024162,0.0067515,0.21397,0.27263,0.29971,0.11737,0.061658,0.020097,1.7429e-005,0.014555
0.039454,0.16876,0.2775,0.29605,0.12274,0.070529,0.0048674,0.020102,0.24928,0.30284,0.23959,0.097584,0.081519,0.018302,0.00087687,0.010002
0.055428,0.18568,0.3003,0.2778,0.10991,0.053481,0.0054924,0.01191,0.19078,0.32635,0.27217,0.106,0.067762,0.029394,0.00070044,0.0068465
0.072995,0.15988,0.25355,0.2864,0.14854,0.057774,0.0048797,0.015982,0.19792,0.3042,0.23133,0.13509,0.071691,0.050963,0.0015562,0.0072525
0.067782,0.14354,0.26263,0.30795,0.12681,0.071755,0.0023774,0.017166,0.22303,0.23542,0.26212,0.14114,0.075927,0.038335,0.00011579,0.023914
0.056964,0.1728,0.22938,0.28745,0.12491,0.11194,0.00023798,0.016315,0.23558,0.27204,0.27533,0.10955,0.047131,0.037951,0.0001723,0.022243
0.06629,0.1488,0.28934,0.29357,0.099776,0.08326,0.00015128,0.018811,0.24911,0.29844,0.21678,0.16123,0.044118,0.012779,0.0060712,0.01148
0.088714,0.16109,0.27929,0.26538,0.1297,0.055603,0.00069985,0.019517,0.21353,0.32328,0.2587,0.12157,0.055137,0.018143,0.0043038,0.0053373
0.097095,0.14236,0.28923,0.27636,0.10516,0.068158,0.0032003,0.018439,0.21522,0.33029,0.27742,0.066669,0.086841,0.019274,0.00013713,0.004145
0.075789,0.18778,0.28356,0.2479,0.12454,0.04687,0.0077467,0.025819,0.14116,0.41578,0.2095,0.1472,0.048095,0.025367,0.00014862,0.012748
0.076266,0.19225,0.28535,0.23585,0.097333,0.063732,0.0088018,0.04042,0.20656,0.30051,0.24135,0.12533,0.079712,0.031283,0.0033122,0.011948
0.078417,0.16931,0.30633,0.2891,0.07763,0.052388,0.0063429,0.020482,0.21155,0.29027,0.28387,0.12459,0.05544,0.022812,0.0047929,0.006677
0.065799,0.18337,0.27175,0.29034,0.087865,0.072941,0.0062266,0.021708,0.20143,0.2743,0.27875,0.11891,0.075149,0.017413,0.0051477,0.028903
0.065419,0.21667,0.28373,0.25978,0.096507,0.067796,0.0021585,0.0079379,0.20074,0.29515,0.23667,0.14413,0.069398,0.027847,0.012256,0.013804
0.065891,0.18273,0.32732,0.23329,0.076572,0.10097,0.0012104,0.012024,0.19972,0.30221,0.22945,0.13435,0.077085,0.027933,0.0019629,0.027275
0.061563,0.18155,0.26674,0.28164,0.11322,0.071263,0.0014334,0.022594,0.21363,0.2194,0.28641,0.14426,0.069652,0.053642,0.0062256,0.0067784
0.083813,0.18593,0.29963,0.2799,0.072522,0.062503,0.0029744,0.012724,0.21308,0.27502,0.2693,0.1229,0.085353,0.029043,0.0020585,0.0032485
0.092215,0.17744,0.30284,0.28717,0.080113,0.04402,0.0070126,0.0091834,0.2578,0.24815,0.20103,0.20243,0.059571,0.020755,0.0023396,0.0079265
0.10297,0.18765,0.2669,0.25694,0.10595,0.048087,0.0024435,0.029059,0.27019,0.25779,0.20747,0.151,0.088835,0.015146,0.00036489,0.009209
0.086781,0.17579,0.30143,0.26395,0.087314,0.056303,0.0074765,0.020962,0.27641,0.26962,0.23154,0.13964,0.059969,0.017617,3.636e-005,0.0051642
0.059158,0.2074,0.2992,0.25218,0.10814,0.042484,0.00060357,0.030825,0.23299,0.28668,0.24896,0.14765,0.05293,0.027637,0.00087858,0.0022693
0.049371,0.15977,0.33991,0.28494,0.080235,0.073863,0.00093518,0.01097,0.2,0.2524,0.27871,0.14889,0.078371,0.030321,0.0054085,0.0059024
0.064659,0.16713,0.25368,0.31481,0.080724,0.084531,0.0036864,0.030787,0.18483,0.31987,0.24916,0.1314,0.080658,0.025582,0.00085092,0.0076543
0.072292,0.16848,0.26212,0.27823,0.1087,0.071024,0.008091,0.031067,0.232,0.28399,0.23115,0.11048,0.096514,0.023166,0.0050097,0.017681
0.060708,0.185,0.28488,0.2936,0.097329,0.053884,0.0010532,0.023542,0.1741,0.29062,0.2599,0.14859,0.069359,0.053507,0.00082414,0.0030989
0.061214,0.1741,0.32549,0.25491,0.10543,0.062473,0.00471,0.011674,0.19753,0.32308,0.24525,0.12993,0.043684,0.055384,0.0010814,0.004062
0.055007,0.18004,0.32309,0.30031,0.070331,0.047503,0.0031295,0.020594,0.19448,0.29536,0.28579,0.14484,0.048638,0.027143,0.00037082,0.003372
0.05786,0.15593,0.29561,0.32774,0.072604,0.055272,0.0081888,0.026799,0.20796,0.34681,0.25933,0.11408,0.050906,0.011865,0.0020919,0.0069428
0.061299,0.13244,0.34597,0.27701,0.11586,0.056283,0.0032334,0.0079019,0.18849,0.31718,0.28972,0.10165,0.076936,0.0077415,0.0062003,0.012073
0.069464,0.14424,0.32399,0.28561,0.11225,0.041267,0.01106,0.012117,0.20385,0.29379,0.26514,0.11958,0.087902,0.023972,0.0005567,0.0052135
0.065757,0.16496,0.26612,0.29787,0.11043,0.058817,0.013463,0.022585,0.21464,0.33787,0.25324,0.079112,0.080702,0.01839,4.7583e-005,0.016
0.089829,0.14071,0.30487,0.29121,0.089535,0.062192,0.0053715,0.016282,0.23453,0.31113,0.22307,0.086221,0.082892,0.037699,0.0020409,0.022426
0.066283,0.1607,0.30447,0.28198,0.09578,0.065513,0.0095549,0.015714,0.2172,0.30742,0.30282,0.10932,0.02859,0.027005,0.0042239,0.0034242
0.067403,0.20139,0.2581,0.24573,0.14272,0.046928,0.0017183,0.036016,0.17231,0.31255,0.24644,0.14803,0.087584,0.019639,0.0043523,0.0090938
0.088284,0.16783,0.27442,0.28993,0.10792,0.047777,0.00094981,0.022894,0.25985,0.22578,0.27448,0.15412,0.038812,0.027998,0.0035767,0.015392
0.10451,0.1699,0.24643,0.30879,0.10252,0.054419,0.00015828,0.013271,0.20969,0.30338,0.30115,0.12175,0.039472,0.017048,2.5273e-005,0.0074671
0.088572,0.17577,0.2898,0.27542,0.095536,0.054997,0.010164,0.0097369,0.19339,0.3062,0.27001,0.13341,0.064203,0.025257,0.0017918,0.0057426
0.066152,0.14995,0.26509,0.32179,0.097767,0.057578,0.021989,0.019681,0.26592,0.27006,0.22638,0.11704,0.084524,0.031265,9.982e-006,0.0048065
0.095843,0.15146,0.28824,0.2659,0.12381,0.048957,0.012645,0.013149,0.19416,0.34693,0.24535,0.13535,0.056849,0.019418,0.00071261,0.0012287
0.084849,0.15629,0.2865,0.32799,0.080037,0.049122,0.0021585,0.013057,0.24783,0.28042,0.25464,0.11902,0.067205,0.020308,0.0016441,0.0089353
0.079728,0.17798,0.32234,0.27823,0.072671,0.055858,0.0028424,0.010346,0.24457,0.31191,0.23427,0.10894,0.052814,0.03228,0.0077141,0.0075037
0.077702,0.19175,0.27609,0.2616,0.087862,0.082239,0.014826,0.0079225,0.2013,0.34559,0.24008,0.12346,0.068587,0.018539,0.0014495,0.0010026
0.057536,0.15166,0.32501,0.28804,0.082723,0.055968,0.0034624,0.035604,0.27285,0.25996,0.2748,0.1153,0.049607,0.023098,0.00049099,0.0038952
0.092101,0.12189,0.30022,0.31324,0.10821,0.050338,0.0019158,0.012084,0.2359,0.25263,0.23399,0.14438,0.080333,0.034791,0.0089291,0.0090572
0.083192,0.18269,0.23442,0.29764,0.12617,0.047738,0.0061371,0.022012,0.20395,0.32466,0.23117,0.15206,0.046659,0.032497,0.008544,0.00045156
0.051619,0.1709,0.28735,0.29992,0.1107,0.053844,0.00015366,0.025512,0.23695,0.24706,0.26914,0.14525,0.05769,0.040333,5.1977e-006,0.0035801
0.04252,0.19592,0.30586,0.2786,0.11491,0.042395,0.0024439,0.017351,0.25699,0.24932,0.22041,0.15843,0.063061,0.048533,0.00093303,0.0023202
0.076534,0.16488,0.30249,0.27286,0.11243,0.031546,0.00033273,0.038922,0.18699,0.27619,0.26903,0.13882,0.091041,0.028166,0.0069808,0.0027854
0.079768,0.15554,0.304,0.25559,0.09948,0.081083,0.0014626,0.023085,0.24482,0.24111,0.27541,0.10796,0.095821,0.030995,7.5682e-006,0.0038752
0.088571,0.15568,0.30053,0.25007,0.10527,0.062043,0.0067751,0.031064,0.29153,0.2745,0.23434,0.125,0.033445,0.02432,0.00013262,0.016732
0.073321,0.16642,0.29038,0.2303,0.1454,0.071601,0.0017499,0.02083,0.23268,0.3232,0.22659,0.11811,0.062401,0.025394,0.00040184,0.011223
0.069397,0.12972,0.28027,0.28373,0.12693,0.091773,0.00023639,0.017953,0.18604,0.33432,0.25632,0.12249,0.048287,0.027661,0.0011686,0.023717
0.079523,0.11942,0.31974,0.30184,0.095698,0.069038,0.0011812,0.013559,0.22245,0.3397,0.19246,0.14344,0.066325,0.021057,0.0029254,0.01163
0.07363,0.17954,0.30825,0.24985,0.11263,0.053713,0.00031871,0.022069,0.23419,0.29651,0.24516,0.12818,0.071762,0.013268,0.0044641,0.0064763
0.08101,0.12657,0.32002,0.27034,0.12005,0.059865,8.8543e-005,0.022059,0.23341,0.3237,0.2326,0.12544,0.055739,0.0079709,0.0019503,0.019186
0.059537,0.13508,0.30985,0.31577,0.11465,0.051073,0.0016173,0.01243,0.19302,0.26571,0.35652,0.073994,0.079204,0.015309,0.0011268,0.015114
0.10486,0.12323,0.29562,0.31529,0.081314,0.06366,0.003616,0.012411,0.18686,0.26888,0.3285,0.10921,0.081304,0.016314,0.00011478,0.008823
0.11224,0.13036,0.31515,0.27514,0.082424,0.05559,6.8326e-006,0.029096,0.2217,0.25289,0.25248,0.14154,0.075429,0.02968,0.020393,0.0058857
0.089462,0.1529,0.28008,0.30781,0.092214,0.062991,0.0002198,0.014324,0.22114,0.24608,0.32408,0.10376,0.067744,0.036087,4.7202e-005,0.0010588
0.07764,0.13695,0.31758,0.29006,0.089269,0.071338,0.00010491,0.017063,0.16404,0.27239,0.30742,0.14762,0.090214,0.013218,0.00015813,0.0049404
0.065238,0.14209,0.26432,0.28417,0.1244,0.10495,0.0021373,0.012702,0.19369,0.31218,0.33075,0.096232,0.040401,0.015853,0.0023246,0.0085622
0.040827,0.17435,0.32182,0.29058,0.070259,0.068538,0.011045,0.022577,0.20522,0.30921,0.27584,0.127,0.03342,0.026913,0.0045769,0.017816
0.088525,0.17354,0.31564,0.23338,0.096961,0.075353,0.0052424,0.011358,0.21607,0.28698,0.27879,0.128,0.053107,0.019292,0.0011982,0.016565
0.092055,0.15987,0.3003,0.30977,0.049341,0.070498,0.008039,0.010123,0.2289,0.34313,0.21052,0.11922,0.053823,0.030783,4.2292e-005,0.013589
0.090239,0.13766,0.32224,0.29071,0.089017,0.05639,0.0041893,0.0095629,0.22581,0.2892,0.23548,0.13685,0.062218,0.036612,0.00040384,0.013423
0.093394,0.09757,0.28718,0.34793,0.086117,0.070878,0.0098676,0.0070581,0.27328,0.31544,0.23908,0.076262,0.067507,0.016228,0.00030441,0.011907
0.085643,0.18651,0.32255,0.25527,0.089512,0.028542,0.0046619,0.027314,0.25586,0.3009,0.23209,0.14351,0.042628,0.020847,9.6531e-005,0.0040739
0.064048,0.1692,0.30639,0.27947,0.11091,0.04699,0.00091471,0.022087,0.24265,0.27404,0.24877,0.12568,0.066068,0.036948,0.002487,0.0033518
0.052856,0.13416,0.33635,0.31202,0.10011,0.049353,0.0012572,0.013903,0.22696,0.28589,0.26135,0.12836,0.070967,0.02353,2.451e-007,0.0029283
0.050047,0.15742,0.32208,0.2807,0.12293,0.047289,2.6276e-006,0.019528,0.21579,0.32214,0.23707,0.11265,0.076227,0.026421,5.3939e-006,0.0096947
0.050439,0.14459,0.34407,0.2661,0.091517,0.080585,0.0024295,0.020266,0.20369,0.37507,0.1941,0.14008,0.065573,0.020559,7.3244e-006,0.0009239
0.076855,0.16418,0.31709,0.2581,0.11064,0.054716,0.00025547,0.018163,0.19004,0.33573,0.23543,0.12954,0.05378,0.041091,0.00010147,0.014277
0.076163,0.1665,0.29285,0.28098,0.11968,0.051976,0.0031376,0.0087115,0.18032,0.33965,0.27305,0.11357,0.062609,0.025916,0.0043244,0.00056061
0.057086,0.1519,0.28278,0.34556,0.09731,0.050143,0.0009463,0.014278,0.21437,0.29196,0.25769,0.13222,0.059774,0.035939,0.00087705,0.0071636
0.093245,0.15877,0.31018,0.25752,0.1126,0.05197,0.0040612,0.01165,0.26387,0.30842,0.23015,0.12121,0.036349,0.025744,0.00038578,0.013882
0.077275,0.15512,0.27418,0.31919,0.10962,0.041603,0.0052191,0.017791,0.27511,0.29684,0.24301,0.11942,0.035453,0.023956,1.6366e-006,0.0062055
0.06681,0.14316,0.2773,0.33916,0.11657,0.039938,0.0075784,0.0094863,0.18193,0.34263,0.24831,0.12691,0.070886,0.023775,0.0013406,0.0042024
0.07596,0.12659,0.30885,0.23519,0.14126,0.099221,0.0022841,0.010644,0.1826,0.33028,0.23467,0.13866,0.076181,0.030924,0.0023756,0.0043073
0.0625,0.1763,0.31724,0.2235,0.14328,0.053286,0.0047372,0.019148,0.19623,0.32608,0.21552,0.1381,0.073932,0.027638,0.0013109,0.021181
0.073728,0.14149,0.23849,0.34232,0.13141,0.041211,0.010497,0.020862,0.22989,0.33371,0.25017,0.082605,0.079603,0.017819,0.0023986,0.0038087
0.07936,0.12658,0.28775,0.34877,0.07279,0.048381,0.0068491,0.029522,0.18406,0.27833,0.27438,0.10362,0.11864,0.033874,0.0021439,0.0049513
0.065075,0.15777,0.27872,0.3582,0.076942,0.043849,0.0030756,0.016366,0.15545,0.31796,0.246,0.12954,0.10697,0.035505,0.00084399,0.0077415
0.054848,0.17079,0.27448,0.31,0.10414,0.062391,0.0028758,0.020471,0.16765,0.3085,0.27218,0.13549,0.091388,0.021546,1.6564e-007,0.0032581
0.066414,0.14334,0.27148,0.32502,0.10115,0.061013,0.011151,0.020437,0.18863,0.25785,0.28307,0.1874,0.06603,0.013926,3.235e-006,0.0030847
0.06297,0.15982,0.34013,0.27773,0.094101,0.048669,0.0025409,0.014041,0.15216,0.30389,0.29453,0.14358,0.087475,0.0072263,0.00039722,0.010736
0.062201,0.16936,0.3121,0.27015,0.10505,0.06276,0.00040975,0.017962,0.19938,0.2594,0.32516,0.10525,0.080504,0.012957,0.004695,0.01265
0.073043,0.1728,0.29692,0.3156,0.099111,0.034506,0.00081744,0.0072131,0.18138,0.23258,0.33206,0.16755,0.060847,0.019102,0.00029547,0.0061821
0.059558,0.15682,0.29519,0.33483,0.096988,0.029399,0.0078179,0.019401,0.16625,0.27795,0.28204,0.17892,0.069326,0.0080913,1.4627e-005,0.017406
0.067554,0.11553,0.30787,0.32919,0.11369,0.046699,0.0025194,0.016952,0.18723,0.27799,0.29129,0.14467,0.064963,0.013189,0.00034289,0.020329
0.090295,0.12533,0.35598,0.23628,0.10431,0.077046,0.0012569,0.0095012,0.18423,0.27839,0.25431,0.15646,0.088343,0.016067,0.0052148,0.016989
0.066534,0.12144,0.37398,0.2313,0.11426,0.07367,0.0031315,0.015678,0.20492,0.32911,0.19784,0.18803,0.066651,0.0088374,6.9697e-005,0.0045448
0.050585,0.17174,0.37074,0.24741,0.09349,0.045355,6.9473e-005,0.020614,0.20815,0.32191,0.18889,0.17811,0.067175,0.026127,8.9637e-005,0.0095397
0.063051,0.1516,0.32239,0.28885,0.10269,0.051765,0.0025709,0.017089,0.2468,0.2369,0.20214,0.21349,0.066243,0.028391,0.00021342,0.0058214
0.080937,0.12986,0.32901,0.31599,0.077818,0.045148,0.00017736,0.021061,0.18193,0.34228,0.20269,0.18609,0.068633,0.015611,8.4897e-005,0.0026842
0.075406,0.12021,0.39327,0.26227,0.071802,0.073487,0.00013137,0.0034246,0.19215,0.30883,0.27915,0.1375,0.047271,0.030469,0.0018116,0.0028167
0.095004,0.096902,0.33753,0.27272,0.089848,0.0804,0.0014057,0.026194,0.21769,0.27666,0.26675,0.15033,0.052846,0.033668,0.0004853,0.0015757
0.11034,0.1353,0.27625,0.31404,0.078609,0.064794,0.0011484,0.019522,0.23707,0.26395,0.19907,0.15667,0.081331,0.049393,0.011328,0.0011865
0.086371,0.15077,0.32183,0.28763,0.063211,0.067858,0.00061804,0.021715,0.20191,0.3174,0.259,0.10746,0.083546,0.025616,0.0045607,0.0005001
0.073581,0.14269,0.28442,0.31792,0.083838,0.075142,0.0039601,0.018452,0.16599,0.33421,0.25764,0.10553,0.10002,0.03241,0.00038594,0.0038097
0.080886,0.16018,0.29695,0.31088,0.08039,0.063617,0.00026499,0.0068379,0.17369,0.31868,0.27619,0.13466,0.075292,0.02027,0.00021907,0.0010147
0.060303,0.1702,0.33408,0.29029,0.061543,0.070616,0.0018945,0.011068,0.21159,0.27594,0.23401,0.13046,0.10458,0.032295,0.0089087,0.0022186
0.10004,0.15591,0.32584,0.26632,0.078614,0.053997,0.0014542,0.017834,0.22173,0.29742,0.25189,0.095551,0.082502,0.038256,0.0027841,0.0098579
0.098368,0.15138,0.3291,0.2782,0.090741,0.032519,0.012148,0.0075369,0.23723,0.35666,0.20097,0.1057,0.062089,0.026256,0.0015855,0.009518
0.10032,0.12984,0.28951,0.29327,0.099134,0.060451,0.015903,0.011569,0.22042,0.29529,0.28881,0.09209,0.057471,0.036706,0.0017072,0.0075
0.073796,0.15803,0.30108,0.26207,0.1178,0.080017,0.0023103,0.004906,0.24189,0.27106,0.2921,0.10947,0.053571,0.026299,6.7542e-007,0.0056081
0.053581,0.17648,0.28503,0.31472,0.11881,0.037791,0.00035027,0.013232,0.20389,0.27344,0.28168,0.15786,0.048714,0.024375,0.0039888,0.006062
0.061223,0.19352,0.27343,0.28256,0.097799,0.064501,0.003049,0.02392,0.20104,0.29306,0.27218,0.12392,0.078664,0.027717,0.00099325,0.0024347
0.077985,0.15695,0.32276,0.27552,0.089036,0.055362,0.0056768,0.01671,0.19364,0.3371,0.24184,0.1272,0.060839,0.032719,0.00027521,0.006383
0.062447,0.1569,0.31498,0.2776,0.089306,0.08401,0.0050427,0.0097191,0.19417,0.26727,0.30485,0.15504,0.056148,0.011041,0.00076056,0.010726
0.092081,0.17315,0.33109,0.21318,0.10527,0.071853,0.0009058,0.012474,0.20332,0.29159,0.30756,0.12603,0.055974,0.011502,1.187e-005,0.0040109
0.089626,0.1429,0.28831,0.28232,0.093581,0.090443,0.0033295,0.0094954,0.25036,0.33627,0.21605,0.083014,0.088283,0.020172,0.00052879,0.0053201
0.13172,0.14767,0.27818,0.25255,0.088142,0.07062,0.012937,0.018179,0.22202,0.33355,0.2467,0.092769,0.082893,0.018722,8.9657e-007,0.0033423
0.096969,0.17591,0.30164,0.25083,0.082921,0.049437,0.0042591,0.038034,0.20568,0.31739,0.24219,0.13798,0.07914,0.010852,0.0001276,0.0066384
0.086032,0.17343,0.29305,0.26003,0.078657,0.071171,0.0077634,0.029863,0.21766,0.31443,0.26521,0.11893,0.065873,0.015262,5.3091e-005,0.00259
0.054523,0.22343,0.29666,0.23427,0.098236,0.053426,0.010967,0.028487,0.21441,0.33199,0.25923,0.10342,0.07702,0.0099957,0.00061668,0.0033032
0.070135,0.19209,0.29006,0.27804,0.098692,0.047692,9.9433e-005,0.023194,0.2218,0.33022,0.27511,0.08827,0.055761,0.026491,0.00026113,0.0020873
0.06693,0.17258,0.27589,0.27701,0.12266,0.070636,0.00045077,0.013849,0.18642,0.34692,0.25819,0.1022,0.075148,0.020697,5.0386e-005,0.010372
0.079387,0.15909,0.25147,0.31496,0.11205,0.059197,0.00081673,0.02302,0.16928,0.31325,0.31962,0.11666,0.057467,0.0084456,0.00059495,0.014678
0.073225,0.1494,0.23249,0.30263,0.11443,0.11067,0.00017633,0.016982,0.20913,0.36497,0.22901,0.12259,0.064642,0.008215,1.195e-005,0.0014327
0.060866,0.12219,0.29271,0.28439,0.13065,0.087398,2.3123e-007,0.021789,0.19133,0.35663,0.26731,0.10616,0.05167,0.023515,0.00054604,0.0028294
0.056848,0.14188,0.28986,0.2989,0.12291,0.070684,1.4082e-007,0.018919,0.17045,0.33414,0.29086,0.072871,0.10457,0.024263,0.00079285,0.0020542
0.053383,0.15156,0.3117,0.32218,0.097894,0.053379,0.00050902,0.0093936,0.22375,0.28967,0.30966,0.091397,0.060295,0.019559,1.687e-005,0.0056436
0.086328,0.15941,0.28941,0.30813,0.085987,0.058838,3.8831e-007,0.011905,0.22195,0.31774,0.28831,0.098236,0.049067,0.022581,0.00025659,0.001864
0.066861,0.15463,0.26395,0.35858,0.091359,0.033897,0.0048009,0.025922,0.26302,0.27725,0.2819,0.10119,0.054057,0.02001,0.00012502,0.0024397
0.082513,0.18772,0.25448,0.32159,0.092278,0.034449,0.0025778,0.024389,0.20615,0.3242,0.28742,0.092968,0.065178,0.023249,8.5818e-005,0.0007432
0.094091,0.19383,0.2869,0.24033,0.12027,0.0406,0.0046149,0.019364,0.17634,0.29066,0.30803,0.10995,0.080389,0.021961,0.00035992,0.012316
0.066531,0.16973,0.3078,0.28288,0.1194,0.041413,0.0013579,0.010885,0.20272,0.21706,0.33514,0.088323,0.12679,0.013121,0.00069746,0.016145
0.068485,0.1741,0.31342,0.27182,0.13189,0.035706,0.00054709,0.0040259,0.22217,0.3172,0.27026,0.065983,0.062964,0.042113,0.0094931,0.0098085
0.078467,0.1463,0.27965,0.30953,0.11712,0.059515,0.0026209,0.0067956,0.20396,0.35913,0.24152,0.080995,0.076103,0.027937,0.0022414,0.008116
0.10596,0.1267,0.28303,0.31007,0.10263,0.041704,0.011833,0.018075,0.22375,0.35834,0.22223,0.043188,0.11435,0.033494,1.9459e-005,0.0046199
0.092307,0.17836,0.25677,0.28987,0.096286,0.069985,0.0018951,0.014523,0.19226,0.32412,0.28468,0.096077,0.062407,0.028679,0.0002245,0.011556
0.080286,0.18494,0.26125,0.28069,0.10618,0.067352,0.0013581,0.017955,0.21958,0.30721,0.26053,0.078893,0.069458,0.054039,3.3833e-006,0.01029
0.091004,0.1722,0.30449,0.26372,0.082842,0.057287,0.0028398,0.025617,0.24958,0.27619,0.27461,0.078241,0.063183,0.050423,0.00044917,0.007326
0.068254,0.19606,0.27525,0.28631,0.068711,0.066266,0.0025521,0.036594,0.23784,0.29844,0.23676,0.1254,0.08013,0.0144,7.5585e-005,0.0069575
0.082113,0.17829,0.28134,0.29885,0.11556,0.033874,0.0013737,0.0086015,0.23562,0.2775,0.2464,0.14364,0.046083,0.042403,0.0007578,0.0076045
0.10468,0.17452,0.27155,0.28196,0.094195,0.025403,0.0027748,0.044906,0.2767,0.33316,0.18096,0.094148,0.069466,0.033731,2.6474e-005,0.011803
0.070441,0.15308,0.23872,0.36403,0.10759,0.030968,0.0025504,0.032626,0.28077,0.28462,0.22781,0.074025,0.077367,0.046409,1.4693e-005,0.0089834
0.06464,0.16453,0.31963,0.27039,0.10088,0.048989,0.0025526,0.028391,0.21139,0.32876,0.24556,0.078156,0.088245,0.023268,0.0020403,0.022576
0.068772,0.15553,0.31119,0.31115,0.079619,0.036519,0.0077016,0.029521,0.21116,0.32276,0.19552,0.16971,0.085285,0.01409,0.00053777,0.00094835
0.034608,0.14839,0.37313,0.25308,0.095327,0.062974,0.001238,0.031253,0.20995,0.31768,0.20297,0.18243,0.075982,0.0043222,0.00076569,0.0058974
0.045332,0.16813,0.28004,0.30496,0.1092,0.074678,0.0013249,0.016334,0.20497,0.34032,0.21858,0.13288,0.082789,0.012805,0.0013683,0.0062804
0.069504,0.14425,0.3019,0.29174,0.1175,0.061912,0.002481,0.010715,0.16552,0.30048,0.27307,0.14339,0.085852,0.019862,0.00054771,0.011277
0.059622,0.15272,0.28649,0.31854,0.12131,0.041469,0.00087008,0.018987,0.1876,0.30052,0.27977,0.098296,0.089957,0.033355,0.0011452,0.0093559
0.068986,0.1745,0.24934,0.35649,0.088428,0.039533,1.1188e-005,0.022709,0.17847,0.30461,0.23983,0.14814,0.091009,0.032694,0.0027533,0.0024891
0.055922,0.21162,0.23462,0.28882,0.13796,0.04582,0.00032058,0.024914,0.22939,0.3058,0.24534,0.097349,0.076913,0.028855,0.0033752,0.012972
0.04624,0.17239,0.28419,0.27311,0.12349,0.071941,0.0039659,0.024675,0.17188,0.28501,0.29353,0.10884,0.1053,0.01344,0.010196,0.01181
0.078908,0.15136,0.2974,0.32912,0.082915,0.03415,0.0043504,0.021792,0.20754,0.33697,0.24482,0.094962,0.071072,0.024823,0.0017707,0.018039
0.074172,0.13072,0.29002,0.32437,0.096771,0.05795,0.0019709,0.024022,0.2333,0.28675,0.23474,0.14784,0.060098,0.024064,0.0040724,0.0091369
0.078148,0.1401,0.32377,0.29298,0.076972,0.066951,0.0021883,0.018891,0.23901,0.2443,0.25924,0.11264,0.086041,0.048512,0.0009842,0.0092786
0.07381,0.13456,0.31215,0.30275,0.10833,0.047067,0.0072178,0.014127,0.20919,0.2688,0.24405,0.11305,0.10115,0.055935,0.0060014,0.0018256
0.083074,0.13281,0.33591,0.26742,0.10543,0.052571,0.013495,0.0092985,0.23673,0.28629,0.24988,0.099945,0.074819,0.039519,0.005608,0.0072126
0.073595,0.1902,0.26683,0.27459,0.11775,0.061949,0.0030889,0.011996,0.23786,0.27277,0.24999,0.13834,0.05769,0.034928,0.00063902,0.0077811
0.080106,0.1499,0.27419,0.32542,0.10307,0.046609,6.1811e-005,0.020651,0.20168,0.29376,0.28008,0.14216,0.042449,0.030122,0.0033968,0.0063499
0.084481,0.17273,0.24472,0.30345,0.10467,0.068642,0.0024658,0.018836,0.22546,0.30168,0.24744,0.15339,0.046622,0.015573,0.0053458,0.0044879
0.098434,0.14269,0.2762,0.29467,0.10015,0.063425,0.0030576,0.021367,0.21041,0.27704,0.25119,0.16811,0.040564,0.037979,0.0067076,0.0079958
0.09086,0.15751,0.26538,0.27086,0.12246,0.069105,0.0039743,0.019851,0.27385,0.2585,0.24472,0.10064,0.066934,0.043819,0.002503,0.0090284
0.052826,0.18024,0.27738,0.2647,0.12157,0.077929,0.002388,0.022965,0.24492,0.3297,0.20918,0.10215,0.074071,0.026534,0.00775,0.0057023
0.051794,0.14352,0.28504,0.29812,0.15225,0.054012,0.0020366,0.013227,0.21849,0.30822,0.23868,0.11,0.094275,0.01652,0.0023833,0.011428
0.059799,0.14335,0.29637,0.28669,0.12611,0.068847,0.00739,0.011443,0.20939,0.28305,0.24781,0.11366,0.11154,0.033038,0.00012319,0.0013885
0.055673,0.13188,0.3045,0.29493,0.14358,0.045412,0.00016451,0.023854,0.18683,0.3384,0.23268,0.11622,0.075145,0.048108,0.0012139,0.0013951
0.059586,0.15527,0.30961,0.2656,0.15571,0.042662,5.1753e-006,0.01155,0.18589,0.34734,0.22171,0.1162,0.086614,0.03981,0.0013047,0.0011322
0.055317,0.17418,0.33721,0.26603,0.095892,0.055742,2.5724e-005,0.015604,0.22831,0.34753,0.17415,0.11571,0.081117,0.040338,0.0072197,0.0056306
0.053093,0.15995,0.31831,0.30226,0.092966,0.059979,0.0016431,0.01181,0.20258,0.36007,0.20964,0.09033,0.079564,0.057542,7.1672e-005,0.00020997
0.065658,0.12566,0.3247,0.29452,0.11141,0.052888,1.568e-005,0.025161,0.2114,0.30749,0.22854,0.1116,0.10924,0.028867,2.4154e-005,0.0028351
0.075582,0.13322,0.3135,0.30583,0.10895,0.046998,0.00016598,0.01575,0.20471,0.3457,0.24529,0.067159,0.099745,0.02965,0.0073908,0.00036127
0.07948,0.16833,0.28968,0.27565,0.10609,0.068043,0.001337,0.011393,0.22124,0.32558,0.24785,0.10261,0.068651,0.01863,0.00054232,0.014898
0.096112,0.15101,0.27595,0.31902,0.085043,0.056781,4.2283e-005,0.016044,0.25105,0.27862,0.23618,0.12277,0.082614,0.020844,0.00022162,0.007694
0.080685,0.14411,0.30397,0.2835,0.1146,0.048457,0.0042096,0.020477,0.28578,0.26788,0.22339,0.15415,0.045361,0.016133,0.001194,0.006116
0.06468,0.14363,0.29268,0.28266,0.14463,0.054576,0.0044507,0.012695,0.19255,0.3014,0.20481,0.18597,0.070566,0.039388,6.8717e-005,0.0052567
0.046662,0.15312,0.3532,0.26964,0.11236,0.050401,0.0021105,0.012504,0.224,0.28178,0.25195,0.15999,0.047903,0.029762,0.00026489,0.0043588
0.069395,0.1551,0.31721,0.28953,0.10377,0.050257,0.00012028,0.014624,0.25427,0.26664,0.24496,0.13771,0.047148,0.047897,0.00031417,0.0010551
0.089298,0.14491,0.29879,0.28195,0.10168,0.067622,0.00098395,0.014773,0.20065,0.36158,0.2473,0.11094,0.041033,0.027113,0.0029788,0.0084093
0.10344,0.16338,0.302,0.24873,0.11124,0.052226,0.00386,0.015129,0.16169,0.36081,0.277,0.12837,0.050275,0.017195,4.8397e-005,0.0046147
0.099433,0.16159,0.28337,0.24023,0.10002,0.06504,0.0035739,0.046741,0.21199,0.33522,0.25802,0.09865,0.076914,0.017504,0.00080316,0.00090759
0.056874,0.15554,0.33602,0.27562,0.071153,0.064356,0.00030359,0.040132,0.23832,0.31228,0.23836,0.092271,0.088476,0.025556,0.00020394,0.00453
0.04432,0.1452,0.33245,0.30191,0.081732,0.070699,0.0017994,0.021895,0.20744,0.33646,0.25445,0.10066,0.06832,0.028386,0.0002266,0.0040626
0.058372,0.15859,0.36377,0.27737,0.068476,0.058642,0.00045462,0.014325,0.21175,0.35352,0.23625,0.10332,0.074876,0.018634,0.00013337,0.0015092
0.073945,0.14782,0.29604,0.30269,0.093762,0.06972,0.002241,0.013784,0.24983,0.32035,0.24111,0.093593,0.062708,0.031789,2.5247e-006,0.00061038
0.056688,0.14188,0.32197,0.28056,0.087723,0.094239,0.00098645,0.015957,0.24026,0.27872,0.25717,0.11105,0.086389,0.025323,0.00036298,0.0007225
0.080344,0.14946,0.29996,0.30172,0.079383,0.066674,0.0075856,0.014869,0.21662,0.32868,0.28599,0.088449,0.044761,0.032501,0.0008683,0.0021312
0.088751,0.17298,0.24334,0.30979,0.11005,0.058314,0.0026069,0.014174,0.23857,0.29794,0.26471,0.11083,0.065175,0.015287,4.9214e-006,0.0074805
0.080581,0.20433,0.2263,0.30879,0.090848,0.068368,0.0059063,0.014875,0.21637,0.29719,0.27279,0.11308,0.072432,0.017289,0.0019654,0.0088839
0.062048,0.17539,0.2603,0.3373,0.079727,0.060776,0.00019586,0.024268,0.19746,0.32333,0.24669,0.15821,0.058326,0.013248,4.0628e-005,0.0027012
0.083061,0.14123,0.28702,0.32027,0.087124,0.055243,0.0028453,0.0232,0.16856,0.35813,0.22609,0.16412,0.06639,0.010437,0.0010273,0.0052412
0.07372,0.15696,0.25774,0.35291,0.08471,0.066185,0.0008882,0.0068817,0.17593,0.29021,0.29007,0.15631,0.062461,0.019056,0.00017098,0.005793
0.046956,0.1905,0.24894,0.32067,0.12036,0.058974,0.0011998,0.012403,0.21783,0.30819,0.24874,0.12429,0.061957,0.022615,0.0029882,0.013391
0.076452,0.15558,0.28224,0.32288,0.086381,0.061099,0.00013697,0.01523,0.25628,0.25171,0.23765,0.15782,0.073849,0.0188,0.0020133,0.0018794
0.065968,0.19423,0.24877,0.29863,0.12894,0.051403,7.1606e-005,0.011994,0.26777,0.31892,0.18826,0.1486,0.058492,0.014294,0.0017572,0.0019196
0.085827,0.16168,0.30402,0.23367,0.10163,0.07452,0.0030239,0.035624,0.22287,0.30632,0.19541,0.18876,0.052267,0.019866,0.0028388,0.011671
0.080113,0.22418,0.24796,0.25691,0.086213,0.079719,0.0072778,0.017633,0.23813,0.2686,0.23282,0.16688,0.068882,0.017569,0.0007897,0.0063264
0.10173,0.17579,0.23612,0.31313,0.09589,0.063039,0.00069647,0.013605,0.2076,0.2511,0.24702,0.17264,0.080238,0.031191,0.0030195,0.0071898
0.10155,0.15101,0.26551,0.29138,0.094184,0.07249,0.0040861,0.019784,0.27478,0.27782,0.18482,0.13642,0.09313,0.025407,0.0019711,0.0056553
0.088832,0.14342,0.24859,0.31178,0.13895,0.044289,0.001218,0.022921,0.26724,0.27065,0.25305,0.1274,0.056298,0.023879,4.9579e-005,0.0014345
0.076073,0.12643,0.24536,0.32874,0.12276,0.079601,0.0001263,0.020915,0.27863,0.28736,0.17492,0.14692,0.053753,0.054572,0.0013311,0.0025107
0.075343,0.19619,0.30329,0.24472,0.099958,0.04161,0.0031208,0.035766,0.20871,0.29523,0.23922,0.13761,0.081502,0.02476,2.4446e-005,0.012938
0.0561,0.17059,0.30276,0.24954,0.14142,0.063125,0.00086201,0.015593,0.21129,0.30333,0.25669,0.11125,0.081219,0.028588,0.00041525,0.0072263
0.048385,0.15591,0.31349,0.31882,0.10112,0.051363,0.0026079,0.0083023,0.26485,0.29045,0.22098,0.12395,0.069281,0.01819,0.0013938,0.010906
0.060087,0.1492,0.2874,0.3172,0.10906,0.048036,0.0053664,0.023651,0.20243,0.30736,0.25599,0.10297,0.073858,0.041722,3.8767e-005,0.015628
0.072955,0.20798,0.28798,0.28676,0.074889,0.052452,0.00058802,0.016393,0.23039,0.32229,0.21491,0.10932,0.080394,0.033543,0.00051504,0.0086412
0.072327,0.19422,0.25907,0.30455,0.082412,0.064113,0.0027252,0.020583,0.21921,0.30555,0.23903,0.14378,0.05992,0.024576,6.7941e-005,0.0078613
0.089465,0.19654,0.282,0.26919,0.073351,0.07153,0.0010242,0.016892,0.20883,0.28562,0.30642,0.11434,0.062114,0.01789,5.0745e-005,0.0047458
0.072146,0.16185,0.27578,0.31856,0.089551,0.041875,0.0023548,0.037892,0.20565,0.29472,0.29405,0.11305,0.04548,0.037262,8.3672e-005,0.009712
0.067862,0.15268,0.30734,0.31477,0.089282,0.053861,0.0015477,0.012653,0.23667,0.32504,0.25115,0.10518,0.052067,0.0172,0.012076,0.00061419
0.03942,0.15266,0.35248,0.29429,0.091846,0.061125,0.0011139,0.007059,0.23195,0.272,0.23885,0.12457,0.087916,0.027033,0.010875,0.0068056
0.070858,0.13835,0.37372,0.28297,0.081589,0.042843,0.000688,0.0089822,0.26091,0.29745,0.20256,0.12646,0.075505,0.021076,0.0010156,0.015026
0.041824,0.17316,0.34199,0.27772,0.10159,0.051482,0.0020585,0.010175,0.22673,0.29486,0.22535,0.17083,0.057934,0.013728,0.0018125,0.0087486
0.050944,0.16492,0.33051,0.31811,0.074202,0.040366,0.0096338,0.011314,0.17907,0.32317,0.28779,0.13688,0.044313,0.010416,0.0040486,0.014301
0.083385,0.18223,0.27155,0.32714,0.059193,0.054504,0.00015575,0.021841,0.20048,0.24539,0.30311,0.14809,0.04136,0.046391,0.00029439,0.014884
0.07504,0.17063,0.31178,0.28013,0.091957,0.04766,0.0044897,0.018314,0.23932,0.27705,0.28801,0.11195,0.055252,0.025592,0.00032783,0.0024978
0.06007,0.15938,0.30577,0.30541,0.097116,0.050058,0.0041274,0.018069,0.21898,0.30939,0.2693,0.12274,0.047294,0.028802,0.0011062,0.0023907
0.09888,0.12926,0.28811,0.31796,0.10998,0.038113,0.000521,0.017177,0.23445,0.23966,0.2663,0.18332,0.046713,0.02019,0.0032521,0.0061127
0.10981,0.12444,0.31028,0.30724,0.094035,0.042558,0.00099184,0.010649,0.2254,0.25927,0.2709,0.13936,0.071491,0.025185,0.00092259,0.0074729
0.073748,0.12983,0.30125,0.33318,0.11147,0.029936,0.0046977,0.015884,0.24914,0.26283,0.24199,0.14183,0.06833,0.026083,0.0021813,0.0076132
0.063778,0.15761,0.3219,0.26135,0.1313,0.036568,0.0018146,0.025672,0.25799,0.22931,0.26558,0.13372,0.052428,0.036542,0.0018767,0.022544
0.09615,0.14604,0.29173,0.30269,0.10337,0.040255,0.0011955,0.018568,0.26606,0.27624,0.23978,0.13511,0.049047,0.029572,0.00062009,0.0035758
0.098054,0.13248,0.30805,0.27988,0.11039,0.05624,0.00033842,0.014565,0.24432,0.22944,0.25492,0.1438,0.061772,0.054604,0.0011197,0.010023
0.10102,0.13404,0.30405,0.20433,0.13694,0.093166,0.0059103,0.020551,0.24163,0.32761,0.22062,0.097016,0.069508,0.0386,0.002263,0.0027635
0.069979,0.15758,0.34394,0.27191,0.091061,0.05787,0.00036939,0.0072935,0.18169,0.35537,0.21961,0.1357,0.078694,0.017865,0.0053241,0.0057478
0.091047,0.14777,0.28801,0.25007,0.16866,0.036466,0.0057044,0.012266,0.17017,0.33638,0.28041,0.10048,0.073788,0.025651,0.0026005,0.010516
0.071645,0.15035,0.2755,0.30171,0.12976,0.04833,0.0047151,0.018002,0.2284,0.32637,0.22985,0.116,0.073903,0.017532,0.0010434,0.0069115
0.053466,0.1933,0.28814,0.2898,0.10159,0.050212,0.006286,0.017206,0.2103,0.31828,0.23864,0.14547,0.07989,0.0025627,0.00089497,0.0039586
0.062315,0.18494,0.28108,0.28229,0.091897,0.066184,0.0023837,0.028919,0.25982,0.30004,0.24591,0.11992,0.050417,0.018863,0.00016398,0.0048628
0.053408,0.20487,0.28531,0.27197,0.1062,0.061996,0.00024833,0.015996,0.24235,0.27463,0.2035,0.13514,0.10598,0.028693,0.0077123,0.0019927
0.075461,0.16689,0.2886,0.32378,0.07115,0.056514,0.00010649,0.017495,0.22516,0.28063,0.22944,0.11598,0.10057,0.04429,0.0018305,0.0020873
0.078709,0.17121,0.26181,0.31472,0.080978,0.052322,0.0056589,0.034595,0.23331,0.31425,0.22468,0.1346,0.067413,0.025039,6.7523e-005,0.00064153
0.060367,0.19397,0.28007,0.28201,0.10032,0.067706,0.0017124,0.013829,0.20618,0.26578,0.26476,0.13754,0.068034,0.042396,0.0046518,0.010662
0.04665,0.12694,0.32493,0.32727,0.11661,0.042888,0.0010914,0.01362,0.18305,0.32197,0.26671,0.12991,0.068683,0.020725,0.0021956,0.0067563
0.068515,0.14631,0.30643,0.27128,0.095163,0.088084,0.001806,0.022408,0.20884,0.31781,0.26506,0.13292,0.049994,0.021919,0.00017871,0.0032831
0.083977,0.10954,0.29347,0.27285,0.13863,0.089862,0.0017047,0.0099682,0.22044,0.27765,0.23258,0.14967,0.065594,0.029227,0.0031059,0.021725
0.094097,0.16862,0.28124,0.21519,0.15291,0.075512,0.00011409,0.012314,0.21586,0.23433,0.28211,0.14326,0.059846,0.046903,6.8483e-005,0.017631
0.093787,0.13882,0.29963,0.25768,0.10873,0.081725,0.0011701,0.018459,0.22908,0.22523,0.30164,0.16263,0.040578,0.037215,0.0023275,0.0013023
0.070754,0.16272,0.30411,0.29173,0.11561,0.042125,0.00089975,0.012057,0.2056,0.24266,0.30978,0.1214,0.067518,0.042662,0.003314,0.0070631
0.073322,0.16259,0.24546,0.33101,0.11313,0.06489,0.0003128,0.0092895,0.17862,0.2686,0.30586,0.12035,0.069418,0.049646,0.00090422,0.006605
0.073314,0.1702,0.30809,0.26368,0.1073,0.053256,0.0039331,0.020216,0.20869,0.27215,0.28864,0.10124,0.070328,0.036384,0.007331,0.015238
0.080059,0.17496,0.29168,0.26653,0.097098,0.060732,0.0053966,0.023543,0.17617,0.31717,0.30523,0.12459,0.059654,0.0091556,0.001231,0.0067947
0.085947,0.16363,0.28439,0.29977,0.086617,0.057259,0.0031099,0.019279,0.17065,0.30902,0.29293,0.13306,0.061356,0.015736,0.006024,0.011236
0.10092,0.15255,0.27853,0.2852,0.093669,0.071018,0.0016673,0.016453,0.19547,0.29469,0.25132,0.13469,0.081559,0.027691,0.00061162,0.013968
0.072824,0.16061,0.30876,0.27823,0.10057,0.065334,0.00092225,0.012747,0.23773,0.26661,0.28629,0.11392,0.052321,0.032962,0.0016648,0.0085074
0.10155,0.16417,0.26113,0.29006,0.10393,0.043105,0.0054196,0.03064,0.23269,0.21581,0.34934,0.11088,0.051627,0.031971,0.0045308,0.0031561
0.072347,0.14408,0.26497,0.30032,0.12054,0.056856,0.0034244,0.037458,0.21223,0.21938,0.27706,0.14412,0.065549,0.060648,0.00058974,0.020426
0.084721,0.16148,0.31612,0.26669,0.11169,0.034783,0.00042679,0.024097,0.17852,0.22978,0.31704,0.14619,0.085129,0.031764,0.0020943,0.0094784
0.098191,0.15075,0.29507,0.30494,0.10695,0.028024,0.0036498,0.012428,0.20969,0.23697,0.2667,0.19218,0.060898,0.025117,0.00049159,0.007947
0.094526,0.14964,0.26339,0.28287,0.14112,0.042386,0.0027793,0.023277,0.20909,0.19965,0.30633,0.14951,0.07125,0.033592,0.0084802,0.022102
0.069659,0.18463,0.31099,0.26739,0.11181,0.041599,0.0080287,0.0059018,0.23747,0.24679,0.2412,0.13943,0.081984,0.038578,0.00044755,0.014103
0.089405,0.19312,0.26475,0.25322,0.14003,0.04279,0.0026846,0.014007,0.21401,0.30974,0.26274,0.09715,0.085906,0.021159,0.0026151,0.0066806
0.092634,0.17654,0.35365,0.18123,0.12365,0.047143,0.0050964,0.020055,0.26717,0.29804,0.23637,0.076648,0.08525,0.016896,0.0026731,0.016962
0.077997,0.19037,0.28759,0.25452,0.12903,0.041097,0.0010244,0.018375,0.25916,0.25309,0.26271,0.064594,0.12279,0.022294,0.0046947,0.010664
0.073044,0.16928,0.32329,0.23568,0.11412,0.064878,0.0028916,0.016812,0.24264,0.28323,0.26048,0.066497,0.11926,0.022853,0.00098677,0.0040479
0.058926,0.13875,0.31289,0.28177,0.13014,0.064879,0.0026986,0.0099399,0.17762,0.29053,0.25808,0.11917,0.11161,0.030025,0.00038575,0.012584
0.10584,0.12447,0.28288,0.28545,0.11352,0.051235,0.0035539,0.033043,0.26438,0.28976,0.23264,0.10112,0.073051,0.026124,0.0033317,0.0095947
0.079712,0.12311,0.30865,0.28808,0.12026,0.057813,0.0017915,0.02059,0.23737,0.29784,0.29104,0.0863,0.062086,0.01237,0.0038957,0.0090979
0.093943,0.1322,0.30815,0.2873,0.11507,0.049941,0.0013578,0.012045,0.18713,0.34307,0.27307,0.092919,0.076916,0.0162,0.0016008,0.0090967
0.071408,0.12371,0.26129,0.31331,0.15747,0.056602,0.00064736,0.015558,0.2704,0.28594,0.24959,0.08084,0.090941,0.01429,0.0012183,0.006788
0.065932,0.14563,0.32729,0.26134,0.12476,0.054561,0.0015146,0.018966,0.23889,0.3245,0.24746,0.081632,0.062605,0.037136,0.0020974,0.005683
0.07208,0.16716,0.3087,0.27065,0.10269,0.060021,0.0045016,0.014193,0.22993,0.30279,0.23765,0.092777,0.08801,0.038703,0.0004366,0.0097106
0.075356,0.18669,0.31284,0.23798,0.13068,0.039822,4.6333e-005,0.016589,0.19211,0.27109,0.2811,0.13156,0.070825,0.038894,0.0044001,0.010027
0.072213,0.16383,0.30373,0.25226,0.11524,0.075203,0.0003493,0.017175,0.23152,0.31666,0.27674,0.078989,0.054907,0.028254,0.0031865,0.009739
0.093433,0.16777,0.28276,0.23441,0.098178,0.10677,0.003306,0.013387,0.19902,0.30348,0.27744,0.1039,0.083813,0.020197,0.00087986,0.011274
0.0867,0.1881,0.23957,0.27646,0.13601,0.057715,0.0018008,0.01364,0.17841,0.3055,0.24104,0.14956,0.06774,0.036256,0.0046073,0.016897
0.096372,0.15239,0.25183,0.29986,0.10845,0.072557,0.001739,0.016812,0.20027,0.28183,0.23739,0.098794,0.10327,0.056181,0.0019776,0.020285
0.063327,0.17554,0.27324,0.24512,0.14022,0.08089,9.6381e-005,0.02156,0.17573,0.32778,0.23297,0.12659,0.097563,0.013745,0.0027101,0.022914
0.079687,0.19576,0.32096,0.20332,0.10715,0.079364,0.0016627,0.012094,0.25108,0.26499,0.23068,0.12158,0.096176,0.02307,0.0014723,0.010939
0.065321,0.17622,0.36785,0.21344,0.092102,0.071395,0.00020117,0.013471,0.21938,0.29025,0.22068,0.11583,0.11995,0.026273,0.00055241,0.0070862
0.061169,0.20098,0.32791,0.24414,0.062065,0.074264,0.00039577,0.029072,0.20038,0.28166,0.27193,0.13275,0.090267,0.016357,0.00090986,0.0057624
0.039479,0.21608,0.32093,0.2802,0.091512,0.032785,0.0018359,0.01718,0.23843,0.26787,0.24946,0.10968,0.10664,0.014657,0.0053271,0.007941
0.055257,0.1521,0.30146,0.27764,0.083548,0.10677,0.0063705,0.016863,0.28178,0.26997,0.21497,0.13921,0.067637,0.02403,0.0017061,0.00070426
0.057906,0.18304,0.2986,0.27138,0.09012,0.077451,0.0052053,0.016295,0.23966,0.29747,0.2198,0.15083,0.060885,0.020035,0.00055309,0.010775
0.041843,0.18993,0.29575,0.27007,0.10398,0.066164,0.0081699,0.024084,0.23426,0.32443,0.24982,0.10435,0.058847,0.019228,0.0034436,0.0056131
0.068639,0.18878,0.31307,0.28266,0.086756,0.046435,0.0011621,0.012495,0.21512,0.34315,0.24206,0.070914,0.090937,0.018813,0.0020045,0.017004
0.06788,0.18022,0.32367,0.31706,0.061016,0.038088,0.00012871,0.011942,0.18641,0.29138,0.30719,0.12101,0.063652,0.020515,0.0035252,0.0063261
0.077308,0.1638,0.30159,0.28944,0.085565,0.069948,0.0012268,0.011117,0.22767,0.27568,0.23033,0.15781,0.073059,0.025228,7.9713e-005,0.010135
0.071719,0.15641,0.30171,0.28118,0.095501,0.074932,0.0014931,0.01705,0.23027,0.26003,0.24196,0.13713,0.096432,0.031148,0.0011188,0.0019145
0.068092,0.15656,0.33226,0.27177,0.091242,0.063663,0.0018684,0.014546,0.25635,0.31582,0.20792,0.10449,0.081149,0.030971,0.00019642,0.0030994
0.087499,0.17203,0.32488,0.2401,0.10589,0.054604,0.0035554,0.011448,0.24004,0.28418,0.22235,0.13104,0.070182,0.028756,0.00098625,0.022458
0.086743,0.14161,0.29899,0.2633,0.12578,0.057786,0.0062491,0.019536,0.18429,0.28082,0.27581,0.11559,0.11049,0.025925,0.00075137,0.0063238
0.059542,0.14304,0.34753,0.24213,0.11158,0.074578,0.0018201,0.01978,0.19575,0.26248,0.29909,0.14573,0.079586,0.016056,2.8206e-005,0.0012795
0.081449,0.16182,0.29108,0.24033,0.13476,0.079593,0.00012966,0.010836,0.24226,0.28591,0.24995,0.1556,0.036371,0.025686,0.0015884,0.0026356
0.038227,0.17743,0.2706,0.30109,0.13178,0.051619,0.0072888,0.021965,0.23597,0.34458,0.2088,0.12156,0.051293,0.02662,0.0050415,0.0061355
0.042837,0.20809,0.27246,0.28998,0.12332,0.03667,0.012281,0.01437,0.23434,0.28446,0.20511,0.18108,0.062675,0.031097,0.0010825,0.0001555
0.066716,0.17218,0.2826,0.29612,0.10949,0.045231,0.0086483,0.01901,0.21691,0.27533,0.23103,0.14778,0.080332,0.042045,0.0008005,0.0057748
0.06702,0.21555,0.27551,0.26331,0.10223,0.057066,0.0020393,0.017267,0.253,0.2392,0.2832,0.13185,0.071656,0.016889,0.0012289,0.0029646
0.076934,0.14676,0.37455,0.18926,0.11408,0.077849,0.0032969,0.017264,0.2514,0.23335,0.25797,0.15425,0.081489,0.0091756,0.0070596,0.005304
0.05638,0.17506,0.30463,0.2542,0.10143,0.082927,0.0011132,0.024265,0.19261,0.28894,0.23785,0.16561,0.090798,0.0053341,0.0062544,0.012608
0.064872,0.14409,0.25698,0.32303,0.10003,0.073037,0.0025455,0.035417,0.24532,0.28786,0.25424,0.13261,0.056083,0.011439,0.0014708,0.010976
0.091318,0.16948,0.2521,0.27544,0.1375,0.060002,0.00042722,0.013737,0.28671,0.27293,0.18842,0.1738,0.055214,0.01722,1.5401e-007,0.0057103
0.072937,0.20103,0.25389,0.25641,0.10714,0.078901,0.010949,0.018745,0.22693,0.28801,0.22712,0.1383,0.087285,0.026854,0.00075405,0.004745
0.062521,0.21109,0.26845,0.28032,0.082726,0.073731,0.0021465,0.019017,0.15962,0.27142,0.26537,0.16722,0.092774,0.025737,0.0058471,0.012006
0.11452,0.16322,0.28055,0.2413,0.10483,0.069856,0.010552,0.015171,0.17781,0.32264,0.24789,0.1437,0.064215,0.038332,0.001023,0.0043858
0.09294,0.1658,0.31151,0.25329,0.096163,0.062106,0.0051407,0.013039,0.18683,0.31574,0.25354,0.15411,0.062179,0.02238,0.0044788,0.00074271
0.056408,0.17341,0.26848,0.29961,0.10786,0.067916,0.00054772,0.025766,0.16585,0.2493,0.27388,0.15319,0.12619,0.022216,0.0051438,0.0042295
0.064781,0.1464,0.27681,0.28575,0.14055,0.050279,0.0018986,0.033528,0.18496,0.29524,0.28875,0.13999,0.071176,0.018051,0.00020809,0.0016197
0.071851,0.1463,0.31215,0.27939,0.084095,0.081603,0.0067674,0.017843,0.19488,0.30265,0.29353,0.11571,0.048894,0.034468,0.0021533,0.007722
0.11855,0.16097,0.30553,0.25133,0.083158,0.063494,0.0014872,0.015487,0.22111,0.26468,0.28061,0.11442,0.089691,0.028309,0.00045436,0.00074017
0.079639,0.17721,0.30658,0.2804,0.10654,0.036714,1.6572e-005,0.012898,0.2099,0.26764,0.27858,0.095021,0.13474,0.0069994,0.00052173,0.006593
0.071063,0.15304,0.25857,0.31697,0.11024,0.078997,0.00077624,0.010344,0.26628,0.2735,0.27596,0.08796,0.080695,0.010643,1.3138e-005,0.004954
0.059346,0.11817,0.28069,0.32985,0.11856,0.072347,0.00041048,0.020626,0.20646,0.30445,0.27523,0.069002,0.11227,0.015713,3.7145e-006,0.016876
0.074321,0.14321,0.29455,0.26415,0.1102,0.083693,0.0020139,0.027864,0.2091,0.29139,0.27982,0.10329,0.078092,0.025206,0.00034944,0.012749
0.091948,0.11756,0.29572,0.2687,0.11166,0.091277,0.005264,0.017868,0.21722,0.3665,0.21319,0.090614,0.084172,0.021342,0.0022738,0.0046824
0.089721,0.13461,0.23532,0.28993,0.14038,0.086705,0.0045785,0.018749,0.22493,0.34171,0.24489,0.10886,0.056048,0.014575,0.0019995,0.0069801
0.12258,0.15241,0.26431,0.26106,0.13116,0.05766,0.00441,0.0064191,0.21572,0.33025,0.22835,0.12547,0.068287,0.023872,0.0030089,0.0050464
0.083857,0.17883,0.296,0.25745,0.12721,0.044138,4.0308e-006,0.012507,0.22509,0.29898,0.26463,0.13487,0.05228,0.020397,0.00024731,0.0035124
0.084473,0.14121,0.2911,0.29844,0.089331,0.075529,2.4263e-005,0.019891,0.22469,0.30093,0.27668,0.11841,0.057893,0.010281,0.0021106,0.0090086
0.10208,0.14052,0.25723,0.27862,0.14613,0.058771,0.0026049,0.014036,0.23598,0.36758,0.2101,0.076084,0.072469,0.028246,0.00045654,0.0090822
0.094067,0.16074,0.26346,0.2844,0.11738,0.067949,0.0040499,0.007947,0.21282,0.34301,0.2193,0.12356,0.073605,0.014135,0.011232,0.002347
0.079628,0.13867,0.24078,0.28131,0.16199,0.083155,5.1276e-005,0.014421,0.18355,0.33663,0.24687,0.099556,0.094756,0.037155,0.0001611,0.0013201
0.099512,0.12258,0.30418,0.24635,0.12487,0.087289,9.74e-005,0.01512,0.19852,0.37622,0.20003,0.098886,0.077203,0.028978,0.01324,0.0069274
0.076488,0.10184,0.27117,0.32212,0.13013,0.07922,0.00037616,0.018651,0.19832,0.3195,0.25673,0.10963,0.085386,0.022049,0.0014478,0.0069391
0.083982,0.15024,0.28058,0.2622,0.13365,0.062517,0.00028919,0.02654,0.27322,0.32222,0.21166,0.10915,0.059066,0.022312,1.3127e-005,0.0023617
0.10737,0.12942,0.32259,0.27579,0.087285,0.058242,2.7645e-008,0.019296,0.2038,0.34853,0.25534,0.11286,0.050539,0.018274,0.0023216,0.0083341
0.086871,0.14424,0.32143,0.28075,0.10359,0.051278,0.0010803,0.010758,0.2061,0.33512,0.25504,0.12352,0.043792,0.020134,0.00049933,0.015797
0.076896,0.12017,0.28094,0.3208,0.12185,0.055628,0.000774,0.022925,0.21193,0.32805,0.25074,0.14208,0.039928,0.016207,0.003611,0.0074477
0.073354,0.13936,0.33586,0.26956,0.10443,0.069534,0.00073368,0.0071616,0.21586,0.30704,0.23538,0.1487,0.07374,0.011141,0.0023857,0.0057516
0.08926,0.15476,0.31402,0.26042,0.10055,0.061449,0.0051438,0.014406,0.21831,0.27712,0.22866,0.17545,0.082149,0.0084187,0.00087127,0.00902
0.070138,0.1563,0.32395,0.25575,0.10666,0.063136,0.0026188,0.021452,0.23449,0.21773,0.2453,0.13294,0.13626,0.021049,0.000897,0.011331
0.094244,0.12999,0.30535,0.29719,0.12382,0.038678,0.0015804,0.009147,0.23248,0.27756,0.21647,0.11501,0.076328,0.073321,0.0029671,0.0058667
0.066482,0.15624,0.30903,0.27789,0.10338,0.068627,0.0041361,0.014213,0.20713,0.3416,0.22337,0.098666,0.073779,0.048361,0.0011028,0.0059884
0.042093,0.14016,0.29989,0.35703,0.088642,0.06432,0.00023124,0.007632,0.19562,0.34664,0.22436,0.10386,0.074676,0.034388,0.0051361,0.015324
0.064155,0.13187,0.28487,0.34271,0.11918,0.047701,0.0028903,0.0066178,0.16418,0.29057,0.23161,0.17855,0.093602,0.017434,0.0013667,0.022691
0.052585,0.12983,0.3716,0.30251,0.096283,0.038252,8.5801e-006,0.0089369,0.15851,0.31374,0.21728,0.18598,0.099467,0.013299,0.0055692,0.0061576
0.074296,0.14704,0.3398,0.25007,0.10009,0.062479,0.0097011,0.016529,0.18556,0.33817,0.21832,0.15916,0.058107,0.035136,0.00042526,0.0051291
0.093543,0.10783,0.30988,0.28445,0.12033,0.064458,0.0036603,0.015852,0.1742,0.37515,0.22047,0.14611,0.055285,0.020519,0.00073434,0.0075334
0.075076,0.13431,0.32333,0.2479,0.10867,0.07853,4.4397e-006,0.032185,0.23031,0.33947,0.2125,0.1171,0.066439,0.015648,0.001421,0.017116
0.082064,0.14052,0.27488,0.3042,0.12034,0.064147,4.347e-005,0.013805,0.17269,0.34904,0.26399,0.12351,0.062409,0.021554,0.0032852,0.0035192
0.091664,0.13609,0.30095,0.27461,0.12503,0.047419,0.0022512,0.021989,0.19265,0.30212,0.24211,0.12406,0.098452,0.025595,0.0087717,0.0062487
0.081967,0.13179,0.29145,0.32033,0.11838,0.038259,0.0010362,0.016799,0.21676,0.28725,0.25507,0.10949,0.105,0.0064354,0.0079545,0.01204
0.087533,0.14867,0.29281,0.2992,0.11465,0.044083,0.00057501,0.012477,0.23207,0.26644,0.2909,0.070007,0.077995,0.018542,0.00085128,0.043188
0.070624,0.15005,0.2546,0.34453,0.12302,0.032186,5.9485e-010,0.024996,0.21627,0.25333,0.25294,0.12015,0.10173,0.027787,0.0051102,0.022684
0.054823,0.16105,0.25549,0.33722,0.14978,0.028255,4.8228e-008,0.013382,0.22736,0.29631,0.23144,0.10124,0.10291,0.025016,0.0016479,0.014068
0.074363,0.18926,0.25547,0.30092,0.12281,0.039034,5.0013e-005,0.018094,0.25283,0.28497,0.20061,0.11595,0.091769,0.043882,0.0035334,0.0064522
0.067833,0.18546,0.24773,0.29914,0.14399,0.046682,2.608e-005,0.0091233,0.21055,0.3075,0.17753,0.15869,0.069531,0.050597,0.0025814,0.023019
0.0908,0.14017,0.26257,0.32705,0.13699,0.031811,0.0040938,0.0065131,0.22691,0.30626,0.17812,0.1357,0.078124,0.056403,0.010507,0.0079764
0.059357,0.14073,0.30161,0.32449,0.11896,0.03193,0.00013213,0.02279,0.24512,0.2634,0.21598,0.13274,0.091341,0.037891,0.0030815,0.010442
0.0637,0.16336,0.28118,0.33421,0.087511,0.048413,0.0053292,0.016297,0.22134,0.31736,0.18888,0.15153,0.065516,0.044545,0.0020168,0.0088194
0.061107,0.19011,0.25129,0.32769,0.092463,0.062739,0.005851,0.0087441,0.21789,0.29695,0.24145,0.13622,0.050118,0.036133,0.0023789,0.018855
0.056218,0.20756,0.30636,0.26323,0.09485,0.052027,0.0053994,0.014354,0.17502,0.29624,0.2523,0.15387,0.063641,0.040931,0.0068109,0.011189
0.058022,0.15587,0.32888,0.33841,0.078018,0.026988,0.0035423,0.010271,0.23743,0.31083,0.25075,0.097504,0.063832,0.033272,0.00084085,0.0055385
0.049448,0.16428,0.29744,0.32178,0.10859,0.043956,0.00082528,0.013679,0.19411,0.38182,0.16071,0.13719,0.090365,0.022121,0.0030635,0.010621
0.061116,0.15549,0.30383,0.31068,0.095759,0.057037,0.00092056,0.015159,0.22132,0.32818,0.26148,0.079653,0.057941,0.035965,0.0016053,0.013857
0.061957,0.15876,0.31207,0.29766,0.082806,0.065851,0.00090095,0.019992,0.20608,0.30021,0.26936,0.096573,0.068528,0.042664,0.0020466,0.014542
0.068386,0.1464,0.34242,0.27626,0.092915,0.049242,4.3104e-005,0.024337,0.22336,0.33426,0.20977,0.11282,0.09428,0.017072,0.0023155,0.0061295
0.071387,0.13353,0.37176,0.28483,0.091097,0.030451,0.0030869,0.013861,0.22764,0.35774,0.18895,0.13739,0.060484,0.020155,0.00040653,0.0072304
0.081121,0.16375,0.33473,0.23305,0.12486,0.041837,0.00056506,0.020076,0.1771,0.31595,0.23788,0.19066,0.060405,0.0032183,0.0079602,0.0068228
0.061789,0.18706,0.33164,0.2477,0.10724,0.021453,0.0032073,0.039922,0.17995,0.30935,0.22805,0.16557,0.09537,0.010784,0.0013873,0.009534
0.073909,0.15096,0.29293,0.26641,0.13222,0.058096,0.0059995,0.019473,0.24157,0.25168,0.21504,0.15816,0.09002,0.023973,0.0049551,0.014593
0.071575,0.14459,0.26984,0.27678,0.16349,0.059496,0.005343,0.0088801,0.22286,0.31478,0.19717,0.13055,0.086796,0.033706,0.0020315,0.012109
0.042881,0.19066,0.34213,0.25885,0.088937,0.057188,0.0073059,0.012049,0.26975,0.23786,0.20445,0.13156,0.11644,0.031784,0.00080284,0.0073534
0.077036,0.15931,0.31745,0.30118,0.090349,0.040561,0.0015477,0.012562,0.22244,0.27843,0.27443,0.11244,0.08229,0.02447,0.00082687,0.0046806
0.088048,0.12894,0.31492,0.32534,0.082755,0.044384,0.0077711,0.0078439,0.24048,0.30754,0.202,0.14038,0.071166,0.025877,0.003392,0.0091567
0.078048,0.096266,0.31155,0.31481,0.095247,0.086227,0.0034234,0.014427,0.2767,0.26633,0.21513,0.11174,0.080287,0.02925,0.012025,0.0085332
0.078965,0.12122,0.3051,0.30901,0.098568,0.059863,0.0087028,0.018572,0.2254,0.2436,0.27516,0.11931,0.10596,0.023798,0.0034877,0.0032817
0.089962,0.15377,0.31985,0.27949,0.088011,0.048179,0.0044798,0.016249,0.20563,0.303,0.27371,0.10521,0.083614,0.0256,0.001719,0.0015254
0.085397,0.14595,0.33019,0.229,0.12324,0.058377,0.0020724,0.025782,0.21276,0.2978,0.25626,0.13232,0.068436,0.028581,0.00029873,0.0035381
0.085909,0.14931,0.29398,0.29829,0.09753,0.048151,4.8472e-005,0.026786,0.22202,0.25767,0.25538,0.12171,0.098627,0.027518,0.0041382,0.012938
0.068599,0.15425,0.31175,0.28273,0.1056,0.06037,5.8966e-005,0.016644,0.21296,0.33732,0.22354,0.10895,0.075031,0.024588,0.0082846,0.0093202
0.067069,0.15417,0.29825,0.26383,0.12689,0.056915,0.0026959,0.030187,0.2136,0.31779,0.24787,0.112,0.08309,0.016928,0.0012275,0.0075021
0.041786,0.16451,0.29329,0.28787,0.085207,0.098334,0.0017982,0.02721,0.2442,0.23955,0.25747,0.11192,0.11308,0.020495,0.011921,0.001363
0.082485,0.17561,0.29925,0.27639,0.098248,0.056411,6.5016e-005,0.011541,0.21829,0.34057,0.23078,0.09383,0.078148,0.031087,0.0046549,0.0026414
0.077777,0.14996,0.26309,0.30387,0.11848,0.062502,0.00034015,0.023982,0.21633,0.2845,0.22008,0.10407,0.10529,0.059356,0.0014859,0.008902
0.079505,0.14437,0.24608,0.2771,0.11998,0.10702,0.0020677,0.023864,0.23154,0.32966,0.17967,0.11666,0.11469,0.021085,1.7295e-005,0.0066821
0.07171,0.18279,0.23994,0.31115,0.10349,0.06137,0.0033827,0.026163,0.23258,0.31847,0.16367,0.14439,0.088802,0.041701,0.0033901,0.0069996
0.037147,0.18776,0.2629,0.32239,0.12269,0.046972,0.0059946,0.014146,0.19615,0.34844,0.19284,0.12603,0.090294,0.041202,5.9393e-005,0.0049961
0.046139,0.16337,0.288,0.30773,0.1166,0.049954,0.0011737,0.027032,0.17139,0.3637,0.23057,0.11187,0.080772,0.030919,0.0015089,0.0092701
0.06848,0.18701,0.26922,0.29827,0.098093,0.065537,0.00011056,0.013278,0.17873,0.3251,0.25735,0.11223,0.084394,0.022325,0.0043366,0.015527
0.066299,0.14974,0.2419,0.32678,0.12396,0.072044,0.003301,0.01598,0.23776,0.26639,0.24524,0.11898,0.086293,0.034351,0.00019692,0.01079
0.083603,0.15208,0.26964,0.29804,0.10252,0.082321,0.0085588,0.0032462,0.25318,0.27031,0.22534,0.1474,0.070204,0.022175,0.0048598,0.006541
0.085735,0.15137,0.25764,0.28818,0.12551,0.079324,0.0060272,0.0062057,0.20051,0.29092,0.29135,0.11793,0.065688,0.027566,0.00012881,0.0059077
0.05974,0.18206,0.27902,0.31223,0.08247,0.067345,0.0052524,0.011887,0.21606,0.30877,0.21815,0.14985,0.056701,0.034047,0.0011728,0.015246
0.063821,0.168,0.33678,0.28249,0.084288,0.051384,0.0025167,0.010725,0.13946,0.27581,0.32202,0.16851,0.062903,0.020968,0.0015749,0.0087584
0.076501,0.15834,0.28408,0.30404,0.10553,0.048456,0.00046918,0.022591,0.17662,0.29405,0.25609,0.179,0.067515,0.01214,0.011767,0.0028145
0.054367,0.15463,0.33813,0.25418,0.098422,0.090958,1.9197e-005,0.0093015,0.25444,0.28284,0.24715,0.1576,0.036413,0.010731,0.0051346,0.0056972
0.079965,0.14043,0.31741,0.26266,0.10818,0.079718,1.1975e-005,0.011637,0.2239,0.30077,0.23838,0.12027,0.071846,0.040007,0.0016238,0.0031968
0.08254,0.1242,0.32283,0.25978,0.11189,0.085129,0.00045629,0.013163,0.21933,0.30176,0.23703,0.13148,0.049063,0.041794,0.011911,0.0076381
0.0601,0.16555,0.31407,0.23145,0.12795,0.075109,0.0077927,0.017982,0.17802,0.30757,0.29402,0.11538,0.070149,0.024086,0.0050582,0.0057005
0.066668,0.19004,0.33039,0.21155,0.095244,0.080049,0.0012396,0.024812,0.18249,0.28787,0.2241,0.16234,0.070509,0.043336,0.0068048,0.022557
0.041724,0.22026,0.27389,0.28405,0.11362,0.037556,0.00045395,0.028445,0.24714,0.33149,0.20039,0.10676,0.068789,0.028415,0.0028529,0.014165
0.061919,0.19595,0.28476,0.28511,0.10264,0.043716,0.002902,0.023001,0.22942,0.32096,0.25812,0.098599,0.059418,0.025126,0.0057047,0.0026486
0.076105,0.13557,0.25148,0.30926,0.14556,0.069179,0.0016976,0.011157,0.26189,0.33949,0.23026,0.084568,0.063592,0.010409,0.00028087,0.0095037
0.079302,0.17249,0.28853,0.29588,0.10482,0.041533,0.00030686,0.017144,0.26821,0.29756,0.24393,0.10448,0.069339,0.008143,0.00095105,0.0073961
0.06786,0.17432,0.25848,0.30911,0.11985,0.048514,6.2583e-005,0.021796,0.21929,0.35569,0.21749,0.12662,0.052848,0.019155,0.0018205,0.0070836
0.071615,0.17023,0.31711,0.27748,0.089884,0.055244,6.7376e-005,0.018368,0.25485,0.30413,0.20638,0.15109,0.058658,0.011777,0.00041271,0.0127
0.049923,0.16213,0.27931,0.29885,0.1124,0.079091,0.00024698,0.018047,0.24477,0.34617,0.21026,0.1096,0.068264,0.0090766,0.00057674,0.011284
0.059953,0.16179,0.27983,0.30521,0.11981,0.059596,0.0026755,0.011131,0.29359,0.24154,0.22921,0.1523,0.052524,0.017244,8.6609e-005,0.013501
0.049682,0.14471,0.319,0.29657,0.11034,0.065135,0.00020082,0.014358,0.23493,0.32142,0.21168,0.11448,0.072112,0.027966,7.4764e-006,0.017401
0.07699,0.15683,0.22859,0.30996,0.15056,0.058418,0.012821,0.0058226,0.22549,0.30439,0.25411,0.086765,0.10522,0.018348,0.00025309,0.0054163
0.062477,0.17481,0.31136,0.29559,0.080557,0.059107,0.0043263,0.011775,0.22713,0.32986,0.25152,0.088243,0.072951,0.021339,0.00042147,0.0085305
0.055,0.15109,0.34104,0.29368,0.11438,0.038574,0.0023152,0.0039236,0.23062,0.33441,0.25013,0.091582,0.060657,0.024093,0.00097197,0.0075449
0.052177,0.15296,0.33293,0.25822,0.11787,0.048492,0.00036302,0.036986,0.30065,0.28177,0.22804,0.095304,0.055069,0.018903,0.011357,0.0089082
0.057084,0.14761,0.32511,0.25603,0.10706,0.081011,3.5702e-005,0.026061,0.20529,0.32736,0.24317,0.091959,0.088114,0.035838,0.0038552,0.004412
0.063484,0.14978,0.31696,0.26726,0.1071,0.072952,0.0024067,0.020064,0.22762,0.28536,0.22087,0.13171,0.096643,0.021358,0.0022778,0.014154
0.040158,0.16198,0.32209,0.30855,0.087537,0.067995,0.0014409,0.010243,0.23186,0.31648,0.2269,0.11125,0.087494,0.0092774,0.001719,0.01502
0.076603,0.16483,0.326,0.25424,0.08592,0.064779,7.074e-005,0.02756,0.196,0.31279,0.24437,0.12691,0.075265,0.015719,0.0067369,0.022214
0.068647,0.15319,0.32242,0.27401,0.097455,0.069925,0.00017758,0.014177,0.19399,0.28302,0.31455,0.10293,0.075496,0.025156,0.00056229,0.0043022
0.10421,0.1378,0.31065,0.31202,0.06487,0.054786,0.0018351,0.013825,0.21353,0.3112,0.25424,0.095775,0.097552,0.021565,0.0050334,0.0011082
0.069799,0.14576,0.30194,0.28354,0.11972,0.064061,0.0025975,0.012567,0.16645,0.31562,0.25695,0.12744,0.088463,0.037639,0.001401,0.0060401
0.092111,0.16023,0.25936,0.29002,0.12241,0.056303,0.00018399,0.019376,0.2042,0.32727,0.25291,0.11841,0.053496,0.021622,0.0011539,0.020927
0.086978,0.13096,0.26629,0.32619,0.11948,0.045872,0.0019777,0.022249,0.22072,0.3355,0.1983,0.11525,0.055334,0.060543,0.00056948,0.01377
0.066245,0.1347,0.28799,0.30762,0.12749,0.055471,0.00070207,0.019785,0.21355,0.28519,0.25122,0.1237,0.088758,0.021356,0.0039884,0.012233
0.063901,0.12882,0.28637,0.31714,0.11687,0.070286,0.00094736,0.015668,0.19549,0.31295,0.25313,0.1417,0.071111,0.012646,0.002178,0.010807
0.070648,0.11561,0.26685,0.27327,0.16217,0.072127,0.002177,0.037156,0.18724,0.28918,0.28659,0.14498,0.066534,0.023211,0.00032102,0.0019438
0.067906,0.12349,0.32096,0.2933,0.12721,0.040392,0.0056581,0.021074,0.16948,0.29374,0.28285,0.13894,0.090959,0.019784,0.00045758,0.0037831
0.085954,0.093158,0.32146,0.27622,0.1362,0.053289,0.0032744,0.030447,0.17329,0.3078,0.28389,0.13917,0.066717,0.018455,0.00023993,0.010431
0.092123,0.14039,0.30937,0.29625,0.089939,0.046475,0.00027082,0.025187,0.23558,0.27797,0.25201,0.16825,0.046998,0.0079806,0.00018505,0.011028
0.095532,0.11215,0.32055,0.28446,0.12492,0.043359,0.00030768,0.018718,0.24871,0.28659,0.24297,0.13195,0.049911,0.013073,0.0029312,0.023856
0.08069,0.14971,0.30598,0.28525,0.10737,0.04922,0.0027378,0.019044,0.22718,0.25776,0.29248,0.1478,0.036056,0.0093893,0.0035153,0.025816
0.08857,0.13538,0.33459,0.25539,0.097901,0.077118,0.00035123,0.010696,0.15267,0.34443,0.26834,0.11495,0.072198,0.0081545,0.0099447,0.029316
0.096991,0.17336,0.28992,0.2643,0.083141,0.078778,0.0014455,0.012059,0.17236,0.32823,0.25409,0.11297,0.07463,0.033153,0.00018857,0.024382
0.097177,0.17407,0.32019,0.25274,0.07651,0.048695,8.16e-005,0.030537,0.19427,0.38338,0.23211,0.10949,0.043922,0.023456,0.0035219,0.0098544
0.08673,0.14024,0.30032,0.293,0.10478,0.063297,0.00063307,0.011007,0.21835,0.35228,0.19055,0.13513,0.057277,0.019776,0.015478,0.01115
0.081451,0.1524,0.34321,0.26695,0.088067,0.048125,0.005397,0.014402,0.22139,0.35635,0.24591,0.10258,0.0522,0.017011,0.000698,0.0038517
0.084265,0.15744,0.30727,0.25538,0.11851,0.062489,0.0088152,0.0058258,0.22425,0.27312,0.27516,0.092318,0.088164,0.029787,0.00552,0.011688
0.083432,0.12923,0.2707,0.28605,0.12864,0.08456,0.0049723,0.012417,0.1732,0.31584,0.27138,0.10562,0.090951,0.035292,0.0032225,0.0044948
0.097314,0.14369,0.26242,0.29433,0.11972,0.066762,0.0024348,0.013325,0.21198,0.28537,0.24567,0.10097,0.098551,0.043322,0.0044692,0.0096675
0.083182,0.13338,0.29964,0.31875,0.097303,0.048831,0.003871,0.015045,0.22734,0.23726,0.25065,0.098259,0.15352,0.028772,0.0029008,0.0012978
0.086425,0.1401,0.2552,0.30104,0.11245,0.069954,0.00066379,0.034166,0.24562,0.24468,0.24353,0.094989,0.1087,0.040667,0.0011558,0.020653
0.10523,0.13786,0.32644,0.28091,0.07423,0.049791,0.0012746,0.024252,0.24295,0.28559,0.27067,0.08194,0.078889,0.027823,0.0022716,0.0098593
0.086198,0.15915,0.29448,0.28602,0.074145,0.080579,0.0052505,0.01418,0.20773,0.29222,0.22792,0.15537,0.080726,0.017794,0.0010063,0.017232
0.061601,0.15471,0.34502,0.27558,0.076545,0.062023,0.0062517,0.018271,0.23357,0.29077,0.2441,0.10564,0.09099,0.022143,0.0020017,0.010785
0.11046,0.15838,0.31343,0.24487,0.088098,0.068488,0.0014698,0.014806,0.23637,0.28594,0.20344,0.12105,0.1035,0.034329,0.0072165,0.0081587
0.05923,0.16058,0.32005,0.24907,0.099095,0.091871,0.0047145,0.015383,0.19282,0.29729,0.19859,0.13972,0.095273,0.054,0.013972,0.0083247
0.049145,0.19114,0.29697,0.28348,0.10301,0.047752,0.011639,0.016867,0.22697,0.32391,0.20024,0.14924,0.059172,0.032325,0.0015796,0.0065655
0.049519,0.17861,0.26309,0.3186,0.098926,0.067543,0.00181,0.021898,0.17644,0.33824,0.21638,0.13321,0.061024,0.054589,0.0096261,0.010484
0.061897,0.16089,0.30654,0.28815,0.10902,0.05018,0.0075437,0.015775,0.24787,0.30873,0.19817,0.14102,0.070015,0.026603,0.00078895,0.0068002
0.051596,0.15678,0.28033,0.29472,0.092229,0.096571,0.013874,0.013897,0.21048,0.31597,0.23075,0.1293,0.08416,0.020709,0.0019074,0.0067257
0.070794,0.15868,0.30952,0.27923,0.10563,0.061854,0.0087213,0.0055808,0.23267,0.32448,0.24801,0.091169,0.049142,0.039248,0.0018663,0.013417
0.087682,0.1555,0.25293,0.31481,0.10086,0.06189,0.014437,0.011896,0.24422,0.32399,0.22236,0.10054,0.063429,0.034914,0.0051805,0.0053703
0.084481,0.16248,0.27841,0.28048,0.11757,0.04945,0.0040216,0.023103,0.22619,0.31474,0.18986,0.13313,0.11163,0.013867,0.007279,0.0032963
0.076043,0.14101,0.30144,0.25369,0.14196,0.043916,0.0040349,0.037898,0.23005,0.29207,0.24215,0.14239,0.063865,0.016685,0.012546,0.00024758
0.059376,0.11221,0.33136,0.30172,0.13702,0.037846,0.00056274,0.019914,0.24001,0.29218,0.25484,0.12301,0.065166,0.022622,8.7264e-005,0.0020897
0.071029,0.15352,0.31239,0.26928,0.12994,0.04563,0.0066063,0.011599,0.2579,0.26574,0.26952,0.11459,0.068419,0.020075,0.0001105,0.0036508
0.065939,0.19171,0.32948,0.22671,0.12293,0.04168,0.0035805,0.01797,0.21763,0.28704,0.29912,0.1064,0.062074,0.024521,8.75e-008,0.0032088
0.044607,0.20244,0.31861,0.25289,0.12068,0.037799,0.00038842,0.022588,0.19963,0.31155,0.21297,0.14722,0.087494,0.03025,0.003449,0.0074451
0.058713,0.18123,0.29674,0.30802,0.091407,0.04734,0.002822,0.013723,0.17364,0.33567,0.26408,0.10649,0.087047,0.024344,0.0020985,0.0066278
0.057396,0.1955,0.25585,0.33226,0.079755,0.055284,0.00079969,0.023152,0.17234,0.31835,0.30411,0.10312,0.066215,0.024843,0.0032783,0.0077512
0.088735,0.16725,0.28474,0.2875,0.091245,0.052374,0.0087848,0.019378,0.18521,0.28359,0.29236,0.10084,0.10447,0.027017,0.0012435,0.0052734
0.047405,0.18942,0.29639,0.27228,0.12255,0.046058,0.0023477,0.023542,0.20814,0.30698,0.23741,0.11601,0.10501,0.019209,0.0022341,0.005008
0.061937,0.19945,0.29186,0.27791,0.10798,0.049832,0.0037728,0.0072507,0.24773,0.30505,0.22587,0.11203,0.071123,0.029543,0.0041893,0.004468
0.050737,0.14208,0.28476,0.29631,0.12704,0.082016,0.0001083,0.016943,0.21373,0.31384,0.25309,0.067167,0.10048,0.042274,0.00025954,0.0091653
0.075778,0.16577,0.2756,0.24467,0.14119,0.077769,0.00021207,0.019005,0.22924,0.28974,0.25402,0.097819,0.10698,0.018902,0.00029996,0.003007
0.073171,0.18415,0.30968,0.22355,0.13088,0.064287,8.6518e-005,0.014182,0.21667,0.354,0.22768,0.084661,0.08225,0.024111,0.00020544,0.010418
0.052711,0.20696,0.29867,0.27979,0.097621,0.04232,2.7836e-005,0.021909,0.18301,0.35449,0.26458,0.11673,0.054135,0.023699,2.3441e-005,0.0033223
0.069675,0.15811,0.32274,0.3149,0.08913,0.037803,0.002286,0.0053521,0.18834,0.27763,0.26759,0.11743,0.0703,0.045701,0.012798,0.02021
0.096558,0.15919,0.26388,0.26502,0.13381,0.055086,0.0022651,0.024192,0.1884,0.33387,0.24006,0.11584,0.052958,0.05053,0.0030463,0.015294
0.10154,0.1363,0.26904,0.27028,0.12803,0.055981,0.0017031,0.037127,0.24184,0.33188,0.22068,0.093369,0.079904,0.025223,0.00066272,0.0064401
0.058809,0.16368,0.29062,0.30589,0.12721,0.033864,0.00083793,0.019091,0.22491,0.26313,0.30113,0.081906,0.093341,0.027897,0.0001973,0.0074909
0.062106,0.202,0.2876,0.25796,0.11716,0.054805,0.0011024,0.017257,0.23428,0.28562,0.28704,0.078211,0.085049,0.023486,4.7435e-006,0.00631
0.073098,0.18372,0.3161,0.26014,0.099832,0.048581,0.0024031,0.016129,0.20906,0.31144,0.2891,0.082935,0.07058,0.021987,0.00010647,0.014792
0.059536,0.17952,0.32207,0.25229,0.091213,0.061771,0.00038107,0.033208,0.25807,0.27959,0.27176,0.087096,0.076636,0.022333,5.5117e-006,0.0045165
0.083484,0.21072,0.26649,0.27686,0.099894,0.041946,0.0048212,0.015788,0.27062,0.27949,0.24219,0.092323,0.083646,0.02401,0.00019609,0.007524
0.074574,0.14161,0.3091,0.30807,0.085411,0.06081,0.0033888,0.017042,0.27396,0.30153,0.22098,0.10059,0.068227,0.029852,0.001592,0.0032714
0.070491,0.15546,0.2756,0.34216,0.085905,0.04892,0.0012253,0.020234,0.22762,0.32849,0.23155,0.12689,0.058916,0.016836,2.8389e-005,0.0096625
0.048326,0.21421,0.28679,0.27661,0.10861,0.048341,0.0001305,0.016972,0.17605,0.28363,0.28299,0.15907,0.056216,0.022912,0.00062815,0.018497
0.054533,0.22332,0.29283,0.27195,0.08518,0.042636,0.0044837,0.025069,0.21581,0.2972,0.25745,0.13241,0.050577,0.037749,0.0052545,0.0035518
0.091407,0.21837,0.26193,0.22638,0.1101,0.064492,0.0067827,0.020534,0.23349,0.30685,0.22924,0.13927,0.054781,0.030172,0.00083088,0.0053617
0.086181,0.18427,0.29736,0.27884,0.065441,0.065485,0.0023592,0.020069,0.20813,0.31606,0.25347,0.14511,0.040202,0.02884,0.001684,0.0065072
0.078719,0.15186,0.30081,0.27533,0.092545,0.060774,0.01353,0.026435,0.19883,0.34522,0.21012,0.1255,0.049617,0.041364,0.0069329,0.022418
0.10173,0.12948,0.29323,0.3163,0.071781,0.06047,0.012494,0.014518,0.20695,0.37644,0.19513,0.11922,0.067503,0.032047,0.00016519,0.0025407
0.073783,0.18224,0.29499,0.31305,0.074174,0.038352,0.0064176,0.016992,0.20512,0.3736,0.19145,0.13227,0.079431,0.015022,0.00098213,0.0021265
0.077212,0.17308,0.29788,0.29727,0.079106,0.050696,0.0024877,0.022254,0.17032,0.38096,0.2055,0.13907,0.087748,0.014217,0.0014228,0.00075561
0.062909,0.15965,0.28369,0.31625,0.1048,0.047291,0.0025502,0.02287,0.25174,0.31668,0.18356,0.14463,0.080417,0.016764,0.00044574,0.0057597
0.061546,0.15566,0.34181,0.2861,0.0756,0.062573,0.00032614,0.016385,0.2212,0.28182,0.21861,0.1742,0.067976,0.026559,0.0019112,0.0077295
0.075748,0.18184,0.26941,0.29284,0.085294,0.075674,0.0012203,0.017972,0.25286,0.258,0.2354,0.15911,0.066505,0.024323,7.3482e-005,0.0037256
0.079459,0.17459,0.32545,0.23939,0.092438,0.063574,0.00074648,0.024352,0.29044,0.26811,0.21029,0.1305,0.077414,0.014888,0.0043456,0.0040066
0.062995,0.17872,0.32317,0.24034,0.11768,0.053655,0.0047187,0.018717,0.22913,0.25853,0.27488,0.16318,0.053642,0.012862,0.0058006,0.0019711
0.056675,0.18652,0.28586,0.26668,0.11187,0.057371,0.0050095,0.030011,0.22332,0.30676,0.24093,0.1248,0.09269,0.0075677,0.00056092,0.0033728
0.076145,0.12961,0.34013,0.2614,0.11019,0.058472,0.00082256,0.023235,0.21582,0.31759,0.25601,0.13783,0.06314,0.0064192,7.5644e-006,0.0031845
0.061524,0.13972,0.30847,0.29423,0.12431,0.052787,0.005047,0.013914,0.22869,0.2613,0.26551,0.12414,0.089871,0.019966,0.0039996,0.006525
0.053711,0.13247,0.37198,0.25709,0.09361,0.075098,0.0060745,0.009972,0.21157,0.30438,0.22833,0.15318,0.075502,0.025219,0.00037006,0.0014466
0.076082,0.15833,0.28939,0.26044,0.12347,0.080217,0.0012982,0.010776,0.20469,0.34704,0.21525,0.14999,0.061692,0.020964,0.00011258,0.00026799
0.060805,0.1526,0.28686,0.29463,0.11667,0.072,0.004663,0.011766,0.26716,0.23907,0.21916,0.18651,0.065639,0.018864,4.3751e-005,0.0035575
0.069352,0.18218,0.30155,0.23033,0.13974,0.04221,0.006503,0.028126,0.26911,0.25856,0.25474,0.15151,0.036788,0.021913,0.00037138,0.0069951
0.044149,0.16267,0.31685,0.27495,0.1241,0.047395,0.010305,0.019577,0.27394,0.28931,0.21552,0.15063,0.040477,0.024922,0.0010066,0.004198
0.065102,0.14836,0.33886,0.26463,0.094894,0.05432,0.0055994,0.028238,0.28509,0.27758,0.20366,0.1462,0.051221,0.026651,5.8502e-005,0.0095378
0.067738,0.16939,0.29997,0.30205,0.083077,0.043847,0.0085864,0.025345,0.22184,0.31122,0.21907,0.13585,0.084355,0.026332,8.2574e-005,0.0012557
0.051193,0.15994,0.28309,0.32452,0.11617,0.051398,0.0039728,0.0097129,0.23417,0.26386,0.25557,0.14531,0.06593,0.030586,6.5189e-005,0.0045117
0.057083,0.15475,0.32935,0.2976,0.11361,0.036392,9.5027e-006,0.011203,0.21498,0.2844,0.2524,0.17213,0.048897,0.025877,0.00048376,0.00084064
0.097165,0.14713,0.26729,0.29763,0.11162,0.059938,0.0022811,0.016949,0.18015,0.31861,0.25783,0.17771,0.042702,0.016567,0.0025771,0.0038559
0.083485,0.17086,0.28543,0.26604,0.11772,0.059105,0.00047361,0.01689,0.16827,0.31094,0.23658,0.19644,0.064376,0.013025,0.0015942,0.0087862
0.067544,0.14211,0.3294,0.27513,0.11749,0.049641,0.00041615,0.018258,0.16965,0.3122,0.262,0.13773,0.090316,0.018497,0.00012535,0.0094785
0.099735,0.1525,0.26232,0.30206,0.10488,0.057122,0.0010918,0.020286,0.15709,0.37055,0.2014,0.1694,0.053322,0.037877,3.4391e-005,0.010316
0.093874,0.17439,0.24958,0.29036,0.11162,0.055966,0.00022094,0.023987,0.20615,0.29773,0.25872,0.16986,0.050518,0.011402,9.8328e-005,0.0055245
0.10332,0.15483,0.31244,0.25292,0.096462,0.075486,1.3353e-005,0.0045235,0.23122,0.27264,0.27844,0.12836,0.06888,0.019214,1.2489e-005,0.0012304
0.087448,0.14899,0.26833,0.28994,0.13375,0.051339,0.00069544,0.019501,0.24482,0.31097,0.22926,0.11998,0.0718,0.018116,0.00030571,0.0047421
0.052211,0.16057,0.32254,0.28943,0.091505,0.067331,0.00012039,0.016292,0.22588,0.28198,0.26926,0.12425,0.05447,0.020721,0.0082787,0.015165
0.05432,0.15801,0.27195,0.30589,0.10492,0.079913,0.0013768,0.023612,0.24778,0.23054,0.28595,0.10116,0.084252,0.018488,0.0040742,0.027755
0.086919,0.15383,0.24669,0.27767,0.15044,0.057319,0.003019,0.024113,0.2543,0.27683,0.27671,0.09187,0.061054,0.010215,0.0022489,0.026774
0.095583,0.12527,0.31458,0.25324,0.12676,0.073478,0.0027097,0.0083808,0.21127,0.31671,0.27411,0.083058,0.084791,0.009758,0.0040596,0.016241
0.073398,0.13681,0.28833,0.26796,0.15968,0.05938,0.00024829,0.014194,0.22918,0.30029,0.25821,0.08194,0.10333,0.0088721,0.0091531,0.0090273
0.071647,0.12734,0.28631,0.30398,0.15018,0.038384,0.0073997,0.014759,0.22416,0.30352,0.27466,0.099492,0.077591,0.0090294,0.0048245,0.0067165
0.067797,0.17613,0.2556,0.28983,0.12264,0.063878,0.0026523,0.021459,0.19568,0.31569,0.27579,0.13669,0.04956,0.018911,0.0020522,0.0056359
0.066351,0.16984,0.27731,0.27469,0.12959,0.056516,0.0012191,0.024486,0.19716,0.33345,0.23172,0.12053,0.071051,0.034548,0.00083096,0.010712
0.07581,0.1799,0.27685,0.33226,0.083115,0.033349,0.0044903,0.014228,0.17965,0.32992,0.22408,0.11996,0.096222,0.043569,0.0032326,0.0033645
0.071347,0.14806,0.25833,0.3598,0.09346,0.051474,1.8981e-006,0.017535,0.17788,0.31769,0.25387,0.1331,0.07742,0.024024,0.0037065,0.012315
0.085923,0.12608,0.29522,0.32215,0.11406,0.03501,4.8122e-005,0.02151,0.21477,0.28178,0.22136,0.14018,0.10668,0.02686,0.0060402,0.0023328
0.077964,0.15145,0.29538,0.2828,0.13005,0.048791,0.0031145,0.010449,0.2281,0.3006,0.22084,0.13046,0.077554,0.033549,0.00098399,0.0079168
0.069757,0.16258,0.29558,0.2441,0.11765,0.085155,0.00075891,0.02442,0.22518,0.20604,0.26991,0.14275,0.069482,0.067817,0.0084585,0.010366
0.076476,0.14098,0.32162,0.26897,0.10866,0.045281,0.0006292,0.037385,0.19982,0.26593,0.27221,0.16627,0.057561,0.026237,0.0045409,0.0074279
0.085135,0.18721,0.27582,0.24041,0.11724,0.073234,0.00017794,0.020775,0.24723,0.2783,0.26131,0.12521,0.059737,0.022175,0.0027407,0.0032985
0.099169,0.17985,0.32829,0.25092,0.071193,0.051816,0.002942,0.015827,0.23835,0.25707,0.23548,0.13079,0.093985,0.028541,0.0035961,0.012179
0.10887,0.14989,0.29305,0.27712,0.087318,0.068313,0.003873,0.011558,0.23836,0.19772,0.25915,0.17002,0.089396,0.021475,0.0054904,0.018388
0.084973,0.15695,0.30397,0.32414,0.06603,0.037326,0.0065292,0.020088,0.21847,0.26091,0.24945,0.098202,0.11376,0.03374,0.011646,0.013823
0.070287,0.15869,0.31255,0.25051,0.12469,0.072048,0.00028348,0.010937,0.18298,0.33124,0.23533,0.1475,0.066704,0.024469,7.6454e-006,0.011767
0.055891,0.17927,0.32353,0.2717,0.11312,0.043105,0.0021153,0.011259,0.26296,0.29538,0.19859,0.15279,0.071526,0.016303,0.0015782,0.00087376
0.068335,0.1717,0.32796,0.22739,0.10125,0.064197,0.0054791,0.033697,0.22268,0.3086,0.24833,0.12558,0.066197,0.024389,0.00021825,0.0040119
0.0665,0.18251,0.31839,0.25043,0.078424,0.068877,0.002488,0.032389,0.24782,0.31155,0.256,0.10296,0.057601,0.016969,0.0022929,0.0048119
0.070033,0.17958,0.3154,0.2122,0.099571,0.074505,0.0066316,0.042068,0.2879,0.2888,0.23103,0.091505,0.081679,0.014394,3.0444e-005,0.0046576
0.089997,0.17601,0.38591,0.21928,0.058819,0.045906,0.011511,0.012573,0.18417,0.30877,0.26514,0.12651,0.07766,0.033353,0.0010363,0.0033609
0.05234,0.16363,0.32161,0.24483,0.1281,0.056151,0.01236,0.020985,0.18045,0.36807,0.25355,0.07675,0.09436,0.023767,0.00094779,0.0021107
0.041984,0.22103,0.29663,0.24867,0.11104,0.066,0.002857,0.011779,0.20299,0.30878,0.22544,0.11022,0.097558,0.041872,0.0077201,0.0054276
0.066551,0.23847,0.24348,0.26459,0.11112,0.06116,0.0021227,0.012515,0.20906,0.38976,0.184,0.082221,0.093303,0.033402,0.0035727,0.004681
0.10211,0.18253,0.26196,0.26801,0.12651,0.044598,0.001106,0.013182,0.20594,0.35349,0.22232,0.093607,0.077185,0.031165,0.00022133,0.016066
0.065816,0.13584,0.31069,0.30106,0.11356,0.060009,0.002882,0.010146,0.22982,0.31237,0.25328,0.091011,0.078048,0.025877,0.0039077,0.0056822
0.094648,0.17531,0.29772,0.27911,0.096238,0.043024,0.0029402,0.011019,0.21681,0.31789,0.2129,0.10283,0.10041,0.033431,0.00039773,0.015327
0.10475,0.19087,0.19599,0.28076,0.1166,0.083476,0.0085449,0.019015,0.14844,0.3491,0.26519,0.14261,0.064043,0.024485,0.0032434,0.0028836
0.088401,0.1399,0.23106,0.32294,0.10549,0.099456,0.0019442,0.010813,0.22239,0.30629,0.23316,0.11781,0.09213,0.023651,0.00056827,0.0040012
0.060827,0.19939,0.27579,0.26203,0.11873,0.073809,6.1903e-005,0.0093665,0.24718,0.27641,0.24268,0.11682,0.073253,0.026924,0.0032857,0.013444
0.11284,0.14743,0.2657,0.30352,0.10753,0.055686,0.00077197,0.0065146,0.24959,0.26276,0.26143,0.099303,0.085523,0.033665,0.001889,0.0058313
0.11413,0.16651,0.28579,0.27241,0.089951,0.055917,0.00050267,0.014783,0.21772,0.28296,0.2554,0.084874,0.095148,0.049801,0.0050507,0.0090557
0.085364,0.1448,0.273,0.29008,0.14345,0.032697,0.0040534,0.026553,0.2133,0.29138,0.23573,0.15244,0.079418,0.014057,0.008012,0.0056642
0.087644,0.14549,0.32083,0.29434,0.10569,0.030562,0.00080166,0.014648,0.23898,0.28783,0.26961,0.117,0.058999,0.012556,0.0092514,0.0057781
0.069899,0.14964,0.31527,0.30873,0.10341,0.032297,0.0001713,0.020587,0.2057,0.25733,0.29768,0.14125,0.07737,0.015247,0.0037635,0.0016628
0.079913,0.16313,0.28729,0.31901,0.095773,0.035202,0.0013216,0.018358,0.22696,0.20968,0.29091,0.16527,0.086919,0.0095595,0.0028648,0.0078351
0.068623,0.11938,0.33718,0.27785,0.10781,0.071742,0.0067609,0.010652,0.2034,0.23891,0.34304,0.10602,0.085926,0.01537,0.00032825,0.0070092
0.086242,0.15726,0.29947,0.23762,0.12843,0.059238,0.003036,0.028713,0.1987,0.2843,0.30555,0.11922,0.060734,0.025351,0.00024408,0.0059032
0.08948,0.14757,0.31054,0.28263,0.10895,0.038975,0.00079131,0.021063,0.19287,0.28725,0.28582,0.12999,0.069042,0.026303,0.0030657,0.0056643
0.11769,0.10935,0.27165,0.26243,0.098786,0.077083,0.0089513,0.054045,0.21714,0.23882,0.30171,0.12966,0.066642,0.041561,0.0016661,0.0028067
0.093245,0.095139,0.37638,0.24192,0.10995,0.052139,0.0016154,0.029615,0.19778,0.24437,0.29713,0.15481,0.068012,0.025524,0.00064247,0.011724
0.076711,0.15871,0.32471,0.25381,0.10085,0.063642,0.0086837,0.012878,0.1954,0.26761,0.26091,0.14534,0.067911,0.019346,0.0034915,0.039984
0.075055,0.17603,0.30276,0.24689,0.11314,0.058834,0.0062175,0.021061,0.20802,0.30865,0.25749,0.12888,0.070237,0.017923,1.696e-005,0.0087783
0.06303,0.17664,0.31528,0.25388,0.11858,0.046126,0.0039264,0.022535,0.22711,0.29138,0.25612,0.12634,0.06939,0.023171,0.00014696,0.0063363
0.076973,0.20714,0.30581,0.2556,0.074573,0.058426,0.003302,0.018172,0.19974,0.31361,0.22909,0.1504,0.047837,0.043978,0.00045335,0.014897
0.083986,0.21392,0.27386,0.24415,0.11603,0.04569,0.0065811,0.015783,0.23791,0.32612,0.19587,0.13921,0.047566,0.020002,0.0087981,0.024523
0.11743,0.16648,0.2811,0.23726,0.12718,0.043964,0.0007171,0.025871,0.21113,0.31376,0.22991,0.13706,0.081755,0.014758,0.002337,0.0092833
0.10515,0.14735,0.3103,0.22482,0.11908,0.065424,0.0066781,0.021188,0.23054,0.29605,0.22492,0.1007,0.093399,0.036252,0.0068255,0.011311
0.068786,0.15067,0.29351,0.29768,0.096311,0.055692,0.0074979,0.02986,0.23043,0.27985,0.25285,0.095639,0.088272,0.049001,0.00021026,0.0037433
0.06745,0.19566,0.31662,0.23563,0.10515,0.054316,0.0084673,0.016708,0.21181,0.2808,0.24086,0.17213,0.045366,0.046663,8.0957e-005,0.0022982
0.074673,0.15126,0.27953,0.30585,0.1165,0.052065,0.0061256,0.013998,0.19474,0.31375,0.26501,0.14446,0.064132,0.012027,0.00038637,0.0054969
0.055417,0.19706,0.27041,0.29034,0.1129,0.057962,0.00092253,0.014989,0.22983,0.32544,0.21382,0.147,0.052654,0.026217,0.00052476,0.0045129
0.090194,0.20643,0.2753,0.22615,0.087272,0.087515,0.0027195,0.024428,0.20735,0.33099,0.2267,0.14305,0.055677,0.026648,0.00052379,0.0090596
0.063161,0.13565,0.27892,0.30855,0.12955,0.062905,0.00096878,0.020293,0.21513,0.34587,0.22572,0.13595,0.067578,0.0072489,0.0002846,0.0022091
0.10069,0.14004,0.28682,0.26531,0.095428,0.075021,0.0019607,0.034741,0.24498,0.35846,0.21053,0.10537,0.063165,0.015018,0.0011766,0.0013148
0.11326,0.16136,0.21738,0.29498,0.11067,0.06752,0.01024,0.024588,0.22634,0.3307,0.22154,0.13251,0.065299,0.01535,0.0065902,0.0016687
0.060551,0.18496,0.24821,0.29904,0.09123,0.096207,0.0052623,0.014546,0.18337,0.32061,0.28003,0.11368,0.077815,0.020052,0.00044993,0.0039979
0.058685,0.18321,0.19984,0.34038,0.087833,0.1028,0.011097,0.016152,0.201,0.29363,0.24558,0.098973,0.12996,0.023357,0.0040547,0.0034442
0.070549,0.17074,0.28009,0.29684,0.09181,0.07903,0.0068546,0.0040922,0.21881,0.31376,0.2179,0.092855,0.10983,0.032295,2.0844e-005,0.014521
0.10035,0.16066,0.26406,0.29085,0.099045,0.060179,0.0054573,0.019397,0.23971,0.26173,0.20837,0.17782,0.06978,0.027415,0.0013487,0.013829
0.087222,0.17092,0.28751,0.25908,0.12359,0.034121,0.0070278,0.030531,0.16998,0.31277,0.26833,0.13603,0.070168,0.033751,0.0020394,0.0069329
0.076561,0.15659,0.30302,0.2703,0.12185,0.038404,0.0035304,0.029755,0.20341,0.2861,0.29441,0.11898,0.043919,0.036754,0.0095076,0.0069157
0.10321,0.16425,0.27546,0.27882,0.086529,0.047128,0.0072734,0.037333,0.22227,0.29616,0.24939,0.14153,0.068664,0.012963,0.0085338,0.0004886
0.068528,0.19076,0.28075,0.30935,0.08933,0.030857,0.0012937,0.029129,0.27677,0.28549,0.23336,0.10838,0.05727,0.035964,0.0018931,0.00086238
0.069513,0.21201,0.27669,0.28204,0.11832,0.028852,0.0024048,0.010175,0.23236,0.28396,0.26044,0.12845,0.066187,0.0079833,0.013527,0.0070945
0.053135,0.23905,0.26167,0.28381,0.1137,0.036818,0.00067192,0.011141,0.2126,0.27202,0.27483,0.12288,0.093893,0.013332,0.00091325,0.0095332
0.0853,0.2074,0.24128,0.28171,0.10762,0.041883,0.0038182,0.030976,0.26044,0.25527,0.2465,0.13453,0.05814,0.031982,0.00070281,0.012439
0.082803,0.15774,0.26841,0.29172,0.10575,0.062053,0.0086621,0.022858,0.21037,0.26901,0.25139,0.16725,0.055695,0.023913,0.0023347,0.020039
0.083257,0.15861,0.29352,0.2829,0.13117,0.023657,0.009041,0.017851,0.25831,0.26006,0.25436,0.14033,0.045457,0.033778,0.00043524,0.0072664
0.089328,0.1081,0.30081,0.32381,0.11593,0.039054,0.0066901,0.016279,0.20098,0.32211,0.21091,0.18367,0.048275,0.023523,0.00013017,0.010394
0.072515,0.14333,0.30674,0.2946,0.099081,0.05247,0.016463,0.014795,0.1979,0.33413,0.26749,0.13198,0.045556,0.016648,0.0032453,0.0030377
0.081777,0.14496,0.28542,0.3091,0.088923,0.062132,0.017254,0.010435,0.20853,0.33731,0.22823,0.13605,0.056028,0.027852,2.8323e-005,0.0059683
0.076788,0.14781,0.28721,0.31752,0.10851,0.051006,3.1516e-005,0.011112,0.19978,0.37207,0.23247,0.086026,0.079186,0.0096093,0.0042232,0.01664
0.065983,0.13497,0.33757,0.29198,0.093847,0.060851,3.9436e-006,0.014792,0.1775,0.35454,0.23863,0.12589,0.053886,0.037375,0.00044995,0.011731
0.095496,0.16437,0.28227,0.25731,0.09919,0.07531,0.00012532,0.025926,0.18174,0.32825,0.28149,0.11232,0.06493,0.024105,0.00028969,0.0068664
0.05749,0.16341,0.32074,0.2586,0.1158,0.053377,0.0018542,0.028733,0.22213,0.33481,0.24418,0.10021,0.061004,0.029516,0.0013292,0.0068217
0.065213,0.19696,0.33849,0.2495,0.082252,0.05531,0.00036232,0.01191,0.25345,0.2974,0.22355,0.091462,0.094475,0.033071,0.00029876,0.0062824
0.079163,0.18918,0.29749,0.28577,0.081062,0.055551,0.00085245,0.010925,0.29487,0.263,0.24295,0.10391,0.057304,0.026372,0.00052835,0.011063
0.091164,0.16972,0.26651,0.30245,0.079589,0.06915,0.00053027,0.020881,0.27571,0.32674,0.2263,0.091022,0.043958,0.033565,0.00018319,0.0025293
0.055659,0.15975,0.2781,0.31461,0.1188,0.062848,0.0015334,0.0086959,0.21588,0.36086,0.25472,0.068235,0.056603,0.026218,0.0001399,0.017343
0.064752,0.16109,0.26768,0.31453,0.12097,0.039157,0.001324,0.030499,0.19661,0.31677,0.27217,0.10859,0.081305,0.015307,0.0014245,0.0078249
0.068997,0.14835,0.25664,0.31785,0.14823,0.046461,0.00033599,0.013134,0.18152,0.31279,0.22276,0.15149,0.096345,0.021605,0.0011958,0.012305
0.074251,0.18013,0.28177,0.28342,0.12141,0.0357,0.00053663,0.022782,0.1626,0.35492,0.2442,0.12264,0.082782,0.021409,0.0022054,0.0092458
0.089616,0.16587,0.27617,0.30297,0.093557,0.051502,6.9249e-006,0.020308,0.228,0.32826,0.18907,0.11122,0.10057,0.041535,4.8097e-005,0.0012954
0.11109,0.1261,0.29388,0.28973,0.08688,0.074945,0.00013103,0.017246,0.25003,0.26954,0.23578,0.15629,0.06222,0.022986,0.00011199,0.0030479
0.053436,0.18612,0.29147,0.26599,0.12045,0.071952,4.0481e-005,0.010548,0.21438,0.29792,0.22131,0.18577,0.070847,0.0092509,5.0311e-005,0.00047649
0.049395,0.18615,0.3241,0.25914,0.098956,0.066324,0.00021502,0.01572,0.19727,0.30399,0.26408,0.13756,0.076361,0.015642,2.248e-005,0.005072
0.066958,0.18599,0.30785,0.26985,0.094349,0.059793,1.4092e-005,0.01519,0.21721,0.33537,0.22065,0.14813,0.056819,0.013488,0.0030242,0.0053102
0.083995,0.16078,0.27219,0.33097,0.090885,0.03789,0.0015939,0.021691,0.23024,0.28496,0.20546,0.18103,0.079207,0.014946,0.0002649,0.0038944
0.087916,0.13978,0.32389,0.2486,0.10612,0.072283,0.00048958,0.02092,0.24801,0.25348,0.22506,0.17752,0.054719,0.027052,0.00038101,0.013775
0.080665,0.19715,0.29566,0.288,0.077431,0.038617,6.687e-005,0.022406,0.26496,0.33265,0.20527,0.097268,0.053652,0.046024,1.6943e-006,0.00017027
0.075346,0.14392,0.31009,0.29544,0.10943,0.056839,3.6931e-005,0.0089017,0.19496,0.33662,0.23415,0.10928,0.089976,0.023821,0.0096543,0.0015345
0.065997,0.16706,0.28456,0.29679,0.11345,0.057679,4.8804e-006,0.014449,0.21576,0.33448,0.2311,0.1161,0.066471,0.033982,0.00079358,0.0013145
0.072154,0.17192,0.28327,0.29974,0.086902,0.068669,0.00023936,0.017112,0.24954,0.31031,0.21978,0.11266,0.061033,0.036965,3.1271e-005,0.0096837
0.069963,0.15509,0.26079,0.29342,0.11816,0.058775,0.00050951,0.043293,0.19765,0.33051,0.23931,0.13927,0.063159,0.025056,0.00035283,0.0046888
0.073883,0.15766,0.23277,0.3218,0.12296,0.061259,0.0051768,0.024487,0.23006,0.30695,0.22828,0.14333,0.07502,0.010957,0.00029591,0.0050983
0.10732,0.15028,0.28677,0.29546,0.09872,0.051973,0.00047228,0.0090087,0.21656,0.30271,0.22328,0.16394,0.051796,0.022918,1.9001e-007,0.018804
0.095887,0.13542,0.26108,0.32455,0.07596,0.074535,0.0051751,0.027393,0.26113,0.28019,0.22617,0.15388,0.057857,0.011792,0.00012116,0.0088531
0.079757,0.17624,0.26247,0.32488,0.074813,0.065141,0.0068133,0.0098753,0.24983,0.28369,0.22385,0.14451,0.084871,0.011075,0.0011248,0.0010614
0.070554,0.13904,0.31295,0.32718,0.090899,0.04533,0.0013258,0.01272,0.18654,0.30684,0.219,0.14131,0.11097,0.016125,0.0071069,0.012119
0.053487,0.17063,0.31477,0.31706,0.078691,0.058319,9.6072e-005,0.0069565,0.23567,0.30834,0.22005,0.13489,0.069777,0.023054,0.00020018,0.0080228
0.062049,0.16319,0.3089,0.30436,0.083082,0.055051,0.0027385,0.020629,0.20511,0.30407,0.23896,0.15378,0.078746,0.0098113,9.0283e-007,0.0095242
0.038528,0.13803,0.31055,0.31026,0.10196,0.068972,0.015135,0.01656,0.23082,0.28957,0.25121,0.13574,0.052691,0.035842,0.00045882,0.0036608
0.068953,0.18113,0.27907,0.31608,0.097806,0.040617,0.0051746,0.011172,0.23072,0.32064,0.22929,0.12907,0.04858,0.029988,0.0076241,0.0040812
0.058751,0.18046,0.2844,0.27956,0.088695,0.089426,0.0004113,0.018301,0.2184,0.30037,0.25206,0.12806,0.063372,0.022998,0.003281,0.011462
0.05701,0.17256,0.33408,0.25445,0.10046,0.053743,0.0039963,0.023705,0.19919,0.32586,0.23601,0.16826,0.032353,0.031457,0.0049152,0.001946
0.07655,0.13458,0.30529,0.31241,0.081165,0.069296,0.0050678,0.015644,0.21062,0.29308,0.22852,0.16193,0.061972,0.035467,0.002751,0.0056585
0.064889,0.18091,0.29351,0.25916,0.10734,0.068749,0.00084716,0.024601,0.20707,0.33097,0.2016,0.18297,0.061997,0.0087342,0.0037871,0.0028724
0.097939,0.17221,0.30059,0.24442,0.10389,0.058125,0.0071367,0.015693,0.20304,0.30078,0.19984,0.1847,0.087117,0.012693,0.0091252,0.0027091
0.099731,0.17068,0.32776,0.24562,0.094898,0.053038,0.00044342,0.0078209,0.1636,0.3167,0.2473,0.18184,0.060023,0.014369,0.006623,0.0095451
0.089828,0.1244,0.33246,0.22192,0.13745,0.078706,0.0013848,0.013846,0.20067,0.31332,0.22777,0.16864,0.053408,0.018149,0.00098542,0.017055
0.093039,0.14567,0.30597,0.23459,0.13207,0.081305,0.00047769,0.0068788,0.20844,0.3555,0.21673,0.14277,0.059902,0.013954,0.00011265,0.0025964
0.067497,0.16571,0.33736,0.2591,0.074072,0.054326,0.0091852,0.032741,0.14383,0.34055,0.30056,0.11797,0.068903,0.019929,0.0052181,0.0030456
0.080575,0.12478,0.29464,0.29084,0.11057,0.084534,0.0040149,0.010052,0.19017,0.24208,0.30541,0.15749,0.074715,0.025152,5.5398e-005,0.0049238
0.11057,0.15286,0.30332,0.27498,0.077848,0.070172,0.0026332,0.0076192,0.19582,0.30933,0.2556,0.11697,0.089433,0.020655,0.0034852,0.0087094
0.068048,0.15803,0.3036,0.30836,0.084902,0.057887,0.0051758,0.013999,0.21397,0.27306,0.31542,0.11433,0.062446,0.013155,0.00047477,0.0071362
0.092902,0.17547,0.31842,0.28878,0.072949,0.032195,0.0021758,0.017101,0.1852,0.3597,0.2582,0.11776,0.053943,0.01967,0.001056,0.0044745
0.083692,0.18098,0.30408,0.26039,0.082106,0.076885,0.0015833,0.010292,0.22758,0.30492,0.27571,0.12962,0.044617,0.013604,7.5284e-006,0.0039281
0.056846,0.16375,0.32051,0.27763,0.08151,0.070662,0.0060793,0.023006,0.23469,0.28474,0.25454,0.1326,0.048892,0.035442,3.5535e-005,0.0090583
0.08049,0.14622,0.2989,0.25065,0.1337,0.073021,0.0023958,0.014623,0.18626,0.26666,0.30063,0.15052,0.077376,0.015975,3.939e-009,0.0025838
0.053552,0.13308,0.28021,0.28242,0.13556,0.086187,0.0018875,0.027104,0.26523,0.22561,0.28364,0.14598,0.049861,0.028225,7.8802e-005,0.0013693
0.050897,0.20213,0.32942,0.25312,0.085485,0.054354,0.0027461,0.021848,0.2465,0.2807,0.26299,0.10369,0.061048,0.039646,0.0008757,0.0045441
0.04902,0.17913,0.29355,0.3187,0.090561,0.041152,0.00080473,0.027088,0.21487,0.25844,0.30325,0.12107,0.047591,0.032891,0.0066221,0.015257
0.086749,0.16674,0.30083,0.28436,0.11525,0.031137,0.00026192,0.014669,0.20442,0.22738,0.29666,0.13409,0.087677,0.040608,0.00046752,0.008705
0.097213,0.18546,0.31483,0.24343,0.095922,0.042723,0.0024203,0.017995,0.2774,0.22422,0.22753,0.12922,0.078785,0.047912,0.0086417,0.0063015
0.11852,0.13489,0.26393,0.3068,0.097288,0.0599,0.001896,0.016767,0.23509,0.23371,0.26922,0.12765,0.099387,0.017537,0.0016498,0.015762
0.097293,0.11301,0.30703,0.26819,0.1213,0.061194,0.0099817,0.022001,0.22146,0.25899,0.27116,0.13771,0.079596,0.018878,0.00345,0.0087484
0.069915,0.11833,0.32895,0.29252,0.092808,0.079843,0.0048042,0.012837,0.21526,0.2446,0.29843,0.14108,0.069777,0.019086,0.0063653,0.0054015
0.080836,0.16196,0.35115,0.25355,0.067607,0.068095,0.0018341,0.014968,0.18955,0.29193,0.29939,0.14054,0.056027,0.014966,0.00029223,0.0073087
0.052139,0.14168,0.30985,0.32163,0.093891,0.069701,0.00062453,0.010482,0.20926,0.2168,0.29336,0.1599,0.071428,0.040044,0.0025737,0.006629
0.073335,0.15142,0.29554,0.30824,0.094768,0.063299,0.0025297,0.010873,0.18024,0.27183,0.24305,0.14615,0.10803,0.041441,0.00031239,0.008952
0.061125,0.18445,0.30557,0.25964,0.10784,0.063194,0.00054274,0.017637,0.22404,0.28547,0.21187,0.10665,0.10839,0.046833,0.00024299,0.016515
0.060143,0.18612,0.33735,0.24039,0.090034,0.048485,0.012301,0.025174,0.21585,0.29561,0.2701,0.1259,0.0475,0.025778,0.0024208,0.016837
0.046862,0.173,0.33721,0.27489,0.10348,0.055726,2.1857e-005,0.0088115,0.19714,0.32733,0.25116,0.14102,0.054599,0.016665,0.0011726,0.010915
0.038397,0.1755,0.31674,0.27152,0.096121,0.087552,1.5487e-008,0.01417,0.19568,0.2341,0.28878,0.18408,0.059721,0.022798,0.0013451,0.013499
0.072897,0.15276,0.29215,0.28122,0.10394,0.077912,2.8594e-008,0.019118,0.1888,0.23788,0.24271,0.2011,0.095687,0.014621,0.0061605,0.013046
0.093262,0.11142,0.31361,0.26237,0.12682,0.079717,8.4708e-005,0.012713,0.23043,0.24073,0.28435,0.13194,0.074373,0.028119,0.0039385,0.0061267
0.079197,0.15714,0.31847,0.27926,0.089397,0.070199,6.8639e-006,0.0063252,0.21913,0.23617,0.27942,0.1326,0.089767,0.024115,0.0077979,0.011005
0.090134,0.15722,0.30087,0.27926,0.095331,0.060399,0.001073,0.015709,0.17361,0.34783,0.25776,0.10669,0.073226,0.026146,0.0020331,0.012701
0.061606,0.14868,0.32703,0.26299,0.081886,0.095101,0.00091056,0.021798,0.21792,0.23321,0.32204,0.12311,0.067571,0.030117,0.0011347,0.0048927
0.08231,0.15469,0.28974,0.29959,0.072968,0.084474,0.00053478,0.015692,0.18407,0.27834,0.28167,0.12563,0.085163,0.038069,0.0063259,0.00073242
0.061974,0.13669,0.2834,0.34586,0.080488,0.071894,5.689e-006,0.019683,0.22656,0.26615,0.27774,0.10279,0.095342,0.0139,0.013389,0.0041308
0.056633,0.13293,0.36767,0.29824,0.089468,0.040028,0.0033512,0.011677,0.2265,0.21467,0.33213,0.12824,0.057479,0.016941,0.0066758,0.017368
0.071736,0.16578,0.31312,0.29859,0.076704,0.060749,0.0037816,0.0095342,0.17144,0.24919,0.28532,0.1423,0.10274,0.032316,0.0016518,0.015029
0.095692,0.12746,0.30646,0.29483,0.084814,0.069934,0.0011011,0.019707,0.20556,0.25367,0.2807,0.1298,0.10374,0.013417,0.001726,0.011385
0.073804,0.13052,0.30564,0.28158,0.12655,0.062701,0.0064201,0.01278,0.21397,0.28123,0.24998,0.12124,0.084778,0.038265,0.0039717,0.0065707
0.099989,0.12995,0.30187,0.27093,0.12175,0.047278,0.012121,0.016115,0.19926,0.25142,0.27832,0.14364,0.062466,0.055032,0.0035405,0.0063218
0.090101,0.15043,0.31039,0.26108,0.10155,0.063251,0.0034469,0.019751,0.23289,0.28944,0.20001,0.14757,0.097846,0.022421,0.0079454,0.0018679
0.086446,0.17637,0.30077,0.24943,0.12328,0.044102,0.0014816,0.01813,0.21381,0.30263,0.24687,0.11783,0.073894,0.030844,0.00042068,0.013692
0.082877,0.16585,0.28747,0.25096,0.10011,0.094192,0.0040508,0.01449,0.22284,0.31426,0.21595,0.12598,0.058542,0.035316,0.006738,0.020366
0.11157,0.16724,0.3016,0.23444,0.084867,0.071529,0.0010065,0.027747,0.18384,0.28616,0.27532,0.13715,0.083343,0.021423,0.00027164,0.012489
0.080349,0.15844,0.32344,0.21955,0.12624,0.07682,0.00011649,0.015044,0.2121,0.30991,0.23827,0.12909,0.066101,0.034023,0.0043015,0.0062015
0.07463,0.15862,0.2985,0.27803,0.10906,0.069799,0.0010685,0.010299,0.18353,0.32133,0.26683,0.12919,0.059664,0.026057,0.00022573,0.013175
0.075811,0.1812,0.25215,0.27071,0.11335,0.077453,0.0075665,0.021757,0.15651,0.27504,0.28662,0.14438,0.064926,0.034249,0.013895,0.024387
0.071513,0.23,0.26794,0.26077,0.080934,0.06953,0.0032573,0.016055,0.18906,0.26259,0.28678,0.13401,0.092024,0.019629,0.0078003,0.0081002
0.087639,0.16648,0.3008,0.26484,0.099023,0.060282,0.0051199,0.01581,0.18644,0.28426,0.27292,0.12236,0.093356,0.021973,0.0055371,0.013163
0.090562,0.13878,0.31625,0.24737,0.14064,0.047833,0.0023537,0.016199,0.1955,0.30627,0.23148,0.15226,0.078548,0.018566,0.0064263,0.01094
0.082305,0.14028,0.3183,0.25883,0.097414,0.077728,0.0091066,0.016031,0.19943,0.29062,0.22436,0.15667,0.098441,0.013366,0.0013451,0.015767
0.075434,0.13841,0.27743,0.28395,0.1139,0.078522,0.0046778,0.027679,0.17083,0.34953,0.21791,0.14023,0.083939,0.01049,0.0098611,0.017213
0.083739,0.12632,0.3019,0.25507,0.095523,0.10097,0.014616,0.021858,0.21323,0.3028,0.2283,0.1214,0.098207,0.0097549,0.012421,0.013887
0.10542,0.14641,0.28348,0.2582,0.11654,0.068283,0.010058,0.011605,0.19434,0.31615,0.22503,0.14346,0.087044,0.01512,0.011877,0.0069846
0.069126,0.16273,0.33154,0.22643,0.11502,0.066971,0.011261,0.016918,0.18999,0.27723,0.22887,0.16158,0.099266,0.0211,0.018018,0.0039349
0.073603,0.17831,0.29041,0.26644,0.094838,0.085746,0.00017334,0.010484,0.22126,0.26781,0.25553,0.12652,0.080185,0.023564,0.01743,0.0077022
0.049897,0.17428,0.28729,0.27691,0.082349,0.094792,0.0048469,0.029625,0.23682,0.25317,0.26331,0.128,0.094416,0.011639,0.005499,0.0071459
0.094767,0.17396,0.2338,0.31162,0.09808,0.070482,0.0054498,0.011841,0.18387,0.26435,0.25882,0.14802,0.089369,0.03366,0.00831,0.013596
0.086017,0.14743,0.25297,0.33751,0.097984,0.053309,0.0060172,0.018767,0.19466,0.29584,0.23929,0.12657,0.08255,0.037904,0.0032537,0.019926
0.10778,0.13864,0.24584,0.2918,0.12201,0.074028,0.0027336,0.017168,0.21601,0.30343,0.23051,0.11226,0.074849,0.030587,0.0048371,0.027515
0.050805,0.16516,0.31522,0.26577,0.12469,0.059352,0.0012176,0.017784,0.24808,0.25207,0.25662,0.13437,0.074927,0.028365,0.0023335,0.0032384
0.058651,0.16238,0.29582,0.30184,0.10048,0.06021,0.00058278,0.020043,0.16004,0.28765,0.28254,0.14367,0.070462,0.038956,0.0087078,0.0079869
0.097268,0.17354,0.32751,0.25333,0.066592,0.064099,0.0037287,0.013928,0.20018,0.28476,0.29013,0.11114,0.059104,0.040344,0.0074389,0.0069003
0.079163,0.21384,0.32314,0.22071,0.084086,0.048028,0.0078112,0.023216,0.19257,0.29488,0.24372,0.13023,0.086223,0.045052,0.0026694,0.0046534
0.085145,0.21282,0.29566,0.23711,0.082538,0.071004,0.0014692,0.014249,0.20662,0.26422,0.30444,0.13186,0.054017,0.031863,0.0021394,0.0048314
0.08655,0.19056,0.33298,0.24974,0.074311,0.049384,0.0020077,0.01447,0.18163,0.32879,0.28908,0.11613,0.047062,0.029617,0.0017362,0.0059591
0.099068,0.19077,0.29249,0.26168,0.088531,0.057408,5.4638e-005,0.009998,0.1994,0.30036,0.26322,0.09568,0.1123,0.0081399,0.0030793,0.017819
0.080164,0.1774,0.28798,0.27165,0.097027,0.072684,6.7086e-005,0.013031,0.1777,0.31759,0.25351,0.10501,0.079818,0.041797,0.0064912,0.018079
0.081841,0.15256,0.27404,0.28301,0.11347,0.074048,0.0037662,0.017266,0.21935,0.32222,0.22606,0.10475,0.056482,0.045511,0.012873,0.012756
0.076584,0.16049,0.31048,0.26916,0.11446,0.053805,0.00084043,0.014176,0.18169,0.29116,0.28132,0.11068,0.063613,0.054483,0.0060363,0.011016
0.08128,0.16582,0.28316,0.26665,0.12215,0.063327,0.00064727,0.016975,0.24224,0.30564,0.18195,0.14467,0.06761,0.020283,0.01151,0.026104
0.058826,0.15566,0.29544,0.28215,0.11089,0.066879,0.0027167,0.027434,0.3151,0.29134,0.13963,0.13155,0.079171,0.023549,0.0080465,0.011614
0.081411,0.16859,0.29096,0.25923,0.11341,0.059967,0.011823,0.014594,0.26272,0.31659,0.18733,0.098403,0.080472,0.031408,0.0064811,0.016592
0.071648,0.16794,0.29737,0.2683,0.094156,0.067618,0.011429,0.021548,0.25061,0.31882,0.21924,0.096974,0.068674,0.028361,0.0029664,0.014359
0.074783,0.16577,0.27255,0.29636,0.080752,0.076652,0.013387,0.019737,0.18379,0.38433,0.21045,0.10115,0.066721,0.01773,0.014653,0.021181
0.082951,0.18879,0.25807,0.30586,0.088306,0.071396,0.00036293,0.0042657,0.30003,0.26849,0.24875,0.11178,0.039211,0.026681,0.0032819,0.0017712
0.08107,0.15284,0.28332,0.31735,0.086519,0.060858,0.0038207,0.014227,0.27024,0.25044,0.2463,0.12476,0.063399,0.033825,0.00013799,0.010902
0.069573,0.15589,0.29171,0.3159,0.10129,0.049237,0.0026272,0.013778,0.2377,0.32658,0.23321,0.10725,0.059196,0.014764,0.012513,0.0087796
0.067329,0.15245,0.32442,0.28336,0.10552,0.033793,0.006687,0.026439,0.27641,0.29466,0.19708,0.059238,0.098289,0.0617,0.0015505,0.011072
0.10886,0.17752,0.27454,0.26047,0.1026,0.044715,0.0047568,0.026544,0.28011,0.25874,0.22693,0.086874,0.093616,0.045385,0.001426,0.0069202
0.12299,0.15591,0.30677,0.25064,0.10294,0.037972,0.00080517,0.021971,0.24846,0.2692,0.2333,0.093237,0.097039,0.021112,0.015745,0.021897
0.13385,0.12061,0.25193,0.30327,0.12844,0.051439,1.0538e-006,0.010468,0.23759,0.25507,0.22848,0.099906,0.083861,0.060626,0.00062605,0.033846
0.084375,0.12442,0.31319,0.26815,0.13063,0.061609,0.00022889,0.017403,0.28556,0.26514,0.2278,0.096723,0.068608,0.040227,0.0036279,0.012315
0.076603,0.14238,0.32817,0.26345,0.089668,0.07633,0.0064112,0.016984,0.2167,0.32849,0.21743,0.1074,0.056686,0.035498,0.020369,0.017414
0.089428,0.14931,0.29013,0.25873,0.099514,0.077071,0.016757,0.019065,0.27923,0.25873,0.21367,0.11573,0.074859,0.041016,0.0020565,0.014711
0.086097,0.13971,0.27038,0.31456,0.096882,0.073057,0.0026447,0.016674,0.23534,0.29947,0.21512,0.11054,0.10397,0.021695,0.0013834,0.012489
0.081511,0.19892,0.28029,0.27367,0.094607,0.049545,0.0026941,0.018767,0.2613,0.27911,0.2076,0.13126,0.070319,0.034399,0.012363,0.0036398
0.049263,0.21563,0.25115,0.26063,0.13155,0.076757,0.0065473,0.008481,0.2357,0.29947,0.26692,0.079471,0.084623,0.023785,0.0031662,0.0068627
0.065435,0.14366,0.27344,0.30328,0.1245,0.070649,0.005749,0.013281,0.25039,0.23591,0.26106,0.11921,0.054893,0.053621,0.012462,0.012452
0.08819,0.16778,0.26486,0.26212,0.11042,0.083586,0.0032402,0.019803,0.27412,0.23474,0.21361,0.16296,0.056982,0.035529,0.0036426,0.018419
0.065079,0.13799,0.23247,0.29846,0.17041,0.07101,0.0078172,0.016759,0.26993,0.22103,0.27182,0.10175,0.11269,0.017669,0.0036758,0.0014295
0.08324,0.19175,0.2379,0.25868,0.1446,0.061229,0.015687,0.0069182,0.25841,0.2555,0.23097,0.087771,0.105,0.049527,0.007349,0.0054642
0.1143,0.14877,0.29759,0.29422,0.086646,0.047527,0.0034077,0.0075381,0.22348,0.27311,0.2481,0.11747,0.10136,0.033249,0.0014866,0.0017371
0.096533,0.12942,0.28256,0.31765,0.11037,0.052096,0.00017415,0.011202,0.2578,0.28716,0.26563,0.10385,0.058947,0.021131,0.0018896,0.0035805
0.094738,0.13671,0.24927,0.28517,0.1315,0.078894,0.0044309,0.019281,0.2623,0.3069,0.23975,0.10518,0.043417,0.025848,0.0085042,0.0081064
0.081251,0.18277,0.26528,0.29224,0.10051,0.063373,0.0046393,0.0099441,0.25138,0.29716,0.21353,0.15948,0.052631,0.015708,0.0065809,0.00352
0.070447,0.21538,0.24887,0.30222,0.098635,0.051651,0.0012483,0.011551,0.21052,0.26059,0.2374,0.14252,0.10839,0.02624,0.0040646,0.010276
0.089285,0.18114,0.28654,0.26737,0.11531,0.048046,0.0014167,0.010897,0.21309,0.27061,0.22485,0.18092,0.091974,0.0066516,0.0043066,0.0075932
0.090153,0.17142,0.27334,0.27966,0.12745,0.041821,0.00044988,0.015715,0.23323,0.25458,0.26055,0.1494,0.080161,0.010805,0.0055933,0.005679
0.12745,0.1482,0.27239,0.27296,0.1122,0.061272,0.00017133,0.0053599,0.22656,0.2339,0.25161,0.20466,0.065187,0.010511,0.0017353,0.0058399
0.092195,0.1748,0.25031,0.28153,0.099924,0.081689,0.00040021,0.019148,0.1771,0.28819,0.31472,0.14171,0.044906,0.016457,0.0017601,0.015147
0.086806,0.16727,0.25196,0.31142,0.10131,0.055483,0.0016179,0.024136,0.20981,0.21518,0.34204,0.10974,0.077533,0.020899,0.020924,0.0038746
0.10215,0.21526,0.26563,0.26588,0.10988,0.024823,0.0019658,0.014402,0.20131,0.24439,0.28122,0.12169,0.080579,0.046123,0.011914,0.012771
0.093388,0.16711,0.26647,0.25516,0.13937,0.056153,0.0033559,0.018983,0.20886,0.28064,0.24343,0.095273,0.10247,0.058462,0.0058701,0.0050032
0.088012,0.13357,0.29573,0.28607,0.11013,0.070891,0.0022157,0.013378,0.21278,0.29323,0.25531,0.13647,0.05753,0.031645,0.0043099,0.0087204
0.078172,0.13985,0.32645,0.27158,0.11885,0.043876,0.0091446,0.012082,0.22674,0.27616,0.25529,0.1143,0.071989,0.036546,0.0056694,0.013304
0.10315,0.1741,0.30075,0.275,0.090876,0.034048,0.00010494,0.021967,0.2517,0.31761,0.22386,0.092611,0.066512,0.022358,0.00016273,0.025188
0.10149,0.18451,0.27962,0.24649,0.12375,0.041108,0.0052254,0.01781,0.24078,0.30756,0.25172,0.096008,0.063045,0.026857,0.00073455,0.0133
0.076781,0.14448,0.27581,0.32038,0.10069,0.051641,0.0030719,0.027151,0.23455,0.27408,0.25814,0.10982,0.046575,0.0611,0.0026077,0.013128
0.051554,0.16397,0.27078,0.3084,0.11244,0.055723,0.0013009,0.03583,0.23197,0.30017,0.2777,0.10552,0.047856,0.027588,0.0026965,0.0064979
0.048624,0.16999,0.31383,0.29656,0.09122,0.067667,0.00086313,0.011243,0.23462,0.33572,0.21942,0.10779,0.062389,0.027372,0.002727,0.00995
0.065897,0.16178,0.2591,0.31033,0.10568,0.072561,0.00045077,0.024196,0.23154,0.33099,0.20455,0.12487,0.065976,0.028653,0.0019415,0.011472
0.076326,0.18681,0.25115,0.28942,0.1236,0.055496,3.4343e-008,0.017194,0.2135,0.29112,0.22664,0.14648,0.071555,0.026006,0.017052,0.007645
0.062083,0.18797,0.25522,0.31908,0.12695,0.02838,0.00030121,0.020019,0.27046,0.24337,0.19989,0.16611,0.061485,0.045584,0.0017696,0.01133
0.070231,0.17824,0.26373,0.29991,0.1227,0.041784,0.0028406,0.020566,0.27245,0.28513,0.16509,0.19932,0.045793,0.027386,0.002608,0.0022115
0.10968,0.15394,0.30493,0.26242,0.071535,0.058269,0.0074694,0.031754,0.20602,0.32177,0.18973,0.16939,0.059824,0.039353,0.0071732,0.0067353
0.0872,0.12401,0.28486,0.31118,0.11998,0.055713,0.0040013,0.013054,0.25874,0.30743,0.17768,0.1389,0.067635,0.026242,0.0037693,0.019604
0.067739,0.15198,0.27853,0.30234,0.12003,0.054638,0.0060815,0.018663,0.2457,0.24006,0.28355,0.093344,0.074854,0.033688,0.0098589,0.01895
0.078496,0.1602,0.27796,0.30601,0.11618,0.041736,0.0058802,0.013532,0.24112,0.32617,0.24932,0.079515,0.049822,0.025269,0.01783,0.010954
0.051396,0.1653,0.32883,0.28897,0.10469,0.045109,0.0033238,0.012375,0.20831,0.32327,0.25497,0.092068,0.083932,0.021366,0.0027036,0.013375
0.072158,0.14952,0.30338,0.25786,0.12524,0.075236,0.0052899,0.01132,0.21287,0.29097,0.24579,0.13098,0.073208,0.035666,0.00081134,0.0097005
0.066495,0.15274,0.25112,0.31257,0.12495,0.08076,0.0025763,0.0087884,0.2324,0.25016,0.22746,0.15132,0.092247,0.034503,0.00015429,0.011762
0.062509,0.13759,0.27203,0.28935,0.15059,0.069088,0.00064281,0.0182,0.23656,0.29007,0.2528,0.10684,0.078862,0.034179,0.00040266,0.00028573
0.063545,0.13994,0.33982,0.27257,0.11992,0.037467,0.00011775,0.026612,0.26024,0.28493,0.24069,0.085389,0.10687,0.021268,0.00019012,0.00041991
0.077967,0.16291,0.28556,0.30101,0.096965,0.050111,1.4219e-005,0.025468,0.25177,0.26595,0.23788,0.11225,0.09541,0.033803,0.00047967,0.0024561
0.05278,0.17716,0.30637,0.27685,0.1047,0.068689,3.6095e-005,0.013404,0.23619,0.28834,0.25066,0.11256,0.069767,0.038619,5.7665e-005,0.0038109
0.063877,0.15823,0.29235,0.31867,0.10944,0.039732,0.00092899,0.016776,0.25573,0.24518,0.25929,0.12215,0.073949,0.036213,0.002963,0.0045175
0.048845,0.17844,0.30809,0.26218,0.13157,0.039351,0.0013587,0.030169,0.22649,0.24933,0.25321,0.16774,0.069171,0.029999,0.00088079,0.0031831
0.086114,0.15699,0.3189,0.27366,0.099487,0.04737,0.00014458,0.01733,0.2411,0.24894,0.24582,0.13518,0.079692,0.043369,0.0026885,0.0032056
0.085047,0.15223,0.29481,0.29878,0.095551,0.048695,0.0013178,0.023578,0.19819,0.27461,0.27943,0.15383,0.051589,0.02743,0.00037999,0.01455
0.087964,0.15633,0.33978,0.25254,0.094448,0.044339,3.4022e-005,0.024576,0.2607,0.29787,0.23164,0.11957,0.055745,0.022058,0.0009087,0.011504
0.092201,0.11249,0.28482,0.28906,0.12648,0.07585,0.00060967,0.018493,0.21076,0.30131,0.24277,0.13763,0.075091,0.014578,0.0077726,0.010098
0.052517,0.11532,0.34624,0.29215,0.101,0.070388,0.00057203,0.021805,0.25936,0.26643,0.19934,0.16683,0.06753,0.021285,0.0078693,0.011356
0.063474,0.15058,0.34939,0.27308,0.083022,0.065467,0.00071607,0.014267,0.26086,0.2915,0.21651,0.13406,0.059194,0.024323,1.7375e-005,0.013548
0.072568,0.14898,0.27626,0.3002,0.11514,0.072872,0.00032397,0.013645,0.2425,0.25792,0.2738,0.11187,0.081816,0.018838,0.0010247,0.012235
0.057884,0.14239,0.33135,0.26522,0.11825,0.069318,0.0060256,0.0095638,0.24938,0.30369,0.2561,0.11213,0.049255,0.015896,2.1329e-005,0.013526
0.058434,0.13443,0.30866,0.29319,0.088726,0.099373,0.002413,0.014768,0.27444,0.2625,0.26718,0.11487,0.028201,0.033951,0.0001316,0.018722
0.092028,0.14123,0.30691,0.24353,0.103,0.084588,0.00033271,0.028382,0.30032,0.24797,0.22089,0.1357,0.06263,0.025771,0.0014976,0.0052148
0.084575,0.17971,0.26871,0.24463,0.12251,0.071222,0.0043215,0.024321,0.26668,0.246,0.24611,0.14335,0.065052,0.02736,0.00036031,0.0050885
0.077739,0.17087,0.30858,0.23007,0.11009,0.085779,0.0038623,0.013019,0.23496,0.26322,0.33529,0.095532,0.042284,0.017202,0.0039909,0.0075195
0.083096,0.16282,0.29277,0.29061,0.10414,0.05962,0.0045613,0.0023882,0.21606,0.31601,0.27792,0.091527,0.060306,0.025934,0.0038294,0.0084074
0.0572,0.16295,0.28475,0.29883,0.10549,0.077194,0.00067988,0.0129,0.21172,0.2803,0.25922,0.096924,0.10118,0.037338,0.00047418,0.012845
0.055175,0.15421,0.3317,0.28489,0.10291,0.052661,0.0020049,0.01645,0.20171,0.35172,0.23292,0.092712,0.085297,0.028305,0.0007216,0.0066158
0.060914,0.13507,0.31701,0.2974,0.12014,0.050749,0.0011729,0.017543,0.21924,0.32116,0.23779,0.092821,0.069949,0.028935,0.0053741,0.024733
0.085473,0.12038,0.32522,0.30736,0.10555,0.031044,0.00076515,0.024207,0.2252,0.304,0.23394,0.10156,0.093096,0.027051,0.003033,0.012115
0.072776,0.16466,0.28786,0.28525,0.11028,0.056051,0.00031126,0.022818,0.19469,0.2935,0.26286,0.10036,0.10622,0.031925,0.002504,0.0079357
0.081672,0.14378,0.30001,0.30092,0.10805,0.042831,0.00074355,0.021995,0.2082,0.36962,0.23261,0.085146,0.091872,0.010389,0.00010284,0.0020646
0.059025,0.14089,0.36358,0.28432,0.074563,0.055439,0.0047203,0.017471,0.22573,0.29742,0.25333,0.10427,0.062546,0.052233,0.0028319,0.0016432
0.104,0.11303,0.27331,0.29312,0.14751,0.050569,0.00018007,0.018277,0.23907,0.30924,0.24709,0.13242,0.057574,0.010279,0.0032546,0.0010643
0.069664,0.15642,0.35081,0.28045,0.10104,0.02877,0.00022772,0.012617,0.29864,0.25174,0.23525,0.11907,0.061833,0.033049,6.1237e-005,0.00035562
0.062808,0.10419,0.39013,0.28713,0.092895,0.048747,0.0030855,0.011016,0.18136,0.3081,0.25827,0.14939,0.061835,0.037196,0.0012361,0.0026137
0.067739,0.11395,0.38071,0.2784,0.089061,0.050005,5.9176e-005,0.02008,0.25221,0.3277,0.27637,0.073604,0.047639,0.016599,0.0027904,0.003091
0.089772,0.14382,0.30427,0.27818,0.10818,0.052553,0.00077949,0.022447,0.26355,0.27877,0.25902,0.10492,0.060682,0.012822,0.0034362,0.016793
0.10029,0.16065,0.31618,0.24671,0.099832,0.045817,0.011313,0.01921,0.26327,0.28699,0.23213,0.10335,0.072117,0.035422,0.00032224,0.0063892
0.095337,0.17398,0.28512,0.26991,0.10254,0.053135,0.007713,0.012269,0.19952,0.27787,0.26584,0.14997,0.076714,0.018462,0.0001428,0.011487
0.068509,0.20228,0.2928,0.28519,0.10771,0.023905,0.0056083,0.013995,0.21929,0.28449,0.25666,0.13619,0.07054,0.027363,0.0006643,0.004796
0.076844,0.15097,0.2667,0.31347,0.13167,0.030486,0.010989,0.018869,0.2241,0.29386,0.21265,0.13017,0.093049,0.035014,0.0031751,0.0079834
0.065204,0.16517,0.28261,0.26238,0.14164,0.046781,0.0079593,0.028254,0.20304,0.28277,0.24617,0.14107,0.096325,0.016499,0.002423,0.0117
0.08453,0.1985,0.2518,0.28334,0.10159,0.056221,0.0013931,0.022633,0.21848,0.21269,0.29029,0.13273,0.081045,0.052385,0.0012272,0.01115
0.071957,0.18832,0.28288,0.30809,0.079473,0.052251,0.00055181,0.016474,0.23927,0.27241,0.25046,0.14613,0.053182,0.030736,0.00027912,0.0075402
0.08977,0.17842,0.29981,0.2654,0.089018,0.041768,0.00018408,0.035621,0.2149,0.2631,0.27616,0.11872,0.093717,0.025805,0.0002012,0.0073895
0.087944,0.16743,0.34247,0.26047,0.066384,0.060917,0.00068814,0.013692,0.22592,0.29246,0.282,0.11101,0.052719,0.015609,0.0075067,0.012765
0.091402,0.17235,0.28795,0.25528,0.080614,0.08426,0.0011602,0.02699,0.1931,0.29383,0.24113,0.16202,0.062889,0.034922,0.00020964,0.011896
0.064555,0.16879,0.29154,0.27152,0.081324,0.083583,0.0068304,0.031855,0.21755,0.34362,0.20916,0.13161,0.059562,0.035472,0.0012364,0.0017883
0.06544,0.19371,0.30734,0.28144,0.076726,0.057635,0.00063627,0.017069,0.16622,0.34682,0.2312,0.13648,0.083673,0.034602,3.0489e-006,0.0010091
0.061134,0.16398,0.32725,0.27601,0.10445,0.053532,0.0019508,0.011697,0.17817,0.34422,0.27544,0.12496,0.048361,0.027772,7.9187e-005,0.0010048
0.047828,0.14705,0.25548,0.35254,0.11412,0.07278,0.00057182,0.0096305,0.21572,0.32605,0.22775,0.13074,0.060397,0.030324,0.0057236,0.0032984
0.085646,0.17584,0.31977,0.25178,0.090834,0.039068,0.0095355,0.027532,0.25634,0.27701,0.22512,0.11488,0.073451,0.047353,5.7305e-005,0.0057937
0.061683,0.15465,0.32411,0.30496,0.098423,0.033057,0.0027989,0.020311,0.28219,0.24623,0.24938,0.11118,0.06924,0.030445,0.0031045,0.0082204
0.063112,0.17153,0.33031,0.26218,0.1034,0.048384,0.0044983,0.016597,0.2037,0.31103,0.24774,0.10665,0.074168,0.036969,6.0205e-006,0.019737
0.071838,0.15593,0.32616,0.23223,0.11834,0.067006,0.0054947,0.023005,0.16716,0.34339,0.23794,0.096344,0.11391,0.033415,0.0028058,0.0050326
0.064739,0.15873,0.31168,0.27057,0.11138,0.058199,0.0020986,0.022598,0.20863,0.33954,0.2243,0.11008,0.078377,0.032246,0.00068918,0.0061399
0.087317,0.13778,0.33577,0.26802,0.079096,0.069315,0.00082854,0.021873,0.16543,0.31697,0.2344,0.19482,0.05116,0.032295,0.0012522,0.0036724
0.078164,0.17919,0.33146,0.24988,0.098754,0.055626,0.002112,0.0048135,0.2197,0.2819,0.23977,0.14631,0.058285,0.039436,0.0016815,0.012919
0.062515,0.14259,0.27069,0.37409,0.075883,0.057527,0.0012856,0.015417,0.19826,0.25708,0.28708,0.1595,0.060361,0.027801,0.00183,0.0080895
0.058486,0.12939,0.31635,0.31456,0.13096,0.038159,0.003566,0.0085326,0.21471,0.32048,0.22763,0.13465,0.063538,0.029525,0.00016775,0.0092992
0.074282,0.1165,0.4047,0.29175,0.05763,0.028087,0.004001,0.023057,0.17568,0.32313,0.25316,0.15884,0.067421,0.013696,1.6728e-005,0.0080559
0.10125,0.11195,0.35467,0.332,0.057283,0.01454,0.0058413,0.022465,0.22591,0.31548,0.22919,0.13943,0.057504,0.029929,0.0015262,0.0010228
0.069729,0.13389,0.28675,0.35529,0.10783,0.034216,0.0039035,0.0083786,0.20229,0.32633,0.26168,0.12221,0.066687,0.020245,6.6434e-005,0.00048466
0.076321,0.14474,0.28693,0.32407,0.1055,0.040833,0.0064561,0.015155,0.2019,0.37848,0.1863,0.13757,0.054058,0.035823,2.4574e-006,0.0058691
0.082305,0.133,0.30078,0.31124,0.11286,0.039814,0.0084913,0.011504,0.22648,0.32125,0.1994,0.14398,0.069402,0.036203,0.00079198,0.0024856
0.093158,0.13023,0.3362,0.24809,0.13838,0.016145,0.0031471,0.034645,0.22535,0.25719,0.25255,0.141,0.058724,0.053394,0.0024015,0.0093966
0.053612,0.1457,0.38172,0.28569,0.094158,0.011285,0.005667,0.022174,0.21774,0.31183,0.23772,0.13777,0.051168,0.037754,6.4302e-006,0.0060157
0.080379,0.15655,0.35086,0.28123,0.07345,0.034574,0.0046326,0.018327,0.21095,0.32462,0.22859,0.10215,0.083602,0.035778,0.0022716,0.01204
0.064427,0.19397,0.32672,0.2844,0.075243,0.033946,0.0036941,0.017605,0.2349,0.23343,0.26973,0.12961,0.089544,0.033614,0.003384,0.0057847
0.051572,0.18233,0.32727,0.32162,0.049974,0.037269,0.0078293,0.022135,0.24461,0.28039,0.26614,0.11597,0.040418,0.037126,0.0011987,0.014147
0.05413,0.1404,0.36755,0.24135,0.10174,0.073331,0.0032238,0.01829,0.22336,0.289,0.23231,0.16112,0.063136,0.021925,0.00077025,0.0083787
0.05451,0.18078,0.34657,0.23598,0.08613,0.072052,0.001728,0.022247,0.2143,0.29287,0.27442,0.12027,0.068834,0.022563,0.00053589,0.0062147
0.083742,0.13274,0.35586,0.24262,0.10263,0.068528,4.7929e-006,0.013877,0.20485,0.32345,0.23479,0.14529,0.064476,0.021335,0.00068588,0.0051148
0.061226,0.13297,0.37248,0.25724,0.083181,0.068157,0.0013354,0.023417,0.23175,0.30814,0.22684,0.14266,0.060936,0.026171,0.0025818,0.00090839
0.069179,0.16291,0.2908,0.27427,0.13047,0.052933,0.0020615,0.017382,0.17556,0.38467,0.23151,0.10951,0.065721,0.025384,0.00014894,0.007502
0.085532,0.15137,0.29216,0.29311,0.092784,0.05565,0.00073003,0.028664,0.18139,0.33066,0.26262,0.10592,0.092086,0.022809,0.00027952,0.0042368
0.065532,0.15026,0.34177,0.29176,0.099917,0.04158,0.00088621,0.008296,0.19422,0.29877,0.23876,0.12007,0.11045,0.025772,0.00054087,0.011417
0.088519,0.12865,0.3193,0.30825,0.089743,0.048306,0.0026684,0.014561,0.19208,0.31431,0.23897,0.13986,0.068218,0.04078,0.00011525,0.0056653
0.091823,0.1571,0.27073,0.29104,0.10564,0.057524,0.0037678,0.022374,0.2042,0.31548,0.22513,0.15082,0.07173,0.021516,0.0019686,0.0091572
0.092691,0.099577,0.3215,0.29565,0.12451,0.047731,0.0029205,0.015414,0.21008,0.29971,0.22871,0.13159,0.09026,0.023121,0.0053769,0.011156
0.13746,0.096198,0.3006,0.26942,0.11168,0.052616,0.00068145,0.031344,0.18554,0.3236,0.25311,0.13984,0.076442,0.015362,0.00065616,0.0054508
0.096194,0.11629,0.31896,0.28378,0.11932,0.05324,0.0013112,0.010918,0.21296,0.329,0.22044,0.15948,0.05464,0.015759,9.2967e-005,0.0076321
0.065054,0.16005,0.2999,0.28657,0.1257,0.050774,0.0021997,0.0097606,0.18798,0.30711,0.2314,0.15858,0.077254,0.024278,0.00027646,0.013123
0.0844,0.13096,0.31843,0.27825,0.12989,0.034134,0.004056,0.019872,0.1794,0.30149,0.25079,0.14249,0.082307,0.029094,0.0018345,0.012599
0.083454,0.1498,0.3081,0.28757,0.1075,0.047921,0.0065605,0.0090827,0.19853,0.29489,0.26904,0.11664,0.098637,0.0151,0.0003326,0.0068256
0.077042,0.14311,0.3106,0.28397,0.11541,0.06047,0.0045212,0.0048722,0.24888,0.28281,0.22025,0.1637,0.045317,0.028107,0.0009944,0.0099384
0.10261,0.14284,0.25096,0.34701,0.095008,0.035332,0.0087912,0.017452,0.20206,0.27947,0.25295,0.17602,0.045465,0.029913,2.8943e-005,0.014091
0.091236,0.15414,0.27721,0.29371,0.082321,0.060193,0.016529,0.024668,0.2376,0.2797,0.23134,0.16295,0.060927,0.01792,0.0062316,0.0033242
0.098135,0.19849,0.25714,0.28533,0.070072,0.05577,0.0068365,0.028228,0.21793,0.32155,0.22308,0.13274,0.071459,0.02655,0.0017232,0.0049764
0.057217,0.1917,0.24377,0.29329,0.11901,0.073046,0.0057531,0.016206,0.19014,0.28727,0.25485,0.13297,0.096091,0.028338,0.0030469,0.0072972
0.046346,0.14488,0.33948,0.23181,0.12768,0.079895,0.0162,0.013701,0.24709,0.28591,0.25103,0.10762,0.067411,0.029483,0.003018,0.0084474
0.076364,0.17312,0.33362,0.2269,0.1194,0.054012,0.0046967,0.011879,0.18342,0.31257,0.25582,0.14221,0.076803,0.023157,0.0016034,0.0044132
0.079583,0.17369,0.28042,0.29333,0.10237,0.041513,0.0037606,0.025327,0.16963,0.34486,0.24327,0.14848,0.050743,0.035407,0.002489,0.0051303
0.057571,0.15413,0.30265,0.32885,0.077895,0.064036,0.0016618,0.013213,0.20133,0.30963,0.20301,0.15616,0.060498,0.059296,0.0016673,0.0084131
0.070898,0.15359,0.3054,0.29133,0.078456,0.075646,0.00043678,0.02424,0.19386,0.34025,0.24314,0.13529,0.056093,0.021585,5.0338e-005,0.0097222
0.068616,0.15016,0.28379,0.35004,0.074573,0.052616,0.0039952,0.016216,0.22087,0.27764,0.24377,0.1585,0.058378,0.024959,0.0063899,0.0094866
0.09637,0.15849,0.29078,0.24029,0.12172,0.078441,0.0019639,0.011956,0.2239,0.30219,0.26478,0.11367,0.046643,0.03419,0.00062096,0.013997
0.066846,0.167,0.25083,0.30226,0.12852,0.070656,0.00019884,0.013687,0.22384,0.27821,0.26217,0.11878,0.070554,0.033528,0.00044338,0.012488
0.05759,0.17748,0.25352,0.30826,0.12326,0.057838,0.0011049,0.020946,0.23476,0.25838,0.24338,0.1385,0.065621,0.032345,0.0092379,0.017778
0.05806,0.13118,0.29443,0.34244,0.080335,0.080496,0.0063216,0.0067317,0.26674,0.27809,0.23739,0.11617,0.050458,0.018233,0.0008013,0.032124
0.074123,0.19743,0.27421,0.27358,0.094428,0.065203,0.003,0.018026,0.21416,0.27212,0.23563,0.1581,0.090747,0.023347,0.00017403,0.005723
0.067154,0.18867,0.27486,0.28431,0.083458,0.080337,0.00358,0.017627,0.18696,0.27968,0.29023,0.14815,0.063304,0.026502,2.4724e-005,0.0051401
0.05356,0.1615,0.28264,0.32572,0.10535,0.055189,6.4149e-005,0.015977,0.19469,0.28268,0.27133,0.14479,0.075268,0.021292,0.0010241,0.0089293
0.054724,0.16673,0.3064,0.3067,0.10496,0.053109,0.00045351,0.0069134,0.21093,0.27218,0.29728,0.11425,0.075826,0.026339,0.00042558,0.0027674
0.067521,0.1414,0.29935,0.33694,0.10266,0.028052,0.0016796,0.022401,0.29399,0.24881,0.25517,0.10801,0.072115,0.0084139,9.8395e-005,0.013383
0.076208,0.14111,0.30788,0.2928,0.0988,0.047478,0.0077216,0.027998,0.2001,0.28793,0.27143,0.10955,0.071486,0.028012,0.00028382,0.031208
0.091995,0.13505,0.34933,0.26754,0.083259,0.047806,0.00045153,0.024579,0.26257,0.28253,0.24067,0.11862,0.063336,0.023068,2.2619e-005,0.0091857
0.12309,0.11505,0.35354,0.25391,0.075884,0.056654,0.0032919,0.018581,0.26997,0.25377,0.21744,0.12487,0.095891,0.031187,0.0003874,0.006481
0.10156,0.1289,0.33756,0.2781,0.10434,0.035557,0.00045182,0.01353,0.26806,0.31327,0.21024,0.1074,0.056615,0.03733,0.0012384,0.0058531
0.077644,0.14134,0.32295,0.30749,0.10273,0.036089,0.0019127,0.0098393,0.25733,0.31423,0.23167,0.087024,0.07146,0.028526,0.0055459,0.0042247
0.092411,0.13517,0.32108,0.28433,0.089333,0.051925,0.010631,0.015121,0.24926,0.28521,0.21996,0.14212,0.066917,0.026214,0.0002747,0.010048
0.072616,0.14701,0.2804,0.26516,0.12834,0.060357,0.015013,0.031114,0.20653,0.25834,0.28538,0.14217,0.076102,0.030346,0.00015411,0.00097301
0.075857,0.14394,0.27485,0.26332,0.13059,0.079526,0.0044959,0.027422,0.20671,0.27669,0.23635,0.13568,0.091338,0.046291,2.1836e-006,0.00695
0.070826,0.1443,0.2924,0.28511,0.11441,0.079244,0.002349,0.011356,0.22845,0.30714,0.22042,0.14027,0.063067,0.02646,1.6642e-006,0.014192
0.055373,0.13311,0.32755,0.26221,0.099128,0.090816,0.00078098,0.031022,0.19419,0.31017,0.24801,0.12039,0.059824,0.053303,1.6363e-005,0.014101
0.075638,0.15852,0.30535,0.27742,0.068515,0.07009,0.021281,0.023197,0.17171,0.33546,0.25068,0.11626,0.08962,0.028479,0.002309,0.0054833
0.081283,0.15932,0.29822,0.28163,0.10618,0.040347,0.01134,0.02169,0.18445,0.25222,0.25535,0.17138,0.081023,0.043474,0.00014228,0.011959
0.06873,0.13331,0.31881,0.29381,0.10553,0.057503,0.0044085,0.017893,0.20324,0.26797,0.25078,0.15209,0.055661,0.060517,9.8454e-007,0.0097356
0.075832,0.17405,0.27394,0.27003,0.12017,0.074418,0.0025934,0.0089614,0.19954,0.25751,0.26062,0.16715,0.058678,0.046035,0.0072704,0.003198
0.064468,0.20532,0.29806,0.26092,0.11068,0.04678,0.0035079,0.010276,0.22748,0.2555,0.23276,0.19799,0.050161,0.023292,4.7503e-005,0.012768
0.062495,0.18075,0.28311,0.27041,0.10464,0.083058,0.00063665,0.014909,0.17875,0.23795,0.27637,0.17894,0.084878,0.033516,0.0022148,0.0073724
0.076734,0.16646,0.27488,0.27118,0.14696,0.04628,2.7358e-006,0.0175,0.2227,0.25404,0.24721,0.12739,0.064819,0.063482,0.0049572,0.015406
0.094152,0.14785,0.26323,0.27017,0.15302,0.058126,9.8179e-005,0.013356,0.21822,0.2713,0.25987,0.15369,0.056597,0.033676,1.2874e-006,0.0066376
0.044458,0.14338,0.30368,0.30513,0.11176,0.078257,1.1808e-006,0.013338,0.23609,0.2996,0.21099,0.12306,0.091103,0.032669,0.00071078,0.0057714
0.076354,0.15847,0.24795,0.31665,0.090224,0.087871,1.6706e-006,0.022484,0.24911,0.29849,0.18583,0.14917,0.060915,0.037236,9.1567e-005,0.019148
0.080815,0.16557,0.24808,0.27446,0.13219,0.085876,0.00011407,0.012895,0.19116,0.29608,0.24,0.13878,0.099703,0.02711,0.00035943,0.0068101
0.079166,0.15569,0.31381,0.25155,0.11683,0.061389,0.00015716,0.021415,0.26048,0.2755,0.2444,0.10548,0.075605,0.036254,0.00018305,0.0021002
0.060807,0.13904,0.33887,0.26595,0.10769,0.078956,0.00063853,0.0080475,0.26256,0.28162,0.23345,0.12769,0.048896,0.025746,0.00069256,0.019344
0.047352,0.15908,0.35462,0.24159,0.11382,0.057421,0.0031865,0.022938,0.21742,0.2728,0.28408,0.13933,0.061156,0.01901,0.00014941,0.0060516
0.06301,0.13197,0.3102,0.30407,0.10172,0.05724,0.0046549,0.027128,0.20803,0.27045,0.295,0.12965,0.074976,0.015351,0.00037155,0.0061571
0.088966,0.1324,0.28937,0.29323,0.079856,0.097082,0.00026637,0.018832,0.19488,0.26074,0.2603,0.17217,0.081616,0.017274,0.0032279,0.0097847
0.096939,0.13537,0.29713,0.29101,0.091669,0.079409,0.00035306,0.0081203,0.21457,0.31454,0.25108,0.11511,0.081391,0.016429,0.0013674,0.0055112
0.089233,0.12035,0.32542,0.25004,0.13391,0.068312,0.0015692,0.011158,0.22162,0.29785,0.25279,0.12654,0.069493,0.019176,0.0042624,0.0082707
0.069811,0.11411,0.35762,0.27891,0.10977,0.062768,0.0023065,0.0047124,0.23365,0.28185,0.23409,0.12191,0.082676,0.035474,0.004518,0.0058354
0.084775,0.12708,0.28582,0.29484,0.10706,0.054174,0.00023038,0.046017,0.23477,0.2822,0.28086,0.11304,0.061084,0.024466,0.0014961,0.002087
0.092624,0.11172,0.31712,0.29172,0.10742,0.056562,0.0006359,0.022199,0.23149,0.29931,0.27284,0.099103,0.063032,0.029358,0.0012373,0.0036303
0.083009,0.14496,0.29116,0.28398,0.122,0.042522,0.00060355,0.031764,0.16392,0.34951,0.23137,0.11873,0.073877,0.033626,0.0021515,0.026827
0.075909,0.14618,0.31372,0.26185,0.13512,0.054995,1.172e-007,0.012235,0.18384,0.32641,0.24145,0.15012,0.058826,0.029855,0.0010594,0.0084403
0.10247,0.10885,0.31815,0.30714,0.09664,0.054436,0.00021261,0.012091,0.17864,0.28248,0.2576,0.11417,0.12919,0.025744,0.0026984,0.0094748
0.10175,0.10954,0.31787,0.28869,0.093515,0.04571,0.00079681,0.042136,0.2434,0.28428,0.24596,0.13878,0.060052,0.020588,0.0050639,0.0018811
0.06327,0.12378,0.32066,0.29618,0.12647,0.048479,0.00025497,0.020912,0.22609,0.2903,0.20142,0.17214,0.074089,0.031227,0.0007585,0.003985
0.096621,0.16635,0.29929,0.28613,0.095361,0.038629,0.0064121,0.011202,0.23903,0.29818,0.21638,0.13196,0.060125,0.033646,0.0036137,0.017064
0.069951,0.15129,0.39559,0.25021,0.070711,0.047501,0.0035774,0.011178,0.25683,0.30473,0.2487,0.10433,0.057025,0.014853,0.010968,0.0025717
0.086076,0.11921,0.34189,0.28131,0.090013,0.058954,0.0040503,0.018496,0.23855,0.27799,0.27517,0.14219,0.038157,0.020362,0.0036531,0.0039234
0.092324,0.14582,0.33703,0.28159,0.084809,0.04543,5.7428e-005,0.012939,0.21891,0.29409,0.28235,0.095978,0.07292,0.025332,0.0033181,0.0071023
0.064351,0.13843,0.34161,0.26086,0.12041,0.058809,0.005516,0.01001,0.22368,0.28715,0.22388,0.14408,0.086081,0.031494,0.0012277,0.0024051
0.059878,0.13637,0.28138,0.33591,0.097458,0.07303,0.0075996,0.0083696,0.25018,0.30966,0.21489,0.1014,0.066009,0.051191,0.00078997,0.005871
0.053504,0.17358,0.26415,0.3072,0.11135,0.070403,0.0012018,0.01861,0.22074,0.2845,0.23542,0.10425,0.092952,0.048931,3.0752e-005,0.013176
0.066049,0.16725,0.27408,0.32131,0.099524,0.058708,8.0213e-005,0.012988,0.22647,0.28659,0.25826,0.13114,0.058864,0.032072,0.00086164,0.0057393
0.062992,0.18484,0.29243,0.30396,0.071729,0.061339,5.5808e-005,0.022656,0.31223,0.30547,0.18784,0.090212,0.063486,0.024972,0.00023676,0.015554
0.090745,0.14751,0.30213,0.28667,0.10068,0.040863,0.011814,0.019588,0.20096,0.33428,0.19029,0.1335,0.099543,0.02025,0.0050131,0.016156
0.056131,0.16979,0.33575,0.30128,0.077556,0.045265,7.0274e-006,0.014217,0.20067,0.28265,0.22768,0.1363,0.077887,0.057788,0.0014361,0.015588
0.074189,0.16174,0.28462,0.32152,0.096584,0.050618,7.5467e-007,0.010731,0.26656,0.22211,0.26658,0.11993,0.04998,0.039627,0.017192,0.018017
0.092824,0.15244,0.31534,0.29566,0.089199,0.033697,5.9372e-005,0.02078,0.23146,0.24172,0.27657,0.12404,0.080599,0.031048,0.010779,0.0037878
0.05184,0.13761,0.33171,0.26091,0.14866,0.053525,3.2972e-007,0.015752,0.18171,0.27403,0.28618,0.13463,0.058433,0.048771,0.0128,0.0034315
0.066522,0.15735,0.33158,0.26139,0.12154,0.044512,0.0006196,0.016497,0.16095,0.27264,0.26846,0.13194,0.105,0.044599,0.00051622,0.015889
0.071876,0.1835,0.26349,0.31788,0.096347,0.056121,0.00047948,0.010311,0.19627,0.27322,0.25438,0.15203,0.069992,0.043151,0.0035823,0.0073762
0.071658,0.1385,0.30728,0.31364,0.09007,0.061977,5.0715e-005,0.016826,0.21233,0.29475,0.22853,0.13991,0.083026,0.034231,0.0028106,0.004406
0.08496,0.10478,0.28379,0.32841,0.10265,0.086097,5.6201e-005,0.0092589,0.20405,0.2491,0.29195,0.11249,0.071773,0.048755,0.01377,0.0081033
0.057291,0.16828,0.30857,0.27565,0.10113,0.068114,9.9156e-006,0.020952,0.21309,0.30807,0.2218,0.12554,0.084652,0.028377,0.0016087,0.016863
0.075917,0.15455,0.33118,0.24197,0.10098,0.085016,0.0021142,0.0082837,0.17575,0.35487,0.24494,0.11411,0.064808,0.037333,0.0027103,0.005475
0.096837,0.17133,0.28056,0.25294,0.10401,0.070951,0.002068,0.021307,0.17719,0.34344,0.30292,0.075362,0.063588,0.032091,0.0009861,0.0044266
0.078666,0.16724,0.25266,0.2685,0.13377,0.053494,0.0042715,0.041403,0.21222,0.32813,0.28982,0.084639,0.06152,0.022866,9.3742e-007,0.00079974
0.062058,0.17536,0.24589,0.35937,0.093489,0.040862,0.00032962,0.022639,0.22303,0.30935,0.23831,0.10619,0.072231,0.038508,0.0033671,0.0090199
0.051405,0.15565,0.31357,0.31215,0.10922,0.040836,0.00042871,0.016742,0.23823,0.33324,0.22217,0.11131,0.05159,0.033904,0.004076,0.0054775
0.04112,0.18662,0.31546,0.31075,0.086017,0.0338,0.0054936,0.020744,0.23964,0.29229,0.21854,0.15508,0.050406,0.034726,3.8809e-005,0.0092737
0.054087,0.15611,0.31582,0.34062,0.075438,0.03775,0.00494,0.01524,0.20108,0.34921,0.22626,0.10401,0.054826,0.055518,2.2893e-005,0.0090742
0.058694,0.13215,0.31058,0.28463,0.14721,0.047333,0.0045918,0.014809,0.23297,0.2961,0.28458,0.095968,0.068844,0.013533,0.00024684,0.0077562
0.07002,0.14735,0.31903,0.30952,0.11621,0.030416,0.0038137,0.0036391,0.22657,0.33011,0.26067,0.10827,0.048324,0.015823,0.0030664,0.0071573
0.083152,0.17886,0.28072,0.31143,0.10841,0.028522,0.00015742,0.0087493,0.21351,0.37097,0.20071,0.11368,0.066155,0.027438,0.0013512,0.0061947
0.082126,0.15713,0.32551,0.277,0.10631,0.020222,0.0052642,0.026449,0.23783,0.31264,0.21275,0.12873,0.086119,0.01794,0.00054236,0.0034496
0.082215,0.17164,0.31311,0.26475,0.1157,0.028671,0.00075115,0.023151,0.24906,0.34587,0.21275,0.097911,0.068029,0.018944,0.0011507,0.0062831
0.083284,0.17061,0.31118,0.25494,0.12082,0.03662,0.00039763,0.022153,0.27273,0.3115,0.19065,0.11879,0.070759,0.026129,0.00027023,0.0091861
0.067039,0.15534,0.30742,0.28651,0.13612,0.043699,6.3285e-006,0.0038538,0.26078,0.40186,0.17627,0.075049,0.049081,0.02375,0.0004359,0.012779
0.072684,0.1663,0.34868,0.26141,0.10285,0.031506,0.00038649,0.016173,0.24631,0.32769,0.2231,0.11113,0.051779,0.032051,0.0034006,0.0045433
0.079053,0.16882,0.25673,0.31788,0.13252,0.029228,0.0017628,0.014007,0.20477,0.35344,0.21242,0.10062,0.066135,0.051622,0.00091351,0.01009
0.062288,0.16807,0.32269,0.29751,0.12125,0.010756,2.6932e-006,0.017425,0.19324,0.30878,0.23828,0.12437,0.072994,0.048952,0.00080153,0.012595
0.05812,0.19293,0.31155,0.28679,0.10974,0.028745,0.00026637,0.011854,0.20391,0.34012,0.25884,0.11766,0.032722,0.031964,9.8463e-005,0.014688
0.050395,0.19513,0.28011,0.31588,0.097996,0.040641,0.002988,0.016859,0.19019,0.31725,0.27381,0.12036,0.058317,0.033133,0.0025943,0.0043473
0.070208,0.18001,0.31169,0.28313,0.0987,0.037028,0.0012707,0.017966,0.20419,0.33342,0.25124,0.11754,0.061697,0.020688,0.00028664,0.010937
0.071161,0.15904,0.27852,0.33509,0.11295,0.028459,0.00025046,0.014521,0.23376,0.2909,0.23161,0.13105,0.068455,0.036432,0.0024443,0.0053437
0.070809,0.16414,0.29756,0.29439,0.11387,0.033393,0.0002797,0.025558,0.2661,0.272,0.19834,0.10861,0.10112,0.043868,0.0074796,0.0024774
0.078923,0.15001,0.32988,0.27354,0.12089,0.023086,0.00089612,0.022775,0.20346,0.3377,0.19373,0.10638,0.10005,0.047254,0.00084292,0.01058
0.04062,0.17435,0.32341,0.30883,0.11175,0.022259,7.1655e-005,0.0187,0.18096,0.27774,0.24285,0.1487,0.11304,0.034437,0.00051976,0.0017549
0.045202,0.17122,0.31324,0.30777,0.11824,0.02585,0.0026596,0.015818,0.24312,0.23643,0.27778,0.12746,0.088985,0.019153,0.0013755,0.0056941
0.061362,0.18661,0.31456,0.28296,0.10698,0.035171,0.00039313,0.011967,0.20229,0.30224,0.24922,0.10335,0.10899,0.025192,0.0039987,0.0047337
0.093641,0.13939,0.27887,0.29103,0.13033,0.059204,0.00033707,0.0071978,0.14842,0.34824,0.26775,0.133,0.0825,0.019366,0.00033046,0.00038517
0.11978,0.15269,0.32483,0.26823,0.088924,0.030212,0.00012867,0.015209,0.19314,0.33206,0.22224,0.13865,0.078156,0.020477,0.0078735,0.0074085
0.086351,0.17542,0.31035,0.27457,0.11219,0.01931,0.0039845,0.017821,0.22342,0.29949,0.22499,0.12998,0.070213,0.028703,0.0040701,0.019129
0.075082,0.176,0.29033,0.27723,0.104,0.033654,0.0038174,0.039882,0.1669,0.3052,0.28061,0.11953,0.071892,0.020626,0.0033852,0.031867
0.058955,0.19219,0.26937,0.35205,0.067269,0.036204,0.013304,0.010661,0.17669,0.32091,0.2514,0.12774,0.087834,0.023905,0.002841,0.0086857
0.076887,0.19444,0.25914,0.29552,0.13606,0.020578,0.0042299,0.013144,0.19821,0.299,0.22871,0.11858,0.092715,0.038497,0.0014121,0.022867
0.064424,0.18107,0.26199,0.31747,0.097289,0.053731,0.0030382,0.020982,0.22082,0.31588,0.22564,0.13536,0.070577,0.011855,0.0029749,0.016896
0.085006,0.17064,0.25961,0.29836,0.11674,0.05773,0.0025113,0.009419,0.19104,0.33256,0.22131,0.11614,0.089116,0.031919,0.005816,0.012096
0.092269,0.16037,0.26177,0.31484,0.10876,0.042432,0.0011629,0.018394,0.16441,0.26192,0.3041,0.14523,0.083614,0.033693,0.0051885,0.0018541
0.088714,0.14734,0.2937,0.298,0.11238,0.040538,0.00032422,0.019005,0.21773,0.28417,0.29789,0.099144,0.057781,0.035237,0.001346,0.0066963
0.076047,0.18074,0.27855,0.27632,0.10906,0.067058,0.00033868,0.011888,0.20953,0.32283,0.2277,0.15409,0.059769,0.023382,0.00047986,0.0022306
0.065296,0.15342,0.31115,0.29045,0.099059,0.05242,0.002968,0.025236,0.25725,0.25431,0.26073,0.14653,0.061738,0.01909,0.00011758,0.00022604
0.083658,0.17563,0.26617,0.3158,0.101,0.040176,0.0014982,0.016065,0.19357,0.29708,0.27985,0.13109,0.075258,0.022364,7.6053e-006,0.00078671
0.12017,0.20733,0.211,0.27,0.11961,0.034882,0.00040138,0.036595,0.21688,0.25604,0.30479,0.11497,0.080965,0.020865,0.0013673,0.0041157
0.11936,0.17071,0.23246,0.26094,0.11672,0.064543,0.0045921,0.030685,0.20275,0.26815,0.2612,0.13725,0.082642,0.036307,0.00018441,0.011518
0.08275,0.15696,0.27151,0.28812,0.13062,0.047899,0.00036483,0.021786,0.24888,0.29241,0.24243,0.13034,0.047521,0.033605,0.00038982,0.0044285
0.12644,0.14415,0.26396,0.30855,0.09909,0.049583,0.0006443,0.0075894,0.20813,0.32831,0.24455,0.14428,0.046748,0.024299,3.5478e-008,0.0036824
0.1058,0.16528,0.25343,0.30358,0.10147,0.050353,0.0024601,0.017625,0.24682,0.27664,0.25576,0.12412,0.073792,0.013177,6.3539e-008,0.0096897
0.080511,0.16559,0.30567,0.2907,0.078234,0.064949,0.0047429,0.0096018,0.19049,0.31721,0.28206,0.09254,0.085556,0.011858,8.5355e-006,0.02028
0.062196,0.15545,0.25376,0.33877,0.099954,0.06841,0.0024043,0.019054,0.23782,0.29044,0.25198,0.12827,0.069006,0.017463,0.0002144,0.0048055
0.061916,0.18044,0.26537,0.26906,0.16235,0.042032,0.0062391,0.012595,0.182,0.36485,0.18834,0.16692,0.065716,0.025672,0.002059,0.0044533
0.10609,0.13592,0.29479,0.26447,0.12605,0.057554,0.0025646,0.012558,0.19538,0.33773,0.24321,0.10664,0.06668,0.036333,0.0034464,0.010583
0.10307,0.1124,0.29467,0.33368,0.1117,0.033805,0.00098807,0.009675,0.18993,0.31209,0.24402,0.13733,0.076819,0.02317,0.004753,0.011893
0.090989,0.11948,0.2648,0.3465,0.10324,0.060136,0.0015197,0.013333,0.19952,0.35833,0.22417,0.11144,0.082973,0.013316,0.0010741,0.0091659
0.069442,0.15958,0.28198,0.30251,0.10254,0.055802,0.0013919,0.026753,0.24749,0.34894,0.18966,0.091485,0.081149,0.030469,0.00080063,0.010012
0.073289,0.136,0.27855,0.28987,0.13027,0.069904,6.0585e-005,0.022054,0.21245,0.4042,0.19056,0.1087,0.055075,0.017054,0.0025595,0.0094035
0.056668,0.14262,0.32299,0.26182,0.14892,0.048399,0.0029587,0.015623,0.1952,0.37026,0.18104,0.14291,0.070027,0.034735,0.0020917,0.0037364
0.11302,0.13648,0.29843,0.29009,0.09881,0.051745,8.4301e-005,0.011346,0.19394,0.30438,0.24159,0.14332,0.077287,0.027364,0.0055496,0.0065696
0.069639,0.16579,0.29546,0.29424,0.087281,0.072945,0.00013892,0.014508,0.15028,0.33032,0.27338,0.13568,0.079584,0.023096,0.0021213,0.0055414
0.082846,0.16558,0.29629,0.28932,0.099814,0.04484,0.0024521,0.018865,0.23505,0.28868,0.23319,0.12562,0.090518,0.023125,2.3537e-007,0.0038082
0.096271,0.1463,0.27685,0.31289,0.11464,0.043916,0.0024216,0.0067091,0.21607,0.37569,0.22459,0.096053,0.040862,0.042582,0.0028136,0.0013427
0.10189,0.12482,0.27415,0.31675,0.10265,0.060838,0.00085856,0.018051,0.27263,0.27535,0.20179,0.10682,0.069854,0.061821,0.002714,0.0090105
0.10478,0.13249,0.30977,0.25661,0.12136,0.044573,9.1105e-005,0.030324,0.20977,0.34591,0.20889,0.14167,0.056419,0.028089,0.00056979,0.0086894
0.090844,0.14789,0.28666,0.28689,0.11537,0.053074,0.00044924,0.01882,0.20131,0.31136,0.2135,0.16881,0.06147,0.039482,0.00095013,0.003122
0.063206,0.11439,0.30299,0.32319,0.12329,0.055384,7.5224e-005,0.01747,0.21751,0.27812,0.24982,0.13648,0.074235,0.029475,0.0032309,0.011128
0.05382,0.14564,0.25319,0.31861,0.17204,0.04996,0.00035729,0.0063854,0.2138,0.32216,0.21771,0.12564,0.092818,0.015664,0.0069638,0.0052408
0.03303,0.16266,0.33463,0.28325,0.11185,0.06703,0.00314,0.004409,0.24446,0.31416,0.21122,0.14397,0.046596,0.021851,0.00055175,0.017195
0.069932,0.12479,0.30904,0.29197,0.10701,0.068634,0.0046926,0.023936,0.15785,0.34251,0.26219,0.14161,0.061471,0.018522,0.0003223,0.015517
0.11961,0.147,0.28326,0.3297,0.074023,0.0372,0.00032676,0.0088731,0.18272,0.35117,0.2406,0.11918,0.07927,0.022485,5.5473e-005,0.0045237
0.079445,0.18345,0.27783,0.31199,0.088338,0.046629,0.00088127,0.011432,0.19895,0.33113,0.23482,0.14272,0.05952,0.03189,0.00037843,0.00059603
0.07655,0.15666,0.26882,0.31285,0.11895,0.042626,0.0027007,0.020848,0.18883,0.25184,0.30613,0.12315,0.083313,0.033251,0.00014144,0.013345
0.086028,0.14903,0.25321,0.31507,0.10957,0.04791,0.0089898,0.030195,0.20922,0.31869,0.31369,0.090112,0.042791,0.019797,4.2616e-005,0.0056547
0.065488,0.15682,0.2452,0.30175,0.16516,0.035167,0.007845,0.022565,0.23658,0.25939,0.31032,0.093133,0.078569,0.019336,0.0001632,0.002517
0.07241,0.14094,0.29126,0.2397,0.15101,0.079852,0.0046787,0.020154,0.24367,0.30119,0.24001,0.14011,0.052845,0.020539,0.00014363,0.001498
0.073513,0.1501,0.31298,0.25228,0.11445,0.061861,0.011977,0.02284,0.21736,0.3392,0.22113,0.1378,0.054596,0.022472,0.00050126,0.0069451
0.081073,0.1446,0.3163,0.26623,0.10665,0.050181,0.015107,0.019857,0.19919,0.34212,0.20901,0.12417,0.052647,0.063931,0.0042938,0.0046353
0.093457,0.17186,0.2836,0.28184,0.10358,0.049444,0.001759,0.014458,0.24765,0.34335,0.22908,0.081186,0.058203,0.030346,5.8357e-006,0.010181
0.11414,0.14393,0.2511,0.30915,0.10433,0.065533,0.0017924,0.010028,0.21972,0.29806,0.28939,0.09459,0.072342,0.022707,0.00047946,0.0027088
0.095196,0.17978,0.26957,0.25081,0.1185,0.064826,0.0014877,0.019827,0.23248,0.31775,0.26506,0.10366,0.053345,0.010441,5.2135e-009,0.017266
0.065603,0.19066,0.30924,0.28284,0.094047,0.033278,0.0078585,0.01648,0.23426,0.29243,0.23726,0.15108,0.048402,0.024912,1.7559e-006,0.011649
0.054527,0.16276,0.33855,0.2835,0.084342,0.053738,0.0039683,0.018608,0.21274,0.29604,0.23368,0.12669,0.094111,0.023845,1.2588e-005,0.012881
0.084023,0.17455,0.31502,0.22617,0.11809,0.04911,0.0016734,0.031362,0.18312,0.39506,0.19724,0.13586,0.05778,0.022187,0.00019087,0.0085653
0.068016,0.1336,0.28117,0.28932,0.15834,0.051754,0.0049742,0.012822,0.2279,0.2848,0.23896,0.14753,0.05281,0.046132,9.4765e-005,0.0017639
0.076665,0.15019,0.30378,0.30794,0.091556,0.059888,0.0030334,0.0069393,0.21687,0.28172,0.2502,0.12943,0.076682,0.04356,2.3589e-010,0.001538
0.079063,0.17593,0.27941,0.27139,0.13351,0.042441,0.0076512,0.010604,0.22439,0.2773,0.28007,0.12643,0.064967,0.020537,0.0022945,0.0040157
0.068356,0.15282,0.29844,0.29096,0.1105,0.054661,0.0027471,0.021518,0.24092,0.30332,0.25734,0.12724,0.055006,0.009601,0.00061821,0.0059537
0.064753,0.15626,0.34713,0.2714,0.085855,0.041992,0.0026999,0.029911,0.22387,0.31925,0.26152,0.11276,0.071057,0.0091174,7.0503e-005,0.0023594
0.064214,0.16636,0.27638,0.28388,0.12329,0.058206,0.012059,0.01561,0.21212,0.3323,0.27533,0.10366,0.042826,0.0251,6.8342e-009,0.0086775
0.059277,0.14716,0.29172,0.28259,0.12022,0.059971,0.019477,0.019589,0.25161,0.25855,0.25477,0.1154,0.074389,0.033239,0.0014829,0.010562
0.057496,0.14973,0.30283,0.30111,0.095797,0.052279,0.0096374,0.031124,0.24957,0.22348,0.29692,0.11759,0.069584,0.035398,0.00078574,0.0066766
0.065252,0.21574,0.30326,0.25566,0.092476,0.050855,0.0069054,0.0098429,0.24353,0.25442,0.26925,0.15056,0.058123,0.01643,0.0048816,0.0028034
0.078692,0.15769,0.31904,0.23883,0.12048,0.056237,0.0049775,0.02405,0.24501,0.23781,0.30409,0.10435,0.059803,0.039645,0.001627,0.0076612
0.04096,0.20627,0.25953,0.24557,0.1484,0.073777,0.011028,0.014462,0.27356,0.28585,0.21308,0.14889,0.068052,0.0097331,2.6047e-005,0.00080524
0.057797,0.18482,0.28793,0.23401,0.16316,0.052265,0.010155,0.0098653,0.23457,0.3415,0.23397,0.10513,0.06553,0.013445,0.00014652,0.0057159
0.0691,0.16126,0.34675,0.22753,0.087381,0.073302,0.013809,0.020866,0.23779,0.3046,0.23461,0.11756,0.086645,0.010259,0.0049371,0.0035885
0.059668,0.18327,0.32456,0.22109,0.084763,0.10532,0.0090054,0.012336,0.21699,0.29752,0.28087,0.12894,0.063161,0.011224,8.7681e-010,0.0012962
0.05744,0.18377,0.29037,0.31252,0.067952,0.077119,0.0020836,0.0087494,0.205,0.31742,0.21084,0.14169,0.070613,0.036063,0.0064252,0.01194
0.043659,0.15936,0.28699,0.34619,0.07222,0.05044,0.010404,0.030742,0.21334,0.33237,0.24254,0.090024,0.081307,0.032167,0.00036029,0.0079015
0.040317,0.20963,0.2644,0.29458,0.091777,0.079821,0.0025963,0.016876,0.21456,0.36257,0.19615,0.11763,0.073854,0.034311,0.00019492,0.0007325
0.041593,0.22658,0.24556,0.27798,0.10312,0.087615,0.0045049,0.013059,0.20922,0.3157,0.22665,0.081389,0.14411,0.015836,0.00081785,0.0062738
0.036309,0.17535,0.29226,0.30851,0.087446,0.075488,0.0012496,0.023385,0.25845,0.28301,0.23889,0.10152,0.083869,0.020702,0.0025768,0.010982
0.049894,0.14716,0.30524,0.28493,0.13347,0.060384,0.0034371,0.015493,0.25107,0.29715,0.26216,0.082306,0.084825,0.015611,0.0025931,0.0042858
0.05881,0.17803,0.31373,0.25443,0.11733,0.061889,0.0027434,0.013042,0.20739,0.31344,0.27247,0.10999,0.082303,0.011209,0.00010312,0.0030981
0.062617,0.17626,0.27047,0.29684,0.073316,0.075914,0.016081,0.028504,0.2056,0.31178,0.26155,0.10102,0.069572,0.036249,0.00095502,0.013275
0.054135,0.1601,0.33785,0.27424,0.094095,0.062072,0.0009069,0.016608,0.24187,0.28956,0.25659,0.09332,0.076912,0.027271,0.0016058,0.012868
0.053419,0.16366,0.32229,0.26273,0.099913,0.061799,0.012402,0.023786,0.21383,0.27602,0.2757,0.11694,0.07415,0.017485,0.001951,0.023924
0.053017,0.13246,0.29627,0.32515,0.083412,0.08787,0.0004013,0.021419,0.22728,0.23893,0.269,0.13008,0.11159,0.013114,0.0033919,0.006616
0.062613,0.12568,0.302,0.29989,0.10999,0.070773,0.0076166,0.021431,0.25105,0.26144,0.2398,0.14648,0.090554,0.0047443,0.00034794,0.0055867
0.092955,0.16433,0.29641,0.27608,0.092394,0.059044,0.0052273,0.013554,0.22761,0.3068,0.22212,0.14526,0.085409,0.0029848,0.0033472,0.0064669
0.085926,0.16026,0.28924,0.28616,0.084455,0.084202,0.0019339,0.0078164,0.24133,0.2712,0.21357,0.17129,0.082906,0.009382,0.005837,0.004476
0.094936,0.14487,0.30554,0.27777,0.094585,0.048197,0.00055357,0.033548,0.28081,0.29872,0.19937,0.14292,0.063263,0.010457,4.1583e-006,0.0044688
0.064161,0.15554,0.33225,0.28472,0.094848,0.052921,0.00011156,0.015442,0.26794,0.28744,0.25484,0.13138,0.049331,0.0041784,0.00056342,0.0043157
0.088635,0.12801,0.31011,0.31245,0.092079,0.045899,0.0008464,0.021972,0.26574,0.27261,0.23423,0.13615,0.059063,0.02197,0.0002767,0.009955
0.065399,0.14232,0.32638,0.32167,0.094917,0.030591,2.8386e-005,0.018697,0.28417,0.30653,0.19066,0.12906,0.051152,0.029253,0.0019849,0.0071845
0.070178,0.13717,0.32858,0.31153,0.09813,0.02935,3.373e-016,0.025061,0.25308,0.26372,0.2238,0.10814,0.094934,0.033797,0.00051315,0.02201
0.078333,0.19309,0.28779,0.27837,0.10405,0.047512,1.0482e-007,0.010854,0.2635,0.27724,0.20102,0.12735,0.090538,0.018435,0.0009212,0.021008
0.088456,0.17237,0.27454,0.30013,0.11034,0.042979,0.00015819,0.011025,0.33777,0.24798,0.15893,0.14533,0.08082,0.021417,0.0037333,0.0040141
0.067335,0.14854,0.24077,0.33419,0.10628,0.07639,7.6279e-006,0.026486,0.28827,0.26489,0.16616,0.1403,0.10111,0.027052,0.003428,0.0087918
0.041315,0.16198,0.3047,0.32937,0.10105,0.046219,0.00021744,0.015141,0.2868,0.24969,0.22275,0.12338,0.063644,0.024724,0.0091911,0.019835
0.071154,0.16726,0.30177,0.28934,0.093958,0.056467,0.00032447,0.01973,0.24328,0.25196,0.2475,0.14793,0.073218,0.026618,0.00047426,0.0090278
0.066627,0.1482,0.27333,0.3442,0.086544,0.054357,0.00030335,0.026432,0.25557,0.30286,0.20453,0.14904,0.060994,0.014942,0.0041857,0.0078716
0.12333,0.12624,0.28681,0.26161,0.13162,0.05039,0.0034711,0.016526,0.22035,0.29834,0.21052,0.16676,0.055243,0.024209,0.0036129,0.020967
0.087848,0.1357,0.27823,0.29421,0.096375,0.079397,0.016446,0.011789,0.21862,0.28458,0.22963,0.15729,0.073156,0.0212,0.008716,0.0068045
0.070506,0.1742,0.28706,0.28783,0.10578,0.057661,0.0062717,0.010698,0.23863,0.29966,0.23623,0.14627,0.053297,0.013022,0.0058793,0.0070072
0.067375,0.1652,0.27214,0.30877,0.12659,0.044382,0.0075225,0.0080144,0.27293,0.31231,0.17902,0.13446,0.068529,0.022826,0.00051309,0.0094073
0.044423,0.15702,0.30792,0.27633,0.12384,0.059126,0.011302,0.020045,0.26145,0.32201,0.20901,0.10715,0.059133,0.018801,0.016507,0.0059336
0.058955,0.16697,0.26605,0.30297,0.1108,0.062847,0.0090541,0.022359,0.23763,0.33116,0.23975,0.088907,0.059359,0.025929,0.013072,0.0042019
0.081376,0.16286,0.26446,0.30079,0.089441,0.076127,0.0029373,0.022003,0.27102,0.27718,0.24683,0.097403,0.052919,0.046642,0.0015351,0.0064684
0.058018,0.16778,0.26625,0.31874,0.08272,0.071135,0.011784,0.023575,0.26238,0.3138,0.25561,0.096535,0.054048,0.0098214,0.00061569,0.0071815
0.073164,0.16128,0.30776,0.25635,0.071603,0.083465,0.0071528,0.039234,0.291,0.28972,0.17357,0.13345,0.061902,0.016185,0.012841,0.021339
0.075393,0.16315,0.32802,0.22521,0.092324,0.074945,0.0044966,0.036455,0.25617,0.34454,0.1548,0.15613,0.053774,0.023342,0.0037745,0.0074775
0.083508,0.1376,0.30114,0.25956,0.093372,0.092629,0.0031675,0.029017,0.28873,0.24484,0.21489,0.10569,0.080603,0.039879,0.016189,0.0091795
0.078204,0.14622,0.34171,0.2566,0.089376,0.056849,0.0086188,0.022421,0.24902,0.26003,0.26749,0.1225,0.058939,0.031333,0.0070695,0.0036113
0.081672,0.15696,0.25056,0.29199,0.099905,0.1054,0.0036911,0.0098182,0.27284,0.27721,0.22166,0.10449,0.10496,0.011375,0.001709,0.0057552
0.099041,0.18766,0.27384,0.25712,0.091686,0.07318,0.00098689,0.016488,0.26744,0.31633,0.25008,0.070257,0.059626,0.021779,0.0089901,0.0055008
0.077004,0.18309,0.29998,0.28491,0.097798,0.04721,0.0028187,0.007196,0.23129,0.28915,0.23126,0.1125,0.091864,0.031057,0.001925,0.010956
0.09467,0.1629,0.2887,0.29112,0.084559,0.06505,0.00092653,0.012075,0.24031,0.27888,0.24342,0.11796,0.082136,0.034349,0.0009498,0.0019928
0.093794,0.16039,0.32668,0.25818,0.072399,0.053667,0.0031159,0.031773,0.2469,0.31688,0.20987,0.10724,0.087859,0.026967,4.2467e-005,0.0042451
0.10745,0.14005,0.30016,0.3009,0.096497,0.047499,0.0014084,0.0060268,0.25566,0.27325,0.26079,0.086243,0.070688,0.046327,0.00064994,0.0063938
0.0885,0.1778,0.32365,0.26841,0.092294,0.037368,0.0029141,0.009061,0.21761,0.27841,0.25072,0.13451,0.080924,0.034213,0.0017254,0.0018947
0.09449,0.15833,0.30043,0.27716,0.12132,0.041981,5.9403e-007,0.0062832,0.22568,0.29693,0.25776,0.088849,0.088077,0.040797,2.8835e-008,0.0019038
0.071446,0.1478,0.3469,0.26468,0.10841,0.047062,0.0045067,0.0091925,0.2135,0.3447,0.22403,0.11022,0.055376,0.043388,4.6424e-007,0.0087934
0.074913,0.13783,0.32419,0.28065,0.12454,0.039383,0.0017267,0.016759,0.21892,0.29495,0.24667,0.16502,0.030921,0.027006,0.00036106,0.016142
0.081041,0.14854,0.31118,0.27913,0.089364,0.069459,0.0043736,0.016914,0.20921,0.28777,0.27037,0.16627,0.04028,0.017958,1.1749e-005,0.0081354
0.096116,0.15631,0.27557,0.29098,0.084289,0.056238,0.0032011,0.037299,0.16571,0.30836,0.23152,0.1536,0.096825,0.032752,0.00021133,0.011021
0.064194,0.15681,0.28309,0.33263,0.095526,0.039647,0.0011175,0.02698,0.20987,0.27312,0.26322,0.15739,0.067798,0.020431,0.0016405,0.006521
0.070925,0.1699,0.30751,0.28847,0.11631,0.037133,0.00054734,0.0092054,0.2133,0.28904,0.23247,0.11218,0.082583,0.045525,0.0058563,0.019055
0.10086,0.16052,0.30539,0.29215,0.097528,0.030447,0.003736,0.0093665,0.19651,0.32096,0.25438,0.10447,0.092598,0.020441,0.0032907,0.0073388
0.072855,0.18471,0.34032,0.26498,0.070057,0.058852,0.00038196,0.0078527,0.23163,0.31438,0.23794,0.10379,0.068286,0.02551,0.0016483,0.016813
0.072261,0.17152,0.33368,0.25928,0.094565,0.032158,0.0033225,0.033206,0.18398,0.32621,0.2318,0.11344,0.10667,0.033246,0.0044324,0.00021673
0.074003,0.1193,0.30718,0.30733,0.13348,0.041835,0.0049775,0.01189,0.20967,0.33484,0.21901,0.13429,0.06318,0.025084,3.5725e-005,0.013887
0.052684,0.095282,0.30907,0.29601,0.13775,0.072835,0.0131,0.023278,0.22008,0.34411,0.22949,0.10464,0.07528,0.014931,0.002258,0.0092053
0.089964,0.11313,0.31102,0.2969,0.10108,0.060351,0.0055984,0.021953,0.2134,0.28443,0.2424,0.15442,0.089893,0.012586,0.0012228,0.0016554
0.068825,0.13838,0.31776,0.29365,0.10582,0.054504,0.008513,0.01255,0.19213,0.33204,0.26259,0.080548,0.10101,0.026511,0.0011424,0.004034
0.079178,0.13036,0.37518,0.29036,0.071203,0.040639,0.0014759,0.01161,0.20917,0.27355,0.29777,0.074438,0.082525,0.045206,0.015101,0.0022424
0.064307,0.14861,0.37616,0.25986,0.07489,0.040093,0.0099721,0.026109,0.21436,0.277,0.27281,0.11131,0.10354,0.013227,0.00086308,0.006898
0.052739,0.18454,0.3347,0.27521,0.09445,0.040809,0.0047451,0.012804,0.23969,0.2915,0.22162,0.13607,0.088143,0.0072286,0.00633,0.0094227
0.067102,0.15373,0.29198,0.30417,0.1102,0.06171,0.0001362,0.010973,0.23952,0.28522,0.21514,0.10999,0.07404,0.040522,0.0048051,0.030757
0.065086,0.16685,0.28979,0.29158,0.088649,0.077751,0.0040153,0.016278,0.2973,0.23348,0.19985,0.1202,0.090214,0.044457,0.0014316,0.01307
0.057798,0.17881,0.29169,0.2619,0.11933,0.060979,9.7387e-005,0.029393,0.25918,0.29977,0.19207,0.10141,0.08136,0.038319,0.0015717,0.026311
0.056333,0.18494,0.31459,0.28379,0.083954,0.060599,0.00034857,0.015444,0.29283,0.27223,0.19802,0.13535,0.055546,0.03699,0.0075322,0.0015009
0.080754,0.13325,0.32951,0.28541,0.10535,0.045169,0.00065215,0.019903,0.24259,0.29812,0.27176,0.093467,0.053501,0.035982,0.0031114,0.0014665
0.061334,0.14331,0.32356,0.27369,0.1046,0.069149,0.0039784,0.020384,0.25088,0.29283,0.2437,0.089859,0.097717,0.019107,0.0013743,0.0045365
0.059822,0.15105,0.29744,0.26717,0.13189,0.051756,0.0020373,0.038831,0.25724,0.28473,0.19624,0.1267,0.088862,0.033379,0.00049975,0.012352
0.057568,0.15142,0.25951,0.29044,0.12393,0.097687,0.0033133,0.016128,0.23145,0.29077,0.26277,0.11585,0.063078,0.020106,0.0096287,0.0063406
0.051735,0.15379,0.27938,0.28026,0.11819,0.080071,0.0041359,0.032445,0.19675,0.32703,0.23163,0.10137,0.11485,0.020224,0.00013385,0.0080074
0.057608,0.17562,0.29697,0.27175,0.10178,0.059199,0.0021906,0.03488,0.2775,0.29913,0.22398,0.10559,0.051109,0.016479,0.014731,0.011487
0.07051,0.17133,0.33665,0.26653,0.092672,0.041154,0.0038506,0.017293,0.24262,0.3139,0.2191,0.12466,0.071264,0.021592,0.0059139,0.00095878
0.067636,0.18267,0.29732,0.28397,0.12062,0.031502,0.0021925,0.014094,0.18864,0.31722,0.27668,0.12694,0.062923,0.018397,0.0011778,0.0080206
0.086407,0.1404,0.27192,0.25998,0.1608,0.057671,0.0078077,0.015013,0.1782,0.31853,0.28075,0.12466,0.051112,0.034804,2.8597e-006,0.011936
0.099239,0.13986,0.29421,0.28134,0.10138,0.060881,0.00061601,0.022465,0.2276,0.28126,0.24625,0.1557,0.05318,0.033292,0.0013218,0.0013939
0.099214,0.14832,0.27657,0.28043,0.12053,0.05752,0.00099486,0.016421,0.16518,0.30822,0.27347,0.15294,0.082661,0.012732,1.0946e-006,0.0047976
0.068849,0.12194,0.33889,0.24132,0.14563,0.071543,0.003453,0.0083828,0.16879,0.31828,0.26603,0.14061,0.078498,0.024632,0.00014226,0.0030165
0.093308,0.16636,0.37719,0.19851,0.090334,0.051312,0.0055298,0.017461,0.12751,0.33892,0.2495,0.14115,0.10079,0.0394,0.00095089,0.0017762
0.095189,0.14561,0.31103,0.27319,0.079298,0.059243,0.0069276,0.029515,0.20183,0.35857,0.22258,0.10233,0.090156,0.020654,0.00044608,0.0034369
0.083567,0.14771,0.31862,0.32276,0.054287,0.026103,0.00067974,0.046268,0.23569,0.34898,0.2214,0.10789,0.065429,0.01242,0.0013065,0.0068788
0.094281,0.12604,0.31641,0.3079,0.10443,0.032197,0.00086742,0.017881,0.17158,0.3383,0.23966,0.17224,0.0433,0.025928,0.0021511,0.006838
0.058637,0.1061,0.32647,0.33074,0.11369,0.036595,0.00087658,0.026902,0.13774,0.30666,0.30044,0.15813,0.069445,0.020983,0.0025587,0.00404
0.074701,0.15362,0.3028,0.28835,0.11764,0.048138,0.0026319,0.012125,0.21863,0.34843,0.22367,0.12456,0.066943,0.0073143,0.00061622,0.0098304
0.072538,0.15842,0.31658,0.26715,0.1133,0.045239,1.4379e-008,0.026779,0.18664,0.33256,0.25931,0.11087,0.099001,0.010289,0.00035729,0.00097087
0.077843,0.15168,0.29613,0.31792,0.087972,0.053943,0.0011036,0.013412,0.1904,0.28914,0.26983,0.13477,0.093154,0.018185,0.00010945,0.0044077
0.070688,0.17805,0.29604,0.26115,0.11506,0.062397,0.0017718,0.014853,0.17077,0.33486,0.27526,0.14642,0.051478,0.018198,0.00091216,0.0021128
0.081431,0.13552,0.31976,0.26027,0.11709,0.063477,0.0013984,0.021056,0.17263,0.3312,0.24362,0.142,0.082351,0.02546,0.00027574,0.0024649
0.066837,0.16866,0.32835,0.25695,0.11128,0.039814,0.0014677,0.026651,0.18586,0.28929,0.2471,0.16299,0.051085,0.058015,0.0011909,0.0044728
0.059993,0.15304,0.29856,0.31196,0.11116,0.044608,0.0014565,0.019231,0.23548,0.26794,0.21396,0.17507,0.079328,0.020268,0.00056532,0.0073863
0.073965,0.14369,0.29899,0.33597,0.085381,0.035552,0.0084081,0.018049,0.20622,0.27051,0.26729,0.13387,0.086231,0.018823,0.0053635,0.011698
0.088915,0.15832,0.27491,0.32158,0.10143,0.033228,0.0007562,0.020858,0.20227,0.2287,0.34054,0.13533,0.067002,0.019382,0.0023147,0.0044488
0.095085,0.16695,0.24573,0.33846,0.079082,0.052449,0.0021608,0.020084,0.19603,0.26064,0.28482,0.14361,0.074404,0.017058,0.006278,0.017157
0.10721,0.15935,0.28381,0.29564,0.092955,0.052536,0.00020139,0.0082918,0.23055,0.25357,0.22754,0.14564,0.090666,0.037454,0.0020644,0.012507
0.10975,0.14774,0.28386,0.25874,0.11404,0.060206,0.0035336,0.02213,0.19768,0.26,0.24802,0.17519,0.10075,0.00097088,0.0091007,0.0082923
0.046594,0.18023,0.33922,0.26021,0.084291,0.060783,0.0058585,0.022819,0.20923,0.22201,0.28122,0.1782,0.089112,0.015131,0.00068458,0.0044098
0.064752,0.17538,0.3221,0.27329,0.076642,0.062286,0.00029133,0.025257,0.17182,0.27606,0.2698,0.183,0.06309,0.023521,0.0021063,0.010596
0.064534,0.1933,0.29784,0.26949,0.11436,0.047675,0.00042027,0.012375,0.22674,0.20849,0.27834,0.14052,0.089087,0.032685,0.0014356,0.0227
0.083471,0.17354,0.27693,0.30881,0.098306,0.044202,3.8694e-005,0.014712,0.25639,0.25498,0.24516,0.13159,0.070634,0.020099,2.5999e-006,0.02114
0.075351,0.16776,0.31299,0.28594,0.092452,0.039131,0.00052425,0.025849,0.28398,0.23914,0.2187,0.13564,0.082469,0.018532,0.0018579,0.019681
0.067435,0.13426,0.34927,0.2486,0.10059,0.080142,8.9798e-005,0.019613,0.26584,0.22684,0.25018,0.15138,0.042301,0.047408,0.0028235,0.013222
0.087451,0.17567,0.31295,0.24278,0.081458,0.072495,0.0001457,0.02705,0.24492,0.25636,0.26966,0.13804,0.058565,0.023157,0.0044947,0.0048055
0.082474,0.13408,0.34788,0.26731,0.093996,0.055749,0.0012254,0.017281,0.20225,0.2513,0.31769,0.13846,0.057042,0.021724,0.0006796,0.010866
0.063528,0.11574,0.30488,0.32732,0.099892,0.076143,0.0022531,0.010251,0.18966,0.30173,0.26135,0.19301,0.025414,0.016638,0.0030028,0.0091907
0.075108,0.12575,0.29979,0.31687,0.11786,0.057131,0.0018965,0.0055941,0.2032,0.30902,0.23261,0.1535,0.046326,0.020883,0.0069629,0.027498
0.093286,0.14519,0.26258,0.2878,0.11685,0.066495,0.0087311,0.019068,0.23037,0.32598,0.22108,0.11155,0.067225,0.020946,0.0022369,0.020614
0.088407,0.17284,0.25753,0.30332,0.10025,0.057093,0.0026515,0.017914,0.25342,0.29251,0.24542,0.10533,0.069519,0.020883,0.00048696,0.012444
0.066732,0.18904,0.25277,0.29417,0.1345,0.044156,0.0037726,0.014864,0.22622,0.35148,0.20069,0.10816,0.061644,0.025099,0.0040765,0.022634
0.084534,0.14973,0.28473,0.28388,0.11103,0.058792,0.0032392,0.024066,0.22839,0.27746,0.30855,0.09802,0.062649,0.0087545,0.0012305,0.014937
0.064141,0.15486,0.30789,0.25957,0.12923,0.064461,0.0069103,0.012941,0.21918,0.3332,0.26262,0.12698,0.040028,0.016045,0.001309,0.00062996
0.066401,0.16041,0.28772,0.28287,0.10143,0.068562,0.0065653,0.02604,0.1875,0.3642,0.24947,0.12576,0.053465,0.011395,0.0047722,0.0034387
0.057615,0.15042,0.29726,0.30645,0.11531,0.048971,0.0068666,0.017117,0.2016,0.31838,0.24777,0.075599,0.11736,0.026542,0.0045549,0.0082023
0.070184,0.15752,0.27279,0.26958,0.14874,0.063566,0.0046295,0.012998,0.24369,0.27283,0.27539,0.11939,0.048091,0.035921,0.0041603,0.00052463
0.085724,0.15221,0.26586,0.28743,0.12651,0.070947,0.0052918,0.006032,0.24197,0.23113,0.23494,0.14816,0.085682,0.051698,0.0033916,0.0030197
0.083979,0.14478,0.27434,0.27927,0.12353,0.083943,0.0010727,0.0090818,0.22079,0.26368,0.24759,0.12832,0.092103,0.038793,0.00019825,0.0085318
0.065054,0.1279,0.29923,0.23515,0.17762,0.084057,0.00049049,0.010495,0.19154,0.26739,0.30362,0.14855,0.071553,0.015808,1.5224e-008,0.0015406
0.064535,0.11733,0.27094,0.26684,0.18454,0.057081,0.0015169,0.037223,0.20589,0.29412,0.26236,0.11647,0.10588,0.010871,0.0015185,0.0028912
0.082842,0.16443,0.29498,0.27951,0.10539,0.056195,0.0033714,0.013288,0.22838,0.33208,0.2336,0.10969,0.067848,0.021747,0.0013819,0.0052727
0.062597,0.13747,0.31532,0.30185,0.12301,0.043945,0.0071994,0.008602,0.17277,0.30008,0.29253,0.1642,0.050237,0.012085,0.00016584,0.0079279
0.077925,0.1446,0.31606,0.28339,0.090966,0.076005,0.004017,0.0070376,0.15702,0.34976,0.23733,0.16195,0.053398,0.036926,0.00048628,0.0031399
0.052105,0.12422,0.32055,0.29745,0.10728,0.070666,0.0023071,0.025417,0.19461,0.3625,0.21981,0.11168,0.071655,0.025905,0.0032873,0.01055
0.040291,0.20852,0.26744,0.30997,0.072283,0.072184,0.00095117,0.028357,0.16431,0.30455,0.28905,0.14269,0.077819,0.020548,0.00013225,0.00090557
0.053996,0.19348,0.3272,0.26726,0.055883,0.072627,0.00093048,0.028618,0.18424,0.3285,0.26408,0.11174,0.085806,0.02287,0.00025663,0.0025068
0.077693,0.16298,0.31394,0.29118,0.083541,0.057756,0.00043319,0.012472,0.13733,0.33671,0.29547,0.13455,0.063407,0.021229,0.0010591,0.010256
0.062824,0.17099,0.34752,0.27685,0.084398,0.044394,0.0029228,0.010103,0.18766,0.30618,0.24333,0.17346,0.062092,0.025957,1.2405e-005,0.0013091
0.039082,0.19188,0.37002,0.25643,0.086774,0.036036,0.0071646,0.012604,0.22571,0.32585,0.19283,0.16616,0.073692,0.012979,6.3098e-005,0.0027174
0.050544,0.14428,0.32751,0.31736,0.0938,0.051749,0.0002892,0.014467,0.21965,0.3245,0.26156,0.11022,0.068279,0.0082666,0.00053295,0.0069875
0.055274,0.13731,0.35859,0.28694,0.10733,0.042845,0.00056956,0.011134,0.24046,0.32856,0.23106,0.087324,0.079182,0.025022,0.00049656,0.0079028
0.085101,0.17885,0.27662,0.31031,0.10277,0.039687,0.0012162,0.0054475,0.20133,0.3195,0.29997,0.088028,0.063704,0.017717,0.00056712,0.0091833
0.050776,0.13852,0.29054,0.34042,0.11487,0.041,0.0018799,0.022,0.18497,0.34182,0.27603,0.10433,0.062381,0.012551,0.0023713,0.015543
0.057993,0.15051,0.359,0.29415,0.069262,0.044163,0.0053057,0.019617,0.19619,0.3208,0.27953,0.10203,0.065886,0.019134,0.0046707,0.011767
0.081085,0.14335,0.33955,0.27626,0.096672,0.033549,0.0079256,0.021612,0.19301,0.34669,0.25888,0.10808,0.05378,0.026447,0.0047873,0.0083235
0.056192,0.16693,0.30901,0.30043,0.10128,0.051547,0.00017616,0.014427,0.21214,0.32088,0.25119,0.098793,0.080861,0.026713,0.0063636,0.0030688
0.099649,0.15777,0.29286,0.29311,0.086748,0.044275,0.0010344,0.024557,0.22848,0.29294,0.28704,0.079507,0.073571,0.022489,0.0012791,0.014695
0.057382,0.14624,0.27551,0.36622,0.08281,0.057995,0.00059264,0.013256,0.23785,0.36114,0.21137,0.12936,0.040004,0.014725,0.0006516,0.0048998
0.08807,0.15673,0.30312,0.25922,0.11451,0.055088,0.004739,0.01853,0.25042,0.34542,0.19433,0.11725,0.046313,0.033791,0.00096437,0.011501
0.056428,0.14729,0.37755,0.26523,0.09345,0.040887,0.0021824,0.016981,0.28779,0.30157,0.18075,0.1315,0.060557,0.033277,0.0042429,0.00031786
0.072301,0.14678,0.32666,0.27688,0.115,0.039797,0.0025414,0.02003,0.29238,0.24294,0.23369,0.1378,0.055328,0.032721,0.0047756,0.00035134
0.081134,0.16794,0.29057,0.28768,0.11467,0.02844,0.0067388,0.022816,0.26805,0.30449,0.20161,0.14779,0.047246,0.029311,8.5817e-005,0.001416
0.06996,0.17711,0.31103,0.26543,0.11155,0.041091,0.0021517,0.021678,0.21359,0.25562,0.21379,0.22025,0.067444,0.027414,7.7283e-005,0.0018118
0.065704,0.15577,0.31799,0.27131,0.12948,0.038393,0.0030528,0.018302,0.2003,0.20495,0.26317,0.19248,0.089883,0.043077,4.3834e-005,0.0060956
0.068668,0.15815,0.29172,0.28711,0.12656,0.051742,0.0014372,0.014617,0.27484,0.23342,0.23232,0.17012,0.057759,0.0199,2.1431e-006,0.011646
0.074139,0.18174,0.26051,0.2959,0.099602,0.061016,0.0023959,0.024699,0.19643,0.28008,0.20919,0.15454,0.12917,0.027492,0.00055308,0.0025424
0.058368,0.14757,0.28225,0.34132,0.095627,0.056132,0.0031354,0.015595,0.20345,0.30082,0.24315,0.14348,0.074421,0.025494,0.0089408,0.00024337
0.034274,0.18368,0.31577,0.24592,0.13735,0.068183,0.001099,0.013729,0.2224,0.3065,0.24246,0.12784,0.066657,0.032981,0.00013874,0.0010307
0.086292,0.18845,0.26205,0.24399,0.134,0.065382,0.0065842,0.01325,0.1583,0.35401,0.19622,0.13713,0.096966,0.047288,0.003113,0.0069735
0.067339,0.13372,0.31337,0.2962,0.12572,0.038636,0.0013459,0.023664,0.23543,0.27768,0.23089,0.14785,0.075843,0.030839,7.7564e-005,0.0013874
0.04848,0.18597,0.30978,0.26891,0.10282,0.056408,0.00221,0.025429,0.21655,0.31932,0.22699,0.15032,0.065266,0.017816,7.4631e-008,0.0037382
0.05661,0.16871,0.28669,0.32477,0.11529,0.041092,0.000688,0.0061502,0.26984,0.27843,0.22776,0.14393,0.055732,0.023914,0.00033324,7.2817e-005
0.06321,0.1216,0.29373,0.30968,0.13747,0.053677,0.00040276,0.02023,0.26641,0.25817,0.21448,0.14457,0.073264,0.037171,3.1388e-005,0.0059062
0.08,0.10636,0.28051,0.31656,0.13181,0.074643,0.0006861,0.0094311,0.28634,0.25078,0.21842,0.13519,0.055887,0.028506,0.0011201,0.023755
0.084777,0.11402,0.29473,0.29382,0.12135,0.066734,0.00064874,0.023922,0.23626,0.32463,0.22926,0.12486,0.051652,0.019989,1.0281e-005,0.013341
0.049862,0.12103,0.34112,0.28035,0.12011,0.058957,0.00087236,0.027692,0.25109,0.28457,0.22209,0.10428,0.10091,0.033459,0.00044013,0.0031675
0.050705,0.15961,0.32672,0.29721,0.098327,0.054369,0.0024746,0.010584,0.26657,0.30965,0.19991,0.08977,0.11072,0.011735,0.0013455,0.010301
0.045009,0.17047,0.29773,0.28625,0.12995,0.047425,0.0012785,0.021886,0.26768,0.29566,0.24883,0.091881,0.066403,0.0096997,0.0046144,0.015234
0.063106,0.18681,0.27778,0.27972,0.1416,0.030212,0.0011849,0.01959,0.23867,0.34564,0.23979,0.07819,0.073456,0.015074,0.0058452,0.0033392
0.089085,0.15105,0.3102,0.26734,0.10356,0.050146,0.0031181,0.025506,0.25455,0.31485,0.19846,0.10349,0.077879,0.043956,0.0042507,0.0025631
0.052317,0.17747,0.34977,0.24962,0.10024,0.035429,0.0061079,0.029038,0.24132,0.32567,0.22405,0.086212,0.083661,0.026046,0.0019908,0.011051
0.075982,0.16994,0.30006,0.24612,0.10163,0.065289,0.0012395,0.03974,0.22845,0.32801,0.20176,0.084696,0.090464,0.029513,0.00020106,0.036911
0.058902,0.15439,0.2675,0.29817,0.10911,0.080412,0.0029386,0.028584,0.25182,0.36937,0.18796,0.095072,0.043318,0.037184,0.0025819,0.012696
0.065269,0.13972,0.27611,0.29171,0.11369,0.095133,0.00042341,0.017947,0.27063,0.33313,0.18018,0.1189,0.042678,0.047424,0.00012948,0.0069163
0.064586,0.12949,0.31737,0.28868,0.12016,0.060203,0.00050131,0.01901,0.2828,0.30382,0.18139,0.10884,0.054487,0.058428,6.3795e-006,0.010233
0.081757,0.12831,0.32409,0.28225,0.1079,0.063023,0.00054787,0.01212,0.28906,0.32051,0.16738,0.12331,0.049568,0.03677,0.0063403,0.0070579
0.054649,0.15612,0.3097,0.28438,0.11763,0.063872,0.001405,0.012236,0.28842,0.2743,0.20704,0.14805,0.056294,0.019622,3.662e-005,0.0062273
0.061024,0.17586,0.30232,0.27802,0.10776,0.053135,5.5513e-005,0.021815,0.24721,0.28081,0.24574,0.14872,0.063441,0.013631,0.00011407,0.0003394
0.087716,0.13557,0.3238,0.28705,0.093231,0.059817,0.0018826,0.010932,0.2428,0.3206,0.20899,0.11708,0.074758,0.02172,7.4912e-005,0.013978
0.068929,0.15708,0.28507,0.31559,0.09769,0.05846,0.00085702,0.016319,0.23627,0.30242,0.18503,0.14273,0.071761,0.060244,1.0321e-005,0.0015315
0.066655,0.14994,0.29943,0.26436,0.10995,0.094901,7.0563e-005,0.014696,0.25007,0.2459,0.23724,0.13194,0.081851,0.045948,0.00090544,0.0061492
0.060153,0.14227,0.30487,0.29175,0.11124,0.075226,0.00025645,0.014225,0.23182,0.33044,0.23286,0.099323,0.048483,0.047033,0.0017267,0.0083172
0.079034,0.13991,0.28704,0.30269,0.10273,0.069197,0.0036232,0.015767,0.25368,0.34497,0.22485,0.091608,0.053599,0.019469,0.00022751,0.011597
0.092193,0.18174,0.24596,0.23802,0.14785,0.069155,0.0020041,0.023077,0.21057,0.38368,0.18788,0.11909,0.048073,0.032457,0.010461,0.0077953
0.066326,0.17042,0.29113,0.27277,0.10616,0.065527,0.0010874,0.026578,0.24223,0.26699,0.25397,0.12486,0.054255,0.042539,0.0031538,0.011997
0.082368,0.15217,0.27854,0.26433,0.10651,0.081495,0.0030469,0.031548,0.28095,0.2638,0.26301,0.11855,0.0447,0.019545,0.0012048,0.0082404
0.070632,0.16779,0.29505,0.30658,0.073262,0.056962,0.0073597,0.022366,0.32051,0.25971,0.23993,0.10275,0.042947,0.026224,0.0012311,0.0066999
0.05921,0.13248,0.263,0.3948,0.084079,0.053716,0.0017557,0.010958,0.20449,0.30698,0.24227,0.13991,0.064679,0.027038,0.00084145,0.013797
0.056776,0.15488,0.29542,0.31535,0.10024,0.060005,0.004038,0.013293,0.26312,0.29166,0.23768,0.099878,0.053335,0.037688,0.0043427,0.012306
0.056944,0.11454,0.30032,0.3065,0.13491,0.073312,0.0014672,0.011998,0.23121,0.33501,0.22984,0.12596,0.047631,0.013534,0.0038084,0.013018
0.11354,0.12777,0.26054,0.29512,0.11327,0.064077,0.0016314,0.024057,0.23186,0.34274,0.21873,0.104,0.075915,0.021727,0.00037701,0.0046568
0.10322,0.10914,0.31741,0.26086,0.12835,0.05396,0.00090778,0.026155,0.21601,0.34633,0.20835,0.12019,0.059544,0.042124,0.00015578,0.0072857
0.099935,0.10709,0.30232,0.31927,0.081795,0.060128,0.0073791,0.022071,0.21921,0.33745,0.2554,0.10776,0.037206,0.033494,0.0049287,0.0045634
0.080484,0.10861,0.2737,0.30721,0.15125,0.043817,0.0064283,0.028495,0.20399,0.29734,0.25886,0.13232,0.075481,0.024026,0.00012161,0.0078607
0.080005,0.1344,0.33213,0.23701,0.14636,0.041536,0.0065486,0.02202,0.22904,0.28841,0.25466,0.12867,0.067776,0.015617,0.008462,0.0073667
0.083492,0.13751,0.30143,0.29664,0.12516,0.038883,0.00057898,0.016313,0.2432,0.29844,0.23503,0.11176,0.058515,0.02885,0.0038674,0.020344
0.081431,0.11983,0.34445,0.2733,0.10899,0.046984,0.0011408,0.023886,0.2213,0.35759,0.18962,0.11976,0.072359,0.022169,0.0031292,0.014066
0.065519,0.14569,0.27868,0.30411,0.13537,0.05156,0.0012623,0.017812,0.18991,0.35167,0.24979,0.10867,0.072506,0.01023,0.0063811,0.010843
0.057484,0.16666,0.308,0.28772,0.098156,0.069407,0.00015813,0.012412,0.23914,0.28102,0.25911,0.13051,0.062549,0.017164,0.0058792,0.0046313
0.066103,0.16439,0.32418,0.23561,0.12608,0.06688,0.0037846,0.012974,0.25722,0.28091,0.20816,0.14011,0.060391,0.033365,0.011911,0.0079417
0.068034,0.21445,0.28203,0.28295,0.089466,0.054091,0.0015317,0.0074461,0.23428,0.2874,0.27879,0.093629,0.066734,0.027518,0.00038199,0.011266
0.068539,0.17394,0.28082,0.2797,0.12361,0.048851,0.0011627,0.023381,0.25415,0.26823,0.22084,0.1149,0.10752,0.017834,0.0019946,0.014536
0.057273,0.15516,0.31947,0.28048,0.13254,0.039711,0.0011773,0.014188,0.24095,0.27394,0.22337,0.14037,0.099499,0.016264,0.0031443,0.0024611
0.053193,0.11998,0.33511,0.32119,0.10179,0.058009,0.00054282,0.010188,0.25249,0.34478,0.25202,0.090555,0.039131,0.019045,0.0008206,0.0011511
0.067416,0.14347,0.2815,0.2952,0.15063,0.055325,0.00022741,0.0062351,0.31167,0.29094,0.23077,0.096893,0.031925,0.03478,0.002187,0.00082802
0.06327,0.15647,0.31823,0.26337,0.13152,0.043297,0.0023098,0.021526,0.26812,0.25065,0.2933,0.11796,0.037727,0.023516,0.0030326,0.005687
0.057213,0.17799,0.28466,0.26034,0.1348,0.066783,7.933e-005,0.018125,0.23773,0.27156,0.31541,0.10549,0.049806,0.016227,0.00049436,0.0032787
0.05361,0.16324,0.24889,0.32386,0.10846,0.087045,0.0016758,0.013203,0.22424,0.29277,0.26722,0.1282,0.063814,0.0173,0.00081109,0.005643
0.049873,0.15789,0.3232,0.29762,0.10029,0.058119,0.0047482,0.0082562,0.19189,0.33484,0.28444,0.11396,0.052578,0.0058645,0.0095967,0.0068312
0.079378,0.14728,0.27438,0.29275,0.11809,0.076462,0.0032055,0.0084532,0.23125,0.28883,0.25081,0.10477,0.068256,0.023223,0.0017493,0.031107
0.11151,0.17355,0.28042,0.2714,0.09154,0.051937,0.010286,0.0093643,0.22139,0.30819,0.21694,0.15245,0.072277,0.02633,1.9143e-005,0.0024056
0.10849,0.14059,0.25523,0.31046,0.092316,0.061066,0.0013905,0.030464,0.22934,0.2481,0.24499,0.16078,0.081618,0.028556,0.0014367,0.0051845
0.10326,0.14838,0.28926,0.2734,0.090939,0.069155,0.002982,0.022619,0.21921,0.27486,0.26108,0.14169,0.063151,0.030737,0.0062635,0.0030226
0.092382,0.14275,0.29179,0.29985,0.099097,0.042029,0.0065413,0.025566,0.18301,0.30354,0.27349,0.12741,0.073169,0.027668,0.0027674,0.0089436
0.074744,0.1171,0.28141,0.30065,0.14152,0.070118,0.0014958,0.012965,0.21276,0.27567,0.26486,0.13423,0.055479,0.034459,0.014199,0.0083523
0.075815,0.11693,0.29105,0.30537,0.10659,0.090725,0.0027313,0.01078,0.18839,0.31317,0.2342,0.12995,0.078891,0.044625,0.0028501,0.0079204
0.085032,0.1147,0.27185,0.32685,0.090167,0.097601,0.00018731,0.01361,0.23698,0.23332,0.26938,0.1395,0.062905,0.050808,0.0006035,0.0064997
0.080451,0.13165,0.31541,0.29068,0.099637,0.064982,0.0017792,0.015407,0.24346,0.26811,0.22215,0.15558,0.070986,0.030546,0.00055494,0.008622
0.065728,0.15469,0.35252,0.25681,0.089255,0.047202,6.7401e-005,0.033733,0.24539,0.26314,0.23804,0.13692,0.072498,0.036666,0.0023787,0.0049634
0.10727,0.14043,0.31619,0.26496,0.08156,0.069195,0.0012132,0.01919,0.24172,0.31007,0.21029,0.12776,0.08453,0.025016,0.00011266,0.00050914
0.092532,0.15376,0.29782,0.28084,0.10251,0.055527,1.0371e-005,0.017,0.23308,0.31976,0.23502,0.092323,0.073349,0.035284,0.0014829,0.0097024
0.094991,0.15267,0.31176,0.27558,0.081881,0.059871,0.0018903,0.021356,0.20703,0.29689,0.28473,0.10997,0.065657,0.013217,0.00028643,0.022223
0.084269,0.13698,0.30637,0.28652,0.11532,0.045754,0.00090202,0.023882,0.20468,0.30351,0.26933,0.10207,0.069448,0.046828,0.00015289,0.0039757
0.099153,0.14763,0.3086,0.22059,0.14277,0.056133,0.00098478,0.024139,0.19544,0.33734,0.27092,0.076253,0.085451,0.029969,0.00012687,0.0044968
0.078712,0.17649,0.31421,0.25704,0.096941,0.069848,0.00064911,0.0061121,0.15794,0.3436,0.3033,0.11483,0.057505,0.016436,0.00028683,0.0061026
0.061845,0.16141,0.34199,0.22755,0.12218,0.055959,0.0012364,0.027828,0.16513,0.28091,0.32922,0.13762,0.061176,0.016016,0.0021682,0.007749
0.07757,0.20661,0.25653,0.26599,0.11693,0.049544,0.0052327,0.02159,0.17436,0.30205,0.30825,0.10868,0.076208,0.024142,6.2457e-005,0.0062572
0.065593,0.16584,0.27042,0.32627,0.10474,0.053645,0.0046754,0.0088193,0.2115,0.34326,0.21796,0.11413,0.079549,0.02478,0.00053718,0.0082826
0.062431,0.18117,0.29119,0.32209,0.082616,0.04434,2.2854e-005,0.01614,0.22911,0.31546,0.25278,0.11228,0.06005,0.026766,0.0027509,0.00081017
0.076513,0.17944,0.2702,0.29855,0.094705,0.066182,0.00087578,0.013538,0.16363,0.3534,0.28274,0.080379,0.094694,0.021672,0.00059578,0.0028886
0.066038,0.18953,0.27244,0.30802,0.087181,0.065325,1.3191e-005,0.011451,0.14697,0.35576,0.27175,0.13425,0.065418,0.020782,0.00072039,0.0043546
0.05783,0.16566,0.29658,0.34199,0.089936,0.032688,0.0007067,0.014612,0.20615,0.34,0.25977,0.098805,0.073919,0.014315,0.00048819,0.0065527
0.065356,0.17776,0.31511,0.30266,0.096001,0.031059,0.0004749,0.011579,0.21563,0.33529,0.22882,0.11635,0.084207,0.014155,0.0001868,0.005355
0.087534,0.13661,0.32403,0.29989,0.081231,0.049444,0.0024454,0.01882,0.21656,0.31297,0.24436,0.14218,0.054897,0.027981,2.7251e-005,0.0010257
0.092347,0.17256,0.32763,0.23324,0.081843,0.06946,0.0048845,0.018038,0.21637,0.32627,0.2579,0.13013,0.050004,0.010885,0.00032476,0.0081192
0.073375,0.16468,0.24666,0.27882,0.11661,0.098811,0.0033201,0.01773,0.21026,0.31648,0.28078,0.097872,0.060408,0.031503,0.00049884,0.0022018
0.066909,0.14778,0.32852,0.25569,0.10693,0.067523,0.00045037,0.026195,0.1607,0.31929,0.30551,0.09641,0.066637,0.04647,0.0024816,0.0025052
0.086413,0.21102,0.25664,0.2405,0.10203,0.070644,0.013882,0.018876,0.22791,0.27832,0.27916,0.13707,0.047741,0.023706,0.0011639,0.0049174
0.092105,0.17386,0.25643,0.24463,0.1289,0.058014,0.01182,0.034246,0.23359,0.23761,0.29577,0.14329,0.061027,0.02155,0.001111,0.0060543
0.099309,0.17122,0.3233,0.23073,0.09731,0.065473,0.0013498,0.011303,0.1927,0.24936,0.31029,0.14547,0.054605,0.044705,5.8481e-005,0.0028221
0.072225,0.14817,0.31594,0.25108,0.11773,0.069727,0.012192,0.012924,0.18672,0.2391,0.29516,0.16732,0.066437,0.038161,0.00057391,0.0065338
0.060611,0.12453,0.29284,0.30051,0.10944,0.078743,0.01218,0.021149,0.25057,0.21601,0.24664,0.13965,0.096382,0.041937,0.0063298,0.0024776
0.071442,0.12308,0.31949,0.27694,0.095123,0.080514,0.00043996,0.032969,0.27276,0.20704,0.26625,0.13452,0.086508,0.025867,1.3073e-009,0.0070585
0.082371,0.1373,0.31602,0.28349,0.10778,0.050501,0.0029092,0.019636,0.26608,0.26781,0.22249,0.16748,0.042773,0.030507,0.00034438,0.0025121
0.05548,0.14609,0.28754,0.30362,0.10649,0.073879,0.0043841,0.022528,0.31665,0.23578,0.22479,0.15268,0.045047,0.0249,5.4703e-005,9.4965e-005
0.062731,0.14734,0.28682,0.32416,0.10491,0.060558,0.0025363,0.010936,0.18991,0.31941,0.21895,0.18867,0.037015,0.044695,4.8186e-005,0.0012955
0.060897,0.14169,0.33726,0.2526,0.10738,0.074747,0.0099451,0.015475,0.23413,0.32186,0.21442,0.14076,0.035733,0.04857,0.0036076,0.00091865
0.072349,0.14102,0.32024,0.25356,0.1135,0.066045,0.0039822,0.029317,0.25488,0.31576,0.19098,0.16513,0.036565,0.034324,0.0019155,0.00044914
0.082575,0.16358,0.28031,0.28571,0.12097,0.049539,0.00076952,0.016553,0.2373,0.31929,0.19015,0.19672,0.028213,0.02563,7.8081e-007,0.0027042
0.086694,0.15931,0.23985,0.33658,0.10108,0.052311,0.006823,0.017349,0.20256,0.26648,0.25908,0.17579,0.071987,0.021617,0.00018893,0.0022884
0.082391,0.13461,0.27862,0.32799,0.10218,0.062997,0.00081565,0.010398,0.20964,0.28323,0.24258,0.18398,0.063865,0.014261,1.7892e-005,0.002426
0.085955,0.11515,0.27176,0.31108,0.10288,0.073641,0.0027438,0.036794,0.20351,0.18029,0.31047,0.17817,0.087442,0.035591,0.00039948,0.0041273
0.10209,0.097547,0.29305,0.26281,0.15167,0.05526,0.0019898,0.035578,0.15363,0.25396,0.29211,0.16524,0.11436,0.017095,0.00021627,0.0033865
0.097942,0.09509,0.30542,0.31938,0.11299,0.051052,2.6372e-005,0.0181,0.16824,0.23301,0.31623,0.1762,0.097465,0.0077576,0.00085711,0.00023897
0.10517,0.11997,0.30889,0.30534,0.10266,0.042437,0.00080222,0.014721,0.18104,0.3323,0.24472,0.16251,0.054493,0.013217,9.8588e-005,0.011614
0.078967,0.14073,0.31102,0.30314,0.08944,0.055584,0.0059796,0.015144,0.20432,0.33683,0.23546,0.14716,0.048566,0.014846,0.00065238,0.012166
0.057519,0.14875,0.34857,0.27275,0.074875,0.063719,0.006994,0.026822,0.1815,0.29364,0.29799,0.13845,0.06197,0.015941,0.00051986,0.0099839
0.072,0.13073,0.36262,0.28399,0.075592,0.050254,0.010367,0.014449,0.17858,0.29553,0.31448,0.10468,0.065627,0.03039,0.0041803,0.0065338
0.0773,0.12239,0.34761,0.31088,0.065286,0.054827,0.0019389,0.019771,0.20921,0.29352,0.26846,0.10392,0.069445,0.041193,2.9643e-005,0.014217
0.061425,0.13476,0.35435,0.30991,0.077079,0.036434,0.0053457,0.020687,0.21589,0.3284,0.28646,0.1102,0.035553,0.015981,0.001114,0.0063945
0.079147,0.18018,0.30835,0.27944,0.10717,0.025089,0.0071849,0.013444,0.21066,0.32026,0.2502,0.1395,0.061592,0.0074959,0.0031215,0.007163
0.080458,0.1599,0.29252,0.34068,0.080714,0.025009,0.0034738,0.017249,0.22886,0.30604,0.25188,0.12884,0.059459,0.0094862,0.001534,0.013901
0.11781,0.15873,0.27148,0.33897,0.070595,0.021434,0.0057615,0.015223,0.22986,0.24086,0.2543,0.15027,0.081409,0.017975,0.0026429,0.022692
0.067509,0.19533,0.31896,0.27925,0.07683,0.029795,0.0041032,0.028225,0.21474,0.30068,0.26868,0.13498,0.054228,0.0081406,0.0053409,0.013213
0.059996,0.15308,0.2951,0.31618,0.10316,0.047018,0.0010646,0.024404,0.22424,0.3125,0.25742,0.1135,0.058679,0.026877,0.003812,0.0029752
0.050218,0.13994,0.35168,0.29191,0.099832,0.035086,0.0070846,0.024248,0.24252,0.27211,0.26875,0.12964,0.064543,0.018666,0.001575,0.0021916
0.074893,0.13859,0.30352,0.34874,0.073438,0.04939,0.0024635,0.008963,0.24074,0.30885,0.23452,0.07364,0.05934,0.070362,6.0184e-006,0.012545
0.051331,0.16685,0.24697,0.31142,0.11822,0.079258,0.0051562,0.020786,0.21451,0.30564,0.26914,0.10189,0.068754,0.03689,0.0004153,0.0027564
0.07614,0.15568,0.27931,0.2917,0.11804,0.058629,0.0048909,0.015614,0.22566,0.29078,0.21949,0.13439,0.074145,0.024985,0.0045654,0.025981
0.076745,0.18999,0.28616,0.2515,0.12592,0.059995,0.00036835,0.0093296,0.23062,0.28188,0.25779,0.12457,0.082516,0.012546,0.0048058,0.0052688
0.11031,0.17776,0.3455,0.23577,0.06514,0.057981,0.00045767,0.0070696,0.23028,0.27824,0.23253,0.13401,0.056624,0.051767,0.00025551,0.016291
0.091218,0.19242,0.29113,0.26181,0.074776,0.052906,0.0059105,0.029832,0.20797,0.29344,0.22385,0.11533,0.06711,0.083803,0.0001247,0.0083792
0.073151,0.16473,0.32167,0.23946,0.10236,0.066206,0.0014285,0.030989,0.25559,0.28238,0.25245,0.067681,0.092989,0.045484,5.7793e-006,0.0034225
0.08606,0.17858,0.31037,0.27258,0.074125,0.061196,1.1439e-005,0.017074,0.23296,0.28621,0.24293,0.14353,0.079346,0.014377,3.8742e-006,0.00063335
0.085353,0.16312,0.36939,0.24451,0.088324,0.030277,0.0007335,0.018295,0.22381,0.2687,0.29048,0.12657,0.068754,0.012476,0.003413,0.0057896
0.079957,0.17774,0.30379,0.23396,0.1197,0.072264,0.0011558,0.011441,0.19694,0.29704,0.2528,0.15242,0.07429,0.01475,0.0070004,0.0047595
0.10489,0.10095,0.3541,0.27041,0.1158,0.033894,0.00063813,0.019313,0.22477,0.30365,0.24405,0.15078,0.04362,0.029099,2.3103e-006,0.0040295
0.074453,0.14611,0.31595,0.29426,0.12069,0.031554,0.0034121,0.013567,0.26407,0.2507,0.30212,0.1249,0.043183,0.009715,0.0020454,0.0032725
0.10084,0.16398,0.28955,0.32899,0.066999,0.036441,0.0061721,0.007023,0.22382,0.2504,0.3007,0.13057,0.064382,0.025473,1.0311e-007,0.0046633
0.066231,0.1818,0.29829,0.28988,0.10595,0.042973,0.00047472,0.01441,0.18331,0.34059,0.21031,0.18296,0.059672,0.022256,0.00076188,0.00013761
0.04815,0.16096,0.36057,0.27889,0.085341,0.04373,0.00060296,0.021756,0.16996,0.296,0.29141,0.1397,0.068368,0.02854,0.0013853,0.0046295
0.06718,0.12118,0.2931,0.3113,0.12231,0.053067,0.0032779,0.028586,0.1754,0.34386,0.23934,0.13713,0.056654,0.034597,2.0568e-006,0.013019
0.078875,0.1453,0.34262,0.23792,0.099869,0.076693,0.00069214,0.018032,0.20529,0.37487,0.20049,0.13065,0.046173,0.028744,0.00040055,0.013377
0.059779,0.17967,0.29225,0.30103,0.095197,0.040574,0.00092354,0.030574,0.22381,0.32756,0.23299,0.14154,0.052188,0.0054789,1.8069e-006,0.016434
0.062434,0.18133,0.27205,0.3136,0.089212,0.059417,0.00059092,0.021367,0.19367,0.28712,0.25657,0.16818,0.055165,0.025553,0.0016178,0.012123
0.09772,0.1526,0.2765,0.30058,0.096316,0.057321,0.0027198,0.01625,0.19532,0.30822,0.20569,0.17897,0.082626,0.014768,0.00010529,0.014298
0.063706,0.17502,0.23824,0.31233,0.11575,0.070855,0.0055294,0.018572,0.23384,0.27563,0.23715,0.14842,0.07053,0.028803,1.1215e-005,0.0056204
0.086192,0.15677,0.3078,0.2849,0.093573,0.054155,0.0013811,0.015234,0.1991,0.32401,0.21295,0.16233,0.083072,0.017057,0.00026808,0.0012069
0.0698,0.12486,0.31183,0.282,0.1008,0.087133,0.0042754,0.019312,0.21525,0.32389,0.2119,0.16047,0.060899,0.011929,0.00069757,0.014963
0.07738,0.1582,0.30114,0.29757,0.089798,0.055938,0.0038452,0.016134,0.21836,0.28211,0.25301,0.13033,0.092399,0.013106,0.00072097,0.0099614
0.070285,0.19133,0.24561,0.28391,0.090658,0.086054,0.0043157,0.02784,0.30877,0.24436,0.22185,0.12057,0.056333,0.029343,0.0004501,0.018329
0.072692,0.16861,0.32517,0.25713,0.090185,0.054737,0.003479,0.028004,0.21271,0.23702,0.28671,0.14745,0.072151,0.02402,0.012295,0.0076449
0.10722,0.15725,0.27655,0.25548,0.091236,0.080619,0.0030409,0.028609,0.22138,0.25118,0.26004,0.12053,0.1106,0.016614,0.01417,0.0054942
0.10257,0.17726,0.27011,0.23566,0.10355,0.091161,0.00089085,0.01879,0.22587,0.26989,0.26251,0.14555,0.057754,0.02784,0.0052979,0.0052809
0.092686,0.18575,0.26201,0.26269,0.10943,0.064757,0.010503,0.012182,0.27054,0.27791,0.20327,0.15112,0.081006,0.01297,0.0028799,0.0002965
0.081124,0.17492,0.25334,0.28789,0.10665,0.075638,0.0015303,0.018903,0.27251,0.31388,0.18316,0.11932,0.080559,0.019093,0.0023284,0.0091402
0.060232,0.20565,0.24109,0.3057,0.084053,0.063897,0.0047215,0.034656,0.20747,0.29149,0.254,0.15967,0.064212,0.011865,0.00041738,0.01088
0.062371,0.16739,0.27642,0.31935,0.066861,0.071943,0.00055096,0.035114,0.22683,0.27913,0.2476,0.1451,0.065573,0.020916,0.0022303,0.012618
0.061198,0.18856,0.32108,0.28426,0.069453,0.067481,0.0002735,0.0077064,0.22089,0.30071,0.24089,0.12286,0.074983,0.025396,5.5361e-005,0.014211
0.057725,0.17477,0.29284,0.24494,0.11818,0.079342,0.016513,0.015698,0.22328,0.3333,0.24865,0.093591,0.039397,0.036389,0.0027955,0.022602
0.071938,0.18975,0.29905,0.26887,0.090769,0.057824,0.009191,0.012605,0.19069,0.29588,0.28281,0.13716,0.071893,0.014352,0.00043592,0.0067858
0.061262,0.19945,0.30581,0.26278,0.083601,0.044193,0.011064,0.031844,0.19381,0.32004,0.25098,0.13344,0.081885,0.011747,0.00010113,0.008001
0.048912,0.16535,0.30522,0.32704,0.089539,0.049566,0.0037373,0.01064,0.22851,0.31093,0.26827,0.11146,0.069487,0.0029478,0.0021215,0.0062806
0.069221,0.17971,0.28525,0.32689,0.074106,0.050814,0.0018684,0.012144,0.1917,0.30972,0.25071,0.10803,0.10091,0.0153,3.2991e-006,0.023624
0.079348,0.15295,0.31136,0.29233,0.087729,0.060367,0.00023964,0.015674,0.20517,0.2994,0.26705,0.10193,0.091494,0.02734,0.00074001,0.0068804
0.057667,0.17506,0.29896,0.30941,0.077585,0.065347,0.003418,0.012559,0.26875,0.29152,0.2447,0.11672,0.054858,0.020219,0.0017067,0.0015263
0.047423,0.16993,0.32002,0.27327,0.062351,0.087918,0.00057419,0.038513,0.21307,0.32111,0.23787,0.10447,0.080167,0.032801,0.00074986,0.0097646
0.091053,0.16284,0.28538,0.26378,0.086528,0.081467,0.00080419,0.028149,0.20693,0.2844,0.25867,0.11945,0.08524,0.035003,0.00037504,0.0099254
0.073974,0.21062,0.27596,0.26163,0.074117,0.075227,0.0098043,0.018664,0.20842,0.29928,0.22746,0.12087,0.11264,0.018949,0.00070513,0.011663
0.053173,0.15211,0.33317,0.30018,0.10039,0.043123,0.0012045,0.016653,0.21306,0.27429,0.27254,0.15594,0.0524,0.027569,0.0029661,0.0012372
0.076054,0.15534,0.29413,0.25483,0.10599,0.073676,0.0071115,0.03287,0.21246,0.31103,0.26967,0.11747,0.062136,0.019034,0.004096,0.0040973
0.076,0.14306,0.35664,0.24863,0.082088,0.055635,0.0035431,0.034398,0.20965,0.32727,0.24705,0.11026,0.063053,0.034066,0.0035572,0.0050976
0.083777,0.12484,0.35597,0.25297,0.098103,0.062794,0.0023175,0.019225,0.20454,0.27769,0.26131,0.14379,0.064256,0.040972,9.5822e-005,0.007353
0.064953,0.17255,0.30024,0.25286,0.11973,0.065378,0.0020334,0.022255,0.2204,0.29838,0.27312,0.1289,0.042948,0.029297,0.0009769,0.0059799
0.045185,0.16263,0.32999,0.28138,0.096361,0.061664,0.0014785,0.021305,0.16334,0.27553,0.29451,0.17025,0.056003,0.031204,0.00043957,0.0087265
0.043661,0.1708,0.33791,0.28699,0.10098,0.044892,0.0026794,0.01209,0.21135,0.27253,0.27436,0.12076,0.052604,0.064688,3.8299e-005,0.0036747
0.080279,0.14773,0.30616,0.25523,0.13507,0.062617,0.0025191,0.010397,0.23222,0.2951,0.27071,0.1068,0.05716,0.027703,0.0088186,0.0014915
0.059833,0.11038,0.35152,0.26338,0.11286,0.078978,0.0045022,0.018548,0.21532,0.27892,0.2797,0.094474,0.092968,0.025297,0.0062516,0.0070784
0.049249,0.13699,0.31579,0.28369,0.11907,0.06475,0.012692,0.017765,0.24446,0.29966,0.26352,0.10377,0.061957,0.017868,0.0067132,0.0020524
0.043024,0.15364,0.30305,0.27077,0.12773,0.076534,0.00016488,0.025089,0.23775,0.27779,0.21411,0.11036,0.10808,0.04357,0.0044315,0.003905
0.042588,0.16842,0.27803,0.26989,0.14722,0.073594,0.0063992,0.013855,0.2123,0.31458,0.27131,0.07043,0.07417,0.04043,0.0028137,0.013968
0.064384,0.14375,0.33248,0.28357,0.10767,0.054263,0.0010556,0.012828,0.23205,0.26622,0.21469,0.16153,0.077095,0.022069,0.010261,0.016087
0.065227,0.17347,0.32284,0.27775,0.093687,0.05152,6.209e-006,0.015494,0.23293,0.2456,0.2848,0.12885,0.078423,0.024514,0.0044608,0.00040773
0.066077,0.19199,0.34459,0.256,0.077074,0.047683,0.00017601,0.01641,0.23451,0.25767,0.30392,0.11214,0.049181,0.023567,0.003679,0.015332
0.080197,0.14827,0.29802,0.32376,0.092673,0.047018,0.0012269,0.008832,0.27099,0.26614,0.27871,0.091722,0.064975,0.014089,0.0063213,0.0070523
0.10338,0.15471,0.28304,0.30013,0.10356,0.035645,4.6848e-005,0.019494,0.23101,0.30718,0.22707,0.10362,0.09601,0.013506,0.0097419,0.01187
0.091404,0.15643,0.29533,0.26321,0.12725,0.05389,0.00027099,0.012212,0.22928,0.28837,0.25932,0.096807,0.077897,0.018361,0.0019387,0.028031
0.093992,0.12247,0.3016,0.28679,0.10995,0.071475,5.6521e-005,0.013666,0.28108,0.29026,0.19798,0.12091,0.077952,0.015968,0.0030702,0.012789
0.05784,0.16657,0.33414,0.2853,0.10382,0.041377,0.0010851,0.0098664,0.24004,0.33848,0.23587,0.10697,0.054411,0.011379,0.001173,0.011689
0.066182,0.12286,0.34792,0.26991,0.090654,0.075937,0.0014564,0.025089,0.21815,0.28167,0.28981,0.11096,0.072326,0.0095946,0.01216,0.0053254
0.067136,0.13588,0.36745,0.25204,0.079326,0.070379,0.0025171,0.025267,0.25938,0.33936,0.18867,0.14807,0.049427,0.011487,9.6127e-006,0.0035951
0.079979,0.10169,0.38495,0.28368,0.07387,0.069269,0.0016309,0.0049283,0.21668,0.28795,0.26191,0.13388,0.072864,0.024144,0.00017617,0.0023962
0.072821,0.11344,0.32863,0.31381,0.09747,0.063684,0.00019714,0.0099437,0.14476,0.33413,0.25871,0.16417,0.064336,0.024548,8.2433e-005,0.0092712
0.067823,0.13297,0.32,0.29067,0.11004,0.058601,0.0052221,0.014677,0.21887,0.31597,0.23557,0.12455,0.06466,0.029231,0.00016727,0.010987
0.056727,0.13173,0.30202,0.28588,0.125,0.063133,0.007654,0.027855,0.32735,0.26782,0.21195,0.091889,0.068841,0.019586,0.00037836,0.012186
0.048918,0.1559,0.2779,0.30519,0.11764,0.065129,0.0029116,0.026413,0.27425,0.31701,0.20385,0.081974,0.086258,0.032083,0.0016417,0.0029365
0.045216,0.13307,0.29405,0.28217,0.14306,0.077598,0.0040998,0.020727,0.20225,0.30425,0.23969,0.10752,0.0738,0.051107,0.0030899,0.018293
0.055864,0.17367,0.25936,0.30575,0.10194,0.086175,0.0033506,0.013892,0.2364,0.30589,0.24217,0.11519,0.068221,0.0295,0.00014928,0.0024879
0.087177,0.16492,0.31416,0.26068,0.086355,0.069484,0.00060879,0.016619,0.26171,0.26873,0.28876,0.078054,0.078364,0.023173,1.5579e-005,0.0011962
0.083116,0.16134,0.33806,0.26556,0.087418,0.051017,0.0040191,0.0094681,0.30828,0.26524,0.24298,0.098219,0.058566,0.020667,0.00061908,0.0054227
0.091742,0.14907,0.28361,0.24639,0.12357,0.088822,0.0030092,0.013794,0.20735,0.29575,0.26006,0.15089,0.063814,0.019661,0.0006319,0.001847
0.066959,0.15877,0.27128,0.26388,0.14514,0.082072,0.00081401,0.011088,0.2564,0.30179,0.24089,0.098311,0.05583,0.030258,6.2355e-006,0.016517
0.070305,0.16172,0.29856,0.27418,0.093344,0.089604,0.00028546,0.012004,0.227,0.25516,0.30567,0.10884,0.047615,0.033579,0.0081961,0.013938
0.083896,0.17292,0.2727,0.28135,0.10453,0.075247,9.7399e-006,0.0093511,0.19781,0.27916,0.29968,0.14273,0.061182,0.01655,5.5738e-005,0.002837
0.081515,0.14815,0.30017,0.27919,0.099695,0.075346,0.00052194,0.015411,0.19961,0.3511,0.1996,0.14119,0.060392,0.038381,0.0015926,0.0081294
0.079734,0.16553,0.29044,0.2856,0.08709,0.063996,0.00075567,0.026849,0.18857,0.3297,0.23953,0.14195,0.058023,0.034361,0.0010383,0.0068297
0.089641,0.18128,0.31609,0.26673,0.087431,0.048953,0.00040879,0.0094673,0.20246,0.25894,0.27143,0.13763,0.077841,0.047117,3.221e-005,0.0045417
0.10283,0.15276,0.32807,0.24085,0.12472,0.032326,0.00018201,0.018259,0.23274,0.32316,0.23018,0.12645,0.046864,0.019675,0.00066811,0.020272
0.06309,0.14597,0.32042,0.31128,0.096735,0.046776,0.00027823,0.015454,0.20824,0.26207,0.27548,0.14812,0.086899,0.016384,0.00027257,0.0025321
0.059523,0.19163,0.30922,0.29853,0.077896,0.041897,9.5298e-005,0.021206,0.19141,0.29239,0.28958,0.15213,0.037717,0.026802,0.0013122,0.0086616
0.083152,0.16652,0.2843,0.28415,0.10671,0.059117,0.0051731,0.010882,0.17602,0.27227,0.28552,0.16257,0.064126,0.032708,0.0010685,0.0057151
0.064188,0.16924,0.31522,0.2481,0.13372,0.052042,0.0024072,0.015086,0.20523,0.28205,0.27146,0.15782,0.054771,0.023418,0.0041181,0.0011355
0.086479,0.15771,0.30759,0.24249,0.10715,0.059214,0.0007602,0.038609,0.22542,0.30029,0.26061,0.11539,0.070984,0.023942,0.00018332,0.0031662
0.065435,0.16576,0.24526,0.35263,0.10455,0.047617,0.0030031,0.015746,0.2163,0.31749,0.24139,0.12655,0.072074,0.021221,0.00072463,0.0042498
0.058859,0.17651,0.27532,0.31131,0.10446,0.04677,0.010612,0.016163,0.22999,0.27381,0.26403,0.12001,0.083391,0.016378,0.0010204,0.011378
0.063282,0.13857,0.35536,0.26158,0.10565,0.0532,0.0097326,0.012629,0.19961,0.3139,0.27124,0.13,0.053279,0.010256,0.0084178,0.013292
0.050901,0.17329,0.31983,0.24355,0.13364,0.053725,0.0030071,0.02206,0.21403,0.35627,0.25248,0.10825,0.040677,0.017836,0.002696,0.0077608
0.059529,0.20228,0.31956,0.27989,0.068473,0.057851,0.00036085,0.012064,0.19671,0.29306,0.29808,0.13425,0.037303,0.027209,0.0032088,0.010177
0.073132,0.17085,0.26913,0.29174,0.1217,0.068401,0.00029617,0.004749,0.23026,0.30346,0.27532,0.086985,0.062979,0.032393,0.0037222,0.0048819
0.087442,0.17452,0.27425,0.28195,0.092543,0.070537,0.00052464,0.018231,0.1901,0.30516,0.27551,0.091447,0.085456,0.047586,0.00074503,0.0039967
0.06667,0.16943,0.30919,0.29279,0.10889,0.046044,0.00024663,0.0067345,0.18474,0.27296,0.2722,0.14163,0.074245,0.047522,0.0033873,0.0033123
0.050462,0.17196,0.31413,0.27887,0.11124,0.048152,0.00014609,0.02504,0.1521,0.2726,0.28687,0.14218,0.11512,0.022883,0.0027322,0.0055137
0.073138,0.1778,0.29646,0.25721,0.1126,0.060363,0.00012904,0.022302,0.22191,0.31473,0.21807,0.10218,0.097078,0.031206,0.0019774,0.012848
0.088719,0.11218,0.27242,0.29854,0.11798,0.078763,1.0684e-005,0.031386,0.19833,0.28233,0.26755,0.11953,0.10288,0.016468,0.0053856,0.0075114
0.074995,0.14522,0.30307,0.28703,0.10762,0.063259,3.3661e-005,0.01877,0.18032,0.29392,0.27064,0.1236,0.082585,0.033744,0.0026739,0.01252
0.090072,0.14338,0.28684,0.27348,0.13316,0.063096,7.5742e-005,0.0098897,0.20139,0.30045,0.25178,0.15187,0.077901,0.010495,0.0013128,0.0047993
0.083539,0.13725,0.25233,0.32601,0.14404,0.053469,1.1522e-014,0.0033743,0.18038,0.28926,0.29413,0.1339,0.092896,0.0072057,2.9423e-005,0.0021928
0.058749,0.18117,0.28944,0.29812,0.10173,0.050684,8.3448e-008,0.020117,0.17849,0.30636,0.26619,0.14573,0.082528,0.0096481,0.0097531,0.001303
0.06083,0.18209,0.28475,0.28733,0.098411,0.070227,9.8781e-008,0.016352,0.19411,0.24421,0.29012,0.14369,0.08408,0.018625,0.010343,0.014818
0.042725,0.14687,0.33179,0.28248,0.12099,0.063668,0.00036231,0.011109,0.19343,0.26545,0.32453,0.13075,0.058546,0.013079,0.00046425,0.013751
0.066506,0.18582,0.32906,0.25403,0.102,0.041593,5.794e-005,0.020936,0.17979,0.25784,0.34428,0.12709,0.06158,0.023158,0.0037108,0.0025554
0.074328,0.15622,0.36372,0.24405,0.098475,0.039337,3.0726e-005,0.023843,0.23913,0.27924,0.28243,0.10957,0.042789,0.025751,0.0062996,0.014788
0.096478,0.14622,0.36092,0.23783,0.10918,0.037459,0.00010403,0.011822,0.2203,0.29286,0.23888,0.16725,0.033375,0.026386,0.00049951,0.020451
0.065335,0.14837,0.34032,0.25503,0.12289,0.04129,0.00047022,0.026296,0.20681,0.31069,0.26365,0.15754,0.041464,0.010995,0.00061447,0.0082354
0.075021,0.16229,0.30498,0.29312,0.10196,0.035415,0.0034054,0.023809,0.17889,0.32854,0.20973,0.20655,0.05509,0.010544,0.0044663,0.0061901
0.078604,0.14931,0.27162,0.29115,0.084014,0.087631,0.0097119,0.027968,0.20717,0.32694,0.22543,0.14496,0.067157,0.017193,0.00075152,0.010398
0.10235,0.16579,0.29602,0.28016,0.096726,0.045778,0.0010955,0.012076,0.25889,0.30849,0.26966,0.08584,0.036698,0.023469,0.001471,0.015487
0.087821,0.14425,0.30771,0.29765,0.10047,0.045822,0.0017725,0.01451,0.27378,0.3097,0.24178,0.10546,0.04626,0.012463,1.6468e-005,0.01053
0.090298,0.11421,0.29631,0.30476,0.10555,0.067649,0.0038948,0.017321,0.23617,0.31492,0.24787,0.14794,0.035214,0.014562,0.00023983,0.0030895
0.09172,0.15504,0.24851,0.26586,0.14075,0.079062,0.0018396,0.017208,0.24219,0.27169,0.27547,0.11871,0.035045,0.032372,0.0047751,0.019751
0.10921,0.13397,0.3098,0.26833,0.07979,0.078608,0.00062128,0.01968,0.24523,0.29032,0.23725,0.12331,0.056876,0.032728,0.0054034,0.008881
0.09048,0.15127,0.3092,0.24547,0.082844,0.082681,0.0001053,0.037949,0.18509,0.29369,0.22554,0.21055,0.052292,0.027074,0.0042746,0.0014787
0.099855,0.13516,0.28534,0.28168,0.10092,0.070983,0.0083239,0.017736,0.16129,0.3573,0.23937,0.1612,0.058483,0.019381,3.0565e-006,0.0029805
0.085633,0.10488,0.35034,0.24077,0.10791,0.085471,0.0034422,0.021559,0.17641,0.25641,0.27804,0.18671,0.057699,0.024494,0.0097075,0.010532
0.071521,0.12355,0.33037,0.25795,0.13766,0.060147,0.0014169,0.017383,0.18332,0.27475,0.25809,0.17407,0.07343,0.026777,0.0035593,0.0059864
0.084213,0.13777,0.3177,0.28096,0.10437,0.056582,0.0053889,0.013024,0.24622,0.31743,0.24555,0.1121,0.041897,0.0296,0.0015756,0.0056217
0.071654,0.13408,0.30542,0.30655,0.095587,0.051713,0.0093948,0.025608,0.18356,0.29647,0.26266,0.14248,0.051658,0.05076,0.0019045,0.010514
0.074527,0.11221,0.31268,0.29709,0.12333,0.048011,0.0026499,0.029497,0.17128,0.30396,0.25353,0.14856,0.077835,0.024563,0.0016525,0.018614
0.081492,0.12887,0.30554,0.26304,0.13947,0.055316,0.0034549,0.022814,0.1853,0.25064,0.25462,0.18712,0.087152,0.029411,0.00021592,0.0055345
0.062211,0.14509,0.293,0.27794,0.13326,0.060637,0.0023921,0.025472,0.19581,0.28649,0.24812,0.12874,0.080864,0.043747,0.0022888,0.01394
0.056253,0.13881,0.32493,0.29981,0.11635,0.044575,0.00088953,0.018376,0.23016,0.3677,0.17257,0.10769,0.055571,0.055834,4.3457e-005,0.010429
0.057205,0.14537,0.28747,0.27524,0.13142,0.082651,0.011384,0.0092481,0.2131,0.29431,0.24346,0.14145,0.075349,0.021937,0.0028058,0.0075894
0.07502,0.13496,0.32797,0.26456,0.11485,0.06063,0.0088414,0.013168,0.20586,0.27591,0.29009,0.10454,0.072329,0.038238,0.00064437,0.012383
0.074886,0.15801,0.30737,0.29917,0.077501,0.052612,0.006333,0.024111,0.19074,0.33086,0.24101,0.10942,0.070619,0.044191,0.0059992,0.007151
0.070502,0.17866,0.29968,0.29935,0.059149,0.083128,0.0022201,0.0073165,0.21041,0.32111,0.25529,0.10611,0.063451,0.041448,0.0019469,0.00023404
0.07319,0.15995,0.29356,0.30786,0.085485,0.062667,4.569e-005,0.017248,0.20042,0.31904,0.28406,0.1126,0.041885,0.031607,0.003345,0.0070569
0.07443,0.16481,0.295,0.28373,0.11601,0.052004,4.0169e-005,0.013972,0.16323,0.30674,0.27416,0.12609,0.087046,0.039021,0.00013596,0.0035762
0.097447,0.14281,0.30039,0.2809,0.12459,0.048161,0.0010713,0.0046397,0.20712,0.28019,0.25854,0.13413,0.088976,0.021921,0.00015989,0.0089674
0.065108,0.16209,0.31983,0.2486,0.13356,0.048682,0.0020678,0.020079,0.16173,0.28727,0.30998,0.13041,0.071395,0.013692,0.0017974,0.02373
0.088931,0.16108,0.26798,0.28147,0.091833,0.081688,0.00041548,0.026598,0.17701,0.27928,0.28142,0.14909,0.068858,0.034658,0.0008254,0.0088696
0.068937,0.18844,0.29829,0.25715,0.086389,0.080892,0.00034819,0.019549,0.1741,0.34148,0.26027,0.14443,0.051571,0.025706,8.4196e-005,0.0023625
0.088936,0.15706,0.2573,0.28375,0.10578,0.090933,0.00016846,0.016071,0.18422,0.32868,0.24242,0.12587,0.074682,0.032541,0.00019389,0.011398
0.071601,0.17108,0.30109,0.24889,0.11859,0.064772,0.00077865,0.023197,0.19751,0.29293,0.22188,0.19152,0.048672,0.023161,0.00013086,0.024187
0.085177,0.19418,0.28531,0.24579,0.1138,0.059557,0.0018953,0.014296,0.21337,0.28622,0.24782,0.14826,0.055986,0.039522,0.00050947,0.0083132
0.062646,0.17069,0.33781,0.24949,0.10268,0.054668,0.0063084,0.015706,0.23869,0.31803,0.21221,0.1377,0.050297,0.033438,0.00052632,0.0091116
0.073749,0.1387,0.28964,0.28807,0.13148,0.070076,0.0012104,0.0070726,0.25639,0.25841,0.22774,0.17069,0.046254,0.032742,7.1761e-005,0.0076992
0.10101,0.19261,0.27206,0.28915,0.079187,0.051597,0.00052778,0.013864,0.1964,0.33627,0.21499,0.13851,0.080441,0.018583,0.0026219,0.012186
0.094749,0.18099,0.28536,0.25778,0.10221,0.056484,0.000644,0.021787,0.21484,0.32256,0.18114,0.19239,0.051514,0.026682,0.00064589,0.010225
0.10568,0.14017,0.30309,0.28751,0.077909,0.06715,0.00069834,0.017797,0.25225,0.27653,0.24604,0.12032,0.051872,0.035431,0.0034019,0.014156
0.11304,0.12703,0.29011,0.30144,0.090529,0.063987,0.0021897,0.01167,0.23785,0.22819,0.28511,0.13311,0.062695,0.034102,2.6774e-007,0.018936
0.087666,0.13518,0.26893,0.28445,0.13562,0.081373,3.2927e-005,0.0067461,0.23242,0.2934,0.25388,0.13832,0.043878,0.02658,0.0011079,0.010406
0.081298,0.10776,0.26637,0.26665,0.19656,0.066341,0.00041633,0.014599,0.20576,0.3268,0.24399,0.13751,0.055788,0.01368,0.00076697,0.015707
0.086767,0.16484,0.27173,0.2501,0.14674,0.067621,0.0015398,0.010659,0.20185,0.31426,0.27792,0.12384,0.039639,0.02189,0.00036412,0.02024
0.07886,0.1492,0.33638,0.24633,0.12333,0.054856,0.0030424,0.0079976,0.2315,0.30971,0.26402,0.091724,0.054025,0.039613,0.00025149,0.0091519
0.082137,0.14757,0.32847,0.25247,0.09851,0.078002,0.00045146,0.012384,0.25072,0.30843,0.24426,0.081998,0.06412,0.037463,9.9645e-005,0.012907
0.077775,0.14806,0.32496,0.25204,0.097377,0.073601,0.00018046,0.026016,0.25018,0.31497,0.27578,0.091528,0.052316,0.013592,1.1802e-006,0.0016319
0.071173,0.12933,0.36544,0.26213,0.098978,0.054443,0.0024033,0.016105,0.22707,0.30106,0.28458,0.093897,0.079305,0.013142,0.00048259,0.00047388
0.075435,0.1402,0.29389,0.27312,0.11132,0.10089,0.00074549,0.004399,0.19203,0.30355,0.31143,0.10504,0.060874,0.024511,0.0009714,0.0015931
0.081637,0.12148,0.26452,0.30321,0.13714,0.064396,0.0096835,0.017928,0.24381,0.30716,0.23102,0.1276,0.075308,0.00056391,0.0011687,0.013376
0.10541,0.14963,0.30347,0.24294,0.12621,0.049805,0.010632,0.011902,0.25432,0.29677,0.22119,0.10999,0.093485,0.012852,4.1718e-005,0.011352
0.085867,0.13754,0.31896,0.25871,0.13787,0.042094,0.0030939,0.015863,0.22291,0.28927,0.22466,0.13261,0.096202,0.027115,0.00021381,0.0070176
0.063358,0.15608,0.29503,0.29021,0.13444,0.043157,0.0008693,0.016853,0.18548,0.2802,0.25435,0.13166,0.13178,0.015071,0.00055463,0.00090441
0.067825,0.15146,0.32413,0.26328,0.11731,0.058481,0.0041448,0.013362,0.20436,0.29214,0.27308,0.13104,0.074642,0.019936,0.004656,0.00015469
0.088393,0.14424,0.27425,0.30158,0.11441,0.049811,0.0017498,0.025575,0.25751,0.2729,0.22644,0.13671,0.058809,0.033499,0.00087355,0.013266
0.071101,0.11361,0.28754,0.31616,0.12092,0.072708,0.0023383,0.015621,0.24903,0.29405,0.2683,0.12661,0.042444,0.010944,0.00055407,0.0080663
0.061307,0.13456,0.29131,0.2895,0.13946,0.052254,0.011313,0.020287,0.17686,0.39188,0.20684,0.13215,0.073189,0.016807,0.00022437,0.0020434
0.098336,0.11717,0.31462,0.28839,0.09346,0.04177,0.013214,0.033042,0.23129,0.34625,0.16204,0.1403,0.085014,0.029786,0.00089803,0.0044227
0.077984,0.17683,0.29892,0.28359,0.10743,0.036736,0.0010753,0.017438,0.22072,0.3588,0.1927,0.10896,0.057332,0.055864,0.0020356,0.0035939
0.063905,0.14307,0.32402,0.27229,0.12036,0.054825,0.0063228,0.015208,0.22009,0.29257,0.22744,0.11143,0.061477,0.060593,0.0050946,0.021302
0.061857,0.13629,0.33269,0.29874,0.099594,0.043162,0.0049777,0.022683,0.20641,0.302,0.25546,0.10321,0.075482,0.042438,0.00056529,0.014437
0.063177,0.13963,0.32665,0.31816,0.078941,0.051634,0.0047163,0.017093,0.22434,0.33653,0.20387,0.11066,0.075324,0.02947,0.0014852,0.01832
0.06234,0.16689,0.24553,0.33926,0.069598,0.095448,0.001695,0.019229,0.26169,0.25157,0.20676,0.13674,0.10324,0.024533,0.0020707,0.013387
0.051081,0.15916,0.27305,0.32394,0.083197,0.079696,0.0074762,0.022403,0.25492,0.19904,0.25307,0.14675,0.092478,0.042959,0.0068921,0.0038855
0.088846,0.16113,0.27373,0.31844,0.062306,0.07522,0.001932,0.018398,0.27164,0.26558,0.20595,0.12704,0.086042,0.029212,0.0038497,0.010685
0.054956,0.13527,0.27553,0.30568,0.10891,0.097625,0.0020451,0.019975,0.2371,0.28209,0.2237,0.13706,0.067594,0.02451,0.0011384,0.026815
0.081982,0.19665,0.24364,0.28761,0.10257,0.069079,0.00024551,0.018222,0.21852,0.27503,0.26104,0.13443,0.075954,0.029011,0.00079805,0.0052205
0.061462,0.15367,0.29151,0.31106,0.11903,0.049076,0.0002418,0.013942,0.22607,0.35011,0.25372,0.091246,0.052506,0.023789,0.0011249,0.0014306
0.075099,0.10813,0.27269,0.34884,0.13733,0.045474,0.00019544,0.012239,0.25254,0.27935,0.24834,0.13388,0.051997,0.025838,0.0016343,0.0064225
0.08568,0.15159,0.23718,0.31768,0.12054,0.053129,3.7691e-005,0.034168,0.21603,0.28981,0.18515,0.17342,0.091558,0.036467,0.0054951,0.002069
0.075367,0.15368,0.27867,0.31882,0.12149,0.037556,0.0017106,0.01271,0.20106,0.33942,0.18578,0.15691,0.074071,0.030707,0.0019556,0.010105
0.080966,0.16807,0.27362,0.29268,0.095183,0.04783,0.00082859,0.040825,0.27314,0.27946,0.24352,0.089211,0.057564,0.040699,0.0017421,0.014666
0.064382,0.16193,0.2675,0.2871,0.12782,0.078357,0.0031056,0.0098002,0.24284,0.30177,0.22975,0.10041,0.074132,0.037288,0.0016391,0.012168
0.083097,0.13671,0.28715,0.31439,0.10393,0.054071,0.0034118,0.017239,0.23113,0.26849,0.2703,0.11206,0.083541,0.01403,0.0014422,0.019012
0.07169,0.14594,0.30204,0.30504,0.075212,0.085972,0.00063214,0.013479,0.25406,0.24996,0.25828,0.14684,0.06786,0.011133,0.00042171,0.011454
0.081343,0.15951,0.28621,0.26502,0.10269,0.080699,0.00068007,0.023855,0.20846,0.30689,0.23098,0.15359,0.078913,0.017967,0.0012751,0.0019254
0.074039,0.13682,0.26083,0.31387,0.10066,0.10051,0.00027688,0.012987,0.22722,0.28794,0.20859,0.14003,0.10099,0.021634,0.0022336,0.011372
0.098527,0.13631,0.25766,0.26627,0.12322,0.099043,0.0023566,0.016614,0.22275,0.32149,0.23063,0.11254,0.053516,0.021827,0.00073623,0.036513
0.087019,0.14186,0.30691,0.24408,0.12694,0.071759,0.00055989,0.02087,0.19846,0.32248,0.26043,0.13265,0.038528,0.02952,0.00021549,0.017732
0.068242,0.12521,0.32312,0.27218,0.11343,0.077282,0.00061132,0.019926,0.23148,0.3234,0.1957,0.13191,0.058215,0.033422,0.0065799,0.019289
0.097468,0.13435,0.31005,0.25331,0.11729,0.068022,0.0081453,0.011367,0.22171,0.30837,0.25402,0.13209,0.046585,0.025538,2.2814e-006,0.011686
0.11492,0.14211,0.30203,0.25705,0.091993,0.071835,0.0096377,0.010411,0.15095,0.31814,0.27377,0.14017,0.064793,0.028417,1.4453e-005,0.023751
0.10005,0.13802,0.27445,0.25167,0.14426,0.072562,0.00043132,0.018566,0.18362,0.2912,0.25448,0.1539,0.076692,0.038044,0.00013815,0.0019295
0.079699,0.15851,0.24937,0.32663,0.11397,0.057175,4.7138e-005,0.014597,0.15145,0.31833,0.28808,0.1405,0.066516,0.03216,0.00010934,0.0028581
0.078211,0.18749,0.28777,0.29095,0.096566,0.051544,0.00058321,0.0068872,0.1698,0.32899,0.25727,0.12241,0.066276,0.049172,0.0016744,0.0043994
0.082276,0.15397,0.26218,0.30282,0.10644,0.085486,0.0002414,0.0065857,0.17754,0.29535,0.26954,0.1535,0.067953,0.031347,8.4165e-006,0.0047735
0.087302,0.16117,0.23496,0.31585,0.11812,0.054243,0.0065029,0.02186,0.27012,0.28187,0.19432,0.1453,0.070054,0.021368,0.0002255,0.016735
0.074198,0.15629,0.27335,0.32501,0.085611,0.068972,0.0062936,0.010279,0.24724,0.33682,0.19828,0.12282,0.071263,0.017967,0.0016349,0.0039688
0.077995,0.15974,0.30095,0.28701,0.072031,0.084974,0.0071792,0.010117,0.21824,0.32037,0.21796,0.1624,0.055618,0.020047,0.00068182,0.0046894
0.064716,0.1478,0.31609,0.28068,0.085488,0.080649,0.0098558,0.014723,0.20429,0.33796,0.22107,0.12257,0.057718,0.047646,1.5404e-006,0.0087376
0.083561,0.18026,0.32642,0.24648,0.084275,0.053181,0.0051531,0.020669,0.21028,0.2913,0.22848,0.16305,0.056206,0.039153,1.182e-005,0.01152
0.096107,0.18475,0.28072,0.22685,0.13446,0.0603,0.0017059,0.015102,0.18419,0.2685,0.27904,0.16557,0.065852,0.02774,0.0012772,0.0078267
0.066767,0.16511,0.30466,0.25213,0.12839,0.061627,0.0014249,0.019889,0.19406,0.27575,0.21868,0.15535,0.084824,0.059997,0.00019041,0.011148
0.080389,0.15699,0.27963,0.29236,0.10495,0.057386,0.0057957,0.022499,0.23227,0.32053,0.21411,0.14684,0.039069,0.039763,0.0050935,0.0023163
0.070343,0.17969,0.27236,0.307,0.094898,0.065872,0.00039567,0.0094455,0.23015,0.31998,0.20675,0.14679,0.065065,0.02693,0.00028181,0.0040558
0.090691,0.18404,0.29691,0.27455,0.077011,0.062655,7.7433e-006,0.014138,0.20935,0.27878,0.25696,0.154,0.047085,0.051648,9.3458e-005,0.0020845
0.061294,0.19897,0.30982,0.2792,0.070703,0.060912,5.4296e-006,0.019104,0.19427,0.27393,0.27823,0.16166,0.035403,0.049943,0.0017754,0.0047914
0.064632,0.19938,0.27693,0.30296,0.098009,0.041283,0.0019498,0.014859,0.22496,0.26403,0.27301,0.1469,0.051971,0.038287,0.00030423,0.00053459
0.082978,0.1985,0.23963,0.29879,0.11782,0.043238,0.00053547,0.018504,0.20735,0.34493,0.2277,0.13367,0.052855,0.031576,0.0012317,0.00068558
0.078214,0.19264,0.31358,0.24857,0.080475,0.052503,0.0032133,0.030808,0.20875,0.33927,0.23898,0.10767,0.059679,0.024233,0.016592,0.0048238
0.096301,0.16947,0.27873,0.26148,0.12466,0.046887,0.0069087,0.01556,0.18495,0.31743,0.26206,0.12503,0.070778,0.032571,0.0069396,0.00024507
0.095991,0.17105,0.34493,0.24305,0.078704,0.045747,0.0059202,0.01461,0.19986,0.29658,0.23103,0.16721,0.064318,0.03398,0.0034957,0.0035292
0.10172,0.16872,0.31113,0.24364,0.096739,0.06479,0.00029388,0.012972,0.24641,0.22996,0.24272,0.1776,0.068604,0.030253,0.003247,0.0012076
0.069079,0.1833,0.30391,0.2499,0.11384,0.058908,0.0053848,0.01567,0.25177,0.26751,0.24496,0.13109,0.063322,0.035776,0.0032701,0.0023009
0.10632,0.13754,0.32859,0.24808,0.07515,0.069625,0.010089,0.02461,0.22263,0.24181,0.27593,0.15805,0.058238,0.0286,0.0034969,0.011256
0.11134,0.1716,0.27034,0.27001,0.089108,0.067544,0.00023832,0.019816,0.22663,0.25906,0.29928,0.14448,0.040727,0.019428,0.00095623,0.0094421
0.10113,0.18127,0.26447,0.28456,0.08715,0.063415,0.0015106,0.016484,0.2036,0.30431,0.25861,0.13537,0.062465,0.021484,0.0017298,0.012432
0.10284,0.17136,0.2611,0.26263,0.10174,0.072554,8.8473e-005,0.027692,0.24824,0.28801,0.2209,0.15869,0.052862,0.0091372,0.00033488,0.021836
0.091231,0.15405,0.32708,0.23529,0.11018,0.062172,0.0040409,0.015964,0.24418,0.26184,0.23789,0.15719,0.061706,0.026417,0.00026221,0.010513
0.082341,0.13868,0.31131,0.27637,0.10041,0.079746,0.00097943,0.010167,0.23113,0.2445,0.25796,0.15389,0.062542,0.031585,0.00041182,0.017978
0.074951,0.13632,0.3234,0.2649,0.12788,0.057432,0.00040428,0.014723,0.1589,0.24461,0.31413,0.14099,0.10982,0.018249,0.0037458,0.0095574
0.09371,0.13888,0.29251,0.26362,0.11468,0.057598,0.00037117,0.038636,0.18731,0.2817,0.27132,0.15096,0.079491,0.015377,0.0026163,0.011223
0.10736,0.19273,0.25287,0.26451,0.08498,0.070905,6.0606e-005,0.02658,0.19673,0.29899,0.31398,0.13512,0.031246,0.0083468,0.00055372,0.015042
0.1056,0.16488,0.27039,0.2358,0.13225,0.067239,4.1323e-005,0.023808,0.1999,0.35251,0.23321,0.11399,0.077994,0.018059,0.0036824,0.00064482
0.10422,0.18812,0.25921,0.23551,0.12565,0.065509,0.00014986,0.021624,0.23485,0.35986,0.20633,0.10411,0.052339,0.040375,9.7749e-005,0.0020502
0.10255,0.14884,0.3003,0.21353,0.13125,0.073445,0.0025966,0.027499,0.24198,0.36551,0.21492,0.09628,0.051195,0.020478,0.0001016,0.009538
0.081502,0.16059,0.26277,0.25243,0.13649,0.094152,0.001435,0.010636,0.20048,0.35585,0.2312,0.10643,0.079586,0.024824,0.00037286,0.0012592
0.06342,0.16799,0.31156,0.26413,0.10695,0.063248,0.0021692,0.020525,0.22153,0.33752,0.20021,0.14162,0.057553,0.032034,0.00010159,0.0094341
0.064132,0.18737,0.30576,0.25146,0.11115,0.068445,0.0021923,0.009487,0.25419,0.30568,0.24597,0.10791,0.056596,0.026629,0.001336,0.0016898
0.069587,0.17962,0.30807,0.25445,0.10207,0.072459,0.0019847,0.011761,0.25073,0.3124,0.19152,0.13214,0.060597,0.048269,0.00082587,0.00351
0.065369,0.14505,0.30715,0.28887,0.12347,0.041097,0.001767,0.027222,0.22787,0.37165,0.23657,0.08967,0.043286,0.026446,0.00039062,0.0041171
0.061299,0.15335,0.29755,0.30496,0.12077,0.037305,0.0019216,0.022844,0.25694,0.31367,0.22643,0.091808,0.05476,0.038961,0.011396,0.0060351
0.063012,0.15007,0.287,0.27077,0.13331,0.076539,0.00083173,0.018469,0.26416,0.30069,0.27067,0.072665,0.053517,0.035988,0.0019021,0.00040344
0.060647,0.18862,0.28489,0.25642,0.10931,0.087515,0.0030865,0.0095163,0.21253,0.29999,0.29376,0.080685,0.074033,0.032011,0.0015423,0.0054463
0.066923,0.18565,0.31809,0.23257,0.082157,0.077969,0.0026222,0.034016,0.23227,0.33436,0.19451,0.12353,0.070775,0.036454,0.00056446,0.0075455
0.044177,0.20025,0.2722,0.27311,0.10514,0.088579,0.0060032,0.010542,0.21295,0.35751,0.2132,0.093301,0.084094,0.032289,0.0025064,0.0041502
0.058138,0.19701,0.31916,0.25933,0.06609,0.080779,0.0018751,0.017612,0.20044,0.3098,0.26664,0.075937,0.09126,0.026618,0.001046,0.028259
0.058786,0.14661,0.3799,0.23897,0.09923,0.04659,3.087e-006,0.02991,0.23196,0.27867,0.27154,0.07197,0.095532,0.016411,0.00038826,0.033524
0.063966,0.17312,0.29865,0.2781,0.10138,0.079179,7.6745e-005,0.0055326,0.23508,0.29821,0.22673,0.12727,0.051493,0.037486,0.0048743,0.01885
0.061414,0.14567,0.35368,0.26053,0.086147,0.072568,0.0016076,0.018373,0.24132,0.34215,0.17475,0.1354,0.082616,0.018195,0.00099698,0.00457
0.081044,0.13724,0.27517,0.31042,0.088012,0.1006,0.0001439,0.0073763,0.24106,0.30242,0.23211,0.12769,0.062927,0.024567,0.0004355,0.0087837
0.073675,0.19231,0.26841,0.31934,0.094041,0.047085,7.8553e-007,0.005129,0.23783,0.26579,0.27012,0.1137,0.075334,0.028597,0.0016073,0.0070233
0.054268,0.20801,0.34505,0.2633,0.085553,0.029778,3.8912e-006,0.014035,0.23601,0.24906,0.32412,0.08924,0.064056,0.033873,0.0022101,0.0014275
0.092088,0.1886,0.3456,0.24697,0.089153,0.030869,1.8987e-005,0.0067137,0.26258,0.25022,0.25127,0.12103,0.075355,0.036579,0.0019212,0.0010407
0.1055,0.15251,0.2975,0.23364,0.14353,0.041401,0.010541,0.015377,0.2466,0.27802,0.24603,0.13535,0.07114,0.022784,3.5211e-007,7.4306e-005
0.054848,0.15798,0.28486,0.25302,0.16138,0.065575,0.0062275,0.016119,0.20926,0.32215,0.2449,0.098061,0.072024,0.047979,4.1879e-006,0.0056263
0.087393,0.14387,0.29786,0.2649,0.14183,0.038636,0.0040462,0.02146,0.24177,0.36302,0.19642,0.091352,0.090814,0.010934,0.0034864,0.0022017
0.068555,0.15088,0.30888,0.32108,0.10319,0.023957,0.0026749,0.020784,0.21017,0.30315,0.29223,0.073822,0.09057,0.027502,0.0013178,0.0012364
0.089793,0.18075,0.27122,0.30816,0.099048,0.025344,0.00062657,0.025057,0.21053,0.26518,0.25854,0.13713,0.086825,0.026778,0.0040512,0.010959
0.082172,0.12745,0.25714,0.30217,0.15211,0.060554,1.2149e-005,0.018393,0.24861,0.28691,0.25652,0.14015,0.02782,0.032688,0.0014629,0.0058342
0.085755,0.17608,0.27155,0.29998,0.10311,0.043973,0.0051218,0.014441,0.28837,0.26513,0.29629,0.094499,0.02177,0.030205,0.00019745,0.0035397
0.10537,0.1673,0.28727,0.29599,0.09413,0.03847,0.0018218,0.0096549,0.25735,0.22303,0.28931,0.099906,0.08697,0.040221,0.002024,0.0011858
0.083732,0.16356,0.30841,0.27214,0.106,0.045083,0.0010227,0.020049,0.23577,0.3538,0.20093,0.11129,0.060384,0.029413,0.0019788,0.0064371
0.091652,0.11852,0.30787,0.2666,0.16137,0.028825,0.0028744,0.022287,0.2328,0.37005,0.19793,0.077092,0.085102,0.019533,0.00080821,0.016683
0.069603,0.098829,0.3084,0.329,0.12507,0.038477,0.0036704,0.026949,0.24479,0.30445,0.21091,0.11147,0.092231,0.02136,0.003393,0.011397
0.090749,0.13287,0.32404,0.26003,0.10287,0.066992,0.0020197,0.020432,0.27576,0.26754,0.22178,0.074197,0.11044,0.042816,0.0005586,0.0069022
0.058466,0.18041,0.31682,0.26287,0.082831,0.068856,0.0028375,0.026902,0.24033,0.24081,0.2234,0.10139,0.13432,0.030093,0.0029407,0.026712
0.074346,0.17514,0.29332,0.27593,0.093508,0.052532,0.0010075,0.034215,0.2243,0.2306,0.26951,0.14291,0.09372,0.029707,0.00010362,0.0091493
0.095053,0.13914,0.28914,0.29529,0.10616,0.044654,0.0084741,0.02209,0.24292,0.21561,0.25615,0.1317,0.12808,0.011559,0.0026513,0.01132
0.094743,0.14206,0.30919,0.27692,0.13598,0.031723,0.00058878,0.0087913,0.24926,0.27864,0.20162,0.16394,0.080379,0.010575,0.0097773,0.0058101
0.091949,0.15744,0.3169,0.26837,0.1063,0.036553,0.0022872,0.020199,0.32382,0.23619,0.21917,0.094543,0.098468,0.018046,0.0063157,0.0034495
0.10566,0.12606,0.30349,0.24574,0.13436,0.068988,0.0013186,0.01438,0.26153,0.2574,0.22531,0.12116,0.096077,0.027637,0.0067776,0.0041026
0.13877,0.15789,0.26016,0.25256,0.13382,0.044655,6.669e-005,0.012067,0.23662,0.27135,0.25653,0.11225,0.076136,0.037571,0.0034975,0.0060509
0.10484,0.1611,0.30487,0.25544,0.088962,0.059332,0.0013241,0.024141,0.20999,0.2228,0.33655,0.13774,0.066463,0.022799,0.00036005,0.0032828
0.07191,0.15182,0.28431,0.31062,0.10381,0.057783,0.004169,0.015571,0.21525,0.22776,0.28019,0.14862,0.098691,0.014671,0.005175,0.0096453
0.068094,0.14743,0.30136,0.25338,0.15148,0.065456,0.00032233,0.012473,0.2723,0.25776,0.24145,0.10147,0.080915,0.036836,0.0061727,0.0031064
0.085049,0.1649,0.33344,0.21206,0.11309,0.075717,0.0019705,0.013779,0.25602,0.28203,0.19051,0.11978,0.1164,0.025447,0.00091332,0.0089038
0.050616,0.20397,0.31779,0.24675,0.10024,0.05661,0.0096431,0.014375,0.19818,0.3054,0.25111,0.11307,0.096581,0.032411,9.1525e-005,0.0031473
0.075518,0.16628,0.31486,0.2778,0.11374,0.034354,0.0023071,0.015144,0.22226,0.29835,0.23679,0.11921,0.10627,0.014913,0.00083411,0.0013739
0.08756,0.16968,0.34118,0.25397,0.080692,0.03946,0.0008022,0.026651,0.26684,0.29545,0.27741,0.094988,0.052317,0.0094454,1.4809e-006,0.0035512
0.079503,0.15725,0.319,0.26256,0.080132,0.070428,0.00038712,0.030749,0.28891,0.232,0.27402,0.099532,0.069682,0.033369,2.5702e-005,0.0024544
0.077592,0.11913,0.29986,0.27887,0.10776,0.074521,0.0026075,0.039658,0.25545,0.25711,0.24792,0.10119,0.097464,0.030817,0.0068388,0.003215
0.092844,0.16937,0.2841,0.2575,0.09122,0.080016,0.0072429,0.017709,0.27827,0.23345,0.19667,0.15228,0.11935,0.018385,0.00015326,0.0014416
0.07754,0.20081,0.29134,0.24528,0.083431,0.080434,0.0044797,0.016681,0.25004,0.2757,0.15191,0.18901,0.10399,0.024748,0.0011912,0.0034092
0.094714,0.17148,0.34478,0.22212,0.087062,0.054038,0.0032954,0.022515,0.16569,0.29155,0.23051,0.20689,0.075094,0.026293,0.0004561,0.0035068
0.093287,0.1345,0.36453,0.25341,0.079968,0.057498,0.00055311,0.016258,0.24332,0.2592,0.23909,0.16731,0.063857,0.022278,0.00061947,0.0043227
0.10219,0.10899,0.34468,0.30577,0.078572,0.046968,0.00030783,0.012524,0.27379,0.29474,0.17217,0.12398,0.11355,0.021367,0.00011778,0.00028639
0.084283,0.13659,0.32198,0.25309,0.13906,0.050225,9.5642e-005,0.01468,0.30356,0.23017,0.21275,0.13386,0.10073,0.01784,7.1424e-005,0.00101
0.10826,0.14649,0.31754,0.26262,0.1043,0.046875,0.00092347,0.012985,0.3171,0.26462,0.14319,0.15565,0.086254,0.017468,6.7888e-006,0.015716
0.072176,0.14511,0.33945,0.2818,0.095195,0.049859,0.0069308,0.0094874,0.25945,0.35008,0.17634,0.097412,0.088514,0.018496,0.0030822,0.0066164
0.088728,0.11594,0.30196,0.32183,0.12373,0.030225,0.003489,0.014101,0.28779,0.31535,0.19885,0.091792,0.078,0.023797,0.00074158,0.0036728
0.067648,0.11725,0.3077,0.33572,0.11804,0.036542,0.0058658,0.01124,0.24645,0.30174,0.21009,0.12881,0.082971,0.022149,0.0069166,0.00087161
0.1165,0.15406,0.29707,0.2658,0.094472,0.062801,0.0025342,0.006754,0.21254,0.2801,0.23442,0.15973,0.0874,0.016292,0.0053996,0.0041034
0.061701,0.12876,0.32225,0.30001,0.10353,0.064993,0.00033701,0.018418,0.19549,0.27781,0.23768,0.15632,0.09872,0.027991,0.0016934,0.004305
0.11335,0.16251,0.29271,0.25153,0.092686,0.055119,0.0050956,0.027006,0.23177,0.31117,0.23136,0.095152,0.10456,0.015669,0.0009656,0.0093507
0.11883,0.15909,0.3306,0.23598,0.086169,0.04164,0.0090834,0.018601,0.23835,0.26254,0.245,0.11801,0.1179,0.010965,0.0043212,0.0029182
0.078878,0.1391,0.30785,0.30242,0.098969,0.046587,0.0016018,0.024591,0.20544,0.33279,0.25181,0.090166,0.10433,0.011691,0.0024353,0.0013497
0.06762,0.17342,0.29027,0.25504,0.10635,0.082663,0.0008825,0.023752,0.24388,0.30183,0.21181,0.086546,0.12268,0.02701,0.0018054,0.0044398
0.078635,0.14981,0.3202,0.2672,0.088821,0.066023,0.00055945,0.028752,0.2393,0.31295,0.22445,0.11628,0.078573,0.017894,8.5333e-005,0.010474
0.080911,0.16036,0.31955,0.23666,0.092363,0.088253,0.001432,0.020469,0.30783,0.25772,0.21584,0.11192,0.083983,0.016135,1.261e-006,0.0065719
0.072128,0.16984,0.30556,0.27321,0.10086,0.06627,0.002567,0.0095638,0.31507,0.2487,0.2002,0.16744,0.041619,0.022111,8.2658e-005,0.004778
0.083487,0.11262,0.28268,0.3243,0.09765,0.07682,0.0026173,0.019819,0.27423,0.30188,0.21632,0.14218,0.037537,0.013821,6.3856e-006,0.014027
0.084334,0.12108,0.33352,0.29356,0.094104,0.054414,0.0018304,0.017161,0.22895,0.34482,0.20492,0.13093,0.054484,0.025305,0.00046482,0.010116
0.081473,0.15445,0.32094,0.28924,0.076764,0.064322,1.3113e-005,0.012807,0.19978,0.31657,0.19759,0.19068,0.06669,0.024505,0.00030439,0.0038804
0.065613,0.17678,0.30202,0.26959,0.11035,0.057953,1.3052e-005,0.017678,0.21189,0.2663,0.21665,0.20089,0.071831,0.024455,0.00044733,0.0075436
0.078115,0.17515,0.26746,0.32342,0.1051,0.029974,0.00021307,0.020566,0.24092,0.34393,0.18057,0.14232,0.066811,0.021649,1.6026e-006,0.0038012
0.06617,0.16841,0.2689,0.32399,0.11069,0.041142,5.1772e-005,0.020647,0.21253,0.36723,0.18274,0.14671,0.068826,0.010364,0.0079264,0.0036787
0.076479,0.14789,0.24523,0.33794,0.10519,0.068862,0.00043185,0.017981,0.16784,0.33375,0.20541,0.17439,0.097837,0.013133,0.00041896,0.0072229
0.10387,0.18748,0.28138,0.26968,0.066766,0.06567,0.00025157,0.024896,0.19105,0.28604,0.24819,0.12387,0.11033,0.029477,2.8181e-005,0.011016
0.069073,0.17743,0.29323,0.27095,0.091643,0.064661,0.012364,0.020652,0.21935,0.29114,0.21561,0.077786,0.14664,0.037852,1.2001e-005,0.011616
0.058534,0.18596,0.32245,0.26566,0.085378,0.058403,0.0045516,0.019069,0.28109,0.30635,0.2089,0.08888,0.096291,0.011961,2.883e-006,0.0065305
0.071672,0.15306,0.32508,0.30616,0.084503,0.046686,0.001232,0.011605,0.25617,0.2937,0.24873,0.10231,0.074059,0.02243,0.00053488,0.0020679
0.071288,0.15624,0.33527,0.26294,0.099048,0.049967,0.00091586,0.024329,0.2458,0.27373,0.22317,0.16188,0.060084,0.028205,0.0014494,0.0056773
0.078245,0.17347,0.29068,0.29597,0.10463,0.049025,0.0012307,0.0067567,0.21622,0.31179,0.21176,0.13691,0.074311,0.046378,0.00026825,0.0023577
0.080526,0.1451,0.34611,0.30101,0.085423,0.028624,0.0027519,0.010455,0.25978,0.2917,0.19547,0.1304,0.083906,0.034336,0.0004391,0.0039709
0.083639,0.1411,0.30103,0.3184,0.10567,0.038604,0.00028536,0.011272,0.22452,0.26124,0.21367,0.16469,0.10362,0.030673,0.00032118,0.0012513
0.083988,0.176,0.27892,0.2817,0.093675,0.063753,0.00010486,0.021863,0.1924,0.28964,0.26711,0.14435,0.07877,0.017617,0.0011862,0.0089257
0.059912,0.17258,0.28714,0.28483,0.098259,0.073967,0.0016288,0.021683,0.21573,0.32142,0.23342,0.1151,0.089769,0.016261,0.00030519,0.0080003
0.057751,0.20075,0.31875,0.27586,0.098242,0.042928,1.6791e-006,0.0057115,0.18936,0.35287,0.21926,0.12656,0.090916,0.016654,0.00060553,0.0037762
0.067997,0.18441,0.31486,0.29417,0.087127,0.026171,3.5767e-006,0.025265,0.23601,0.29772,0.16803,0.16339,0.11306,0.014869,5.7235e-005,0.0068647
0.067913,0.16584,0.31551,0.26732,0.11103,0.040236,0.003246,0.028902,0.22094,0.30576,0.18887,0.16765,0.095071,0.016843,3.1855e-006,0.0048537
0.074545,0.16345,0.26152,0.31637,0.11854,0.057639,4.395e-006,0.007933,0.26421,0.28059,0.19912,0.13816,0.09728,0.008543,0.0073351,0.0047665
0.063498,0.15751,0.33054,0.30304,0.07056,0.045835,0.010934,0.018088,0.28188,0.29037,0.19725,0.1245,0.067925,0.018579,0.002806,0.016692
0.051241,0.17677,0.27289,0.33522,0.088546,0.040401,0.0041852,0.030745,0.24348,0.25802,0.23733,0.15699,0.070381,0.015186,0.0048582,0.013759
0.053311,0.16958,0.27818,0.32908,0.082273,0.054271,0.0001575,0.033149,0.24961,0.2842,0.21401,0.1569,0.072244,0.0046854,0.002363,0.015982
0.056577,0.17038,0.2444,0.38366,0.085793,0.038334,0.0080344,0.012825,0.20634,0.29079,0.26256,0.15934,0.052984,0.019852,2.2012e-005,0.0081198
0.077672,0.15136,0.25654,0.31987,0.11172,0.052969,0.0053512,0.024534,0.31098,0.28047,0.21438,0.11827,0.04858,0.01815,0.004929,0.0042465
0.093721,0.14876,0.23941,0.30169,0.13091,0.05941,0.0084639,0.017634,0.26119,0.23782,0.26099,0.13065,0.081894,0.013479,0.001441,0.012542
0.05582,0.18375,0.30627,0.25528,0.10586,0.061994,0.0071904,0.023831,0.30563,0.2062,0.21535,0.12354,0.10232,0.031033,0.0059987,0.0099236
0.053975,0.15253,0.31793,0.27842,0.10533,0.074906,0.0033597,0.013555,0.25281,0.19932,0.26305,0.12191,0.10701,0.049665,0.0037784,0.0024576
0.05952,0.18143,0.30194,0.2629,0.11461,0.064026,0.0045069,0.011073,0.2647,0.22299,0.2328,0.11276,0.13014,0.018545,0.0027172,0.015355
0.077479,0.15524,0.3052,0.26153,0.10582,0.07565,0.0061937,0.012879,0.20696,0.2461,0.25274,0.12803,0.12857,0.020994,0.0030908,0.01352
0.075942,0.19261,0.28335,0.21379,0.11349,0.069278,0.0042358,0.047298,0.20125,0.28477,0.25765,0.14749,0.073003,0.015903,0.0044134,0.015528
0.071776,0.16915,0.27637,0.2836,0.13994,0.049557,0.0016988,0.0079044,0.21562,0.297,0.21821,0.13106,0.11314,0.017954,0.0040591,0.0029525
0.078044,0.1533,0.26447,0.2611,0.1456,0.07943,0.0039812,0.014075,0.21009,0.25389,0.2461,0.14225,0.090325,0.039272,0.0084563,0.0096248
0.075672,0.15452,0.33495,0.24723,0.13082,0.045019,0.0027131,0.0090797,0.21624,0.28714,0.26182,0.13239,0.075628,0.014401,0.0041401,0.0082479
0.082486,0.14526,0.27368,0.31605,0.11066,0.051804,0.0020168,0.01805,0.18622,0.29273,0.28644,0.12575,0.08593,0.01242,0.0064779,0.0040381
0.11165,0.1404,0.29609,0.2834,0.093799,0.052799,0.00032936,0.021538,0.23421,0.22611,0.27063,0.12815,0.096302,0.027185,0.001234,0.016184
0.082858,0.14651,0.30059,0.29425,0.075528,0.077925,1.2604e-005,0.022332,0.22653,0.24501,0.23654,0.16198,0.086615,0.020186,0.00069318,0.022443
0.084524,0.14346,0.29454,0.26556,0.1113,0.078466,0.00033424,0.021814,0.17094,0.27258,0.27576,0.14788,0.088019,0.019315,0.0065563,0.018954
0.10093,0.14083,0.2695,0.28328,0.09924,0.084657,0.00061248,0.020949,0.19658,0.27365,0.24062,0.17258,0.072153,0.034192,0.0022509,0.0079667
0.058754,0.16472,0.31684,0.25817,0.10571,0.087517,0.0020314,0.0062511,0.21744,0.25144,0.2547,0.14286,0.071117,0.051819,0.0030598,0.0075676
0.073565,0.18212,0.27994,0.27379,0.086113,0.090082,0.0003148,0.014069,0.22924,0.30907,0.24332,0.087848,0.068233,0.055117,0.0025937,0.0045724
0.10307,0.14837,0.31167,0.27204,0.069849,0.07839,0.0027933,0.013814,0.20633,0.31386,0.26265,0.10841,0.067027,0.031669,0.0059484,0.0041047
0.091652,0.18361,0.33073,0.24472,0.078839,0.050966,0.003201,0.016284,0.20431,0.28842,0.24565,0.11938,0.070569,0.061339,0.0045849,0.0057425
0.073454,0.1543,0.29519,0.27488,0.12262,0.066937,4.4227e-005,0.012578,0.17295,0.29608,0.26545,0.1254,0.085857,0.038133,0.0036212,0.01251
0.074297,0.1544,0.27327,0.30126,0.089651,0.096319,0.0014737,0.0093289,0.17193,0.26718,0.2872,0.13346,0.052257,0.073934,0.0043132,0.0097338
0.050522,0.16318,0.3081,0.30065,0.080142,0.069994,4.0089e-005,0.027374,0.23113,0.24742,0.30909,0.12274,0.05545,0.021288,0.0033362,0.009539
0.047887,0.21161,0.24962,0.31137,0.098012,0.06508,0.002699,0.013722,0.26049,0.24116,0.23866,0.15624,0.065926,0.031909,0.0015855,0.0040315
0.067263,0.17402,0.2531,0.32816,0.097851,0.051645,0.00388,0.024078,0.24105,0.21336,0.29749,0.10772,0.10283,0.03073,0.0053602,0.0014595
0.079807,0.16443,0.29449,0.27232,0.11285,0.044899,0.0028414,0.028361,0.27548,0.26335,0.27464,0.094906,0.046238,0.030313,0.0062897,0.0087942
0.090491,0.18659,0.25987,0.31693,0.09571,0.041969,0.00016807,0.0082756,0.18024,0.32505,0.26219,0.11381,0.072994,0.027821,0.007759,0.010138
0.059908,0.19692,0.29272,0.26503,0.10304,0.056368,0.0036018,0.022396,0.20334,0.31201,0.22716,0.13206,0.088007,0.022327,0.0050061,0.010092
0.058317,0.16885,0.27538,0.27874,0.11699,0.078537,0.0010059,0.022186,0.20103,0.27674,0.28343,0.12697,0.070323,0.018318,0.008638,0.014545
0.079642,0.16693,0.28699,0.30284,0.098263,0.054753,0.00019998,0.010378,0.27404,0.22736,0.23778,0.13871,0.065207,0.02238,0.023226,0.011304
0.080237,0.1856,0.26969,0.29382,0.10283,0.04718,0.0012503,0.019392,0.23184,0.22596,0.24527,0.14928,0.10641,0.022805,0.001785,0.016647
0.064367,0.18557,0.33938,0.26076,0.081938,0.05898,0.0015231,0.0074769,0.22656,0.24763,0.2911,0.12579,0.053658,0.033132,0.00071841,0.02142
0.10928,0.14708,0.33216,0.22579,0.088517,0.066809,0.00074782,0.029618,0.24363,0.28623,0.21532,0.13315,0.070986,0.033851,0.0099634,0.0068719
0.070219,0.16666,0.27942,0.30534,0.11612,0.041779,0.0021659,0.018281,0.2038,0.27145,0.2645,0.13785,0.093625,0.022011,0.0054839,0.0012811
0.096049,0.13306,0.28201,0.32307,0.094923,0.038347,0.0021692,0.030384,0.2304,0.26597,0.27608,0.10695,0.082356,0.015095,0.0050436,0.018108
0.090536,0.14862,0.29585,0.32031,0.10816,0.024676,0.00028535,0.011572,0.21567,0.27372,0.26207,0.1268,0.080091,0.014389,0.0031427,0.024108
0.08404,0.14876,0.32534,0.30122,0.10452,0.028027,0.0013834,0.0067139,0.19069,0.33708,0.21221,0.10216,0.12982,0.019696,0.0032799,0.0050616
0.091493,0.19002,0.30261,0.27296,0.12196,0.011739,0.00083495,0.0083742,0.20215,0.29889,0.2676,0.12055,0.081952,0.01746,0.00077415,0.01063
0.09644,0.19052,0.29213,0.27604,0.11496,0.019572,0.00024842,0.010089,0.23509,0.28327,0.25122,0.1182,0.074667,0.018668,0.0032689,0.01562
0.10518,0.15349,0.35397,0.22722,0.09177,0.056326,0.00091224,0.01114,0.24849,0.30572,0.23809,0.1162,0.06193,0.014893,0.0051423,0.0095345
0.098387,0.12378,0.29408,0.26901,0.10297,0.078044,0.0066479,0.027081,0.27413,0.30339,0.20952,0.13277,0.058971,0.012042,0.0030504,0.0061212
0.11548,0.17109,0.27678,0.25931,0.09272,0.061054,0.0098976,0.013665,0.23886,0.29687,0.21564,0.15126,0.06052,0.023466,0.00079781,0.012585
0.089383,0.16704,0.27959,0.28421,0.12849,0.038361,0.0020303,0.010901,0.2118,0.29936,0.25771,0.10857,0.085743,0.023863,0.0031811,0.0097784
0.081449,0.17035,0.31166,0.24341,0.12928,0.034721,0.0051819,0.023944,0.26229,0.27957,0.24913,0.10604,0.036831,0.055495,1.181e-005,0.010624
0.076246,0.15106,0.31253,0.25336,0.12923,0.050598,0.009316,0.017659,0.18697,0.30334,0.29317,0.15124,0.033773,0.029842,6.5309e-005,0.0016029
0.059977,0.17024,0.3019,0.27586,0.12332,0.06443,0.0014118,0.002867,0.17841,0.28049,0.30527,0.13978,0.060956,0.03388,0.00029791,0.00090805
0.064269,0.17519,0.32318,0.27564,0.10865,0.042641,0.0012039,0.0092284,0.16319,0.30825,0.24807,0.15192,0.096153,0.030056,0.0012047,0.0011523
0.086189,0.13821,0.29517,0.29954,0.10578,0.044046,0.0056057,0.025463,0.21336,0.31346,0.23493,0.13523,0.072721,0.022012,0.00014595,0.0081393
0.091224,0.17029,0.24648,0.30471,0.11493,0.040189,0.0046123,0.027565,0.19301,0.38849,0.20838,0.094471,0.077144,0.026209,0.0037635,0.0085271
0.097194,0.1813,0.24719,0.27774,0.11431,0.068407,0.0076322,0.0062325,0.21704,0.34246,0.25895,0.10079,0.052039,0.02358,0.0011181,0.0040259
0.091124,0.16765,0.29302,0.25231,0.088075,0.081206,0.0053808,0.021227,0.18348,0.3458,0.24926,0.11749,0.054697,0.03272,0.0037241,0.012838
0.059001,0.16452,0.24658,0.28032,0.13405,0.088909,0.00080674,0.025816,0.23492,0.33042,0.21895,0.10121,0.060171,0.035847,0.0010027,0.017474
0.065209,0.19338,0.27611,0.24411,0.11651,0.068136,0.0095282,0.027018,0.23183,0.30625,0.23576,0.12475,0.068085,0.020985,4.3348e-005,0.012287
0.065746,0.16299,0.28657,0.31548,0.085421,0.050381,0.0066656,0.026742,0.1643,0.31258,0.28514,0.10915,0.078785,0.036222,0.0013753,0.012451
0.057496,0.18356,0.28515,0.29732,0.10911,0.046078,0.0087766,0.012513,0.18117,0.32051,0.24539,0.12802,0.088506,0.029276,0.0037222,0.0033985
0.058255,0.17896,0.2885,0.28623,0.095973,0.065183,0.0056028,0.021299,0.24405,0.27258,0.21493,0.11947,0.09876,0.04847,0.0016091,0.00013529
0.07396,0.15145,0.25829,0.29119,0.10156,0.10401,0.0071238,0.012422,0.27497,0.27491,0.27492,0.099226,0.039703,0.025827,0.0055848,0.0048529
0.071816,0.14068,0.29885,0.32038,0.099552,0.051373,5.3609e-005,0.017288,0.22414,0.31598,0.25503,0.1118,0.047366,0.028873,8.5237e-005,0.016726
0.08696,0.18881,0.25694,0.2663,0.11073,0.075794,0.00011967,0.014352,0.17796,0.36834,0.22321,0.14051,0.031011,0.042868,0.0017206,0.014379
0.058585,0.16702,0.28879,0.30708,0.099668,0.063136,1.5061e-008,0.015715,0.22509,0.31173,0.26496,0.10558,0.043598,0.033812,3.8973e-005,0.015186
0.086666,0.11155,0.34505,0.26547,0.12388,0.054051,2.9303e-007,0.013339,0.2464,0.32117,0.21785,0.11413,0.047752,0.039481,0.00011277,0.013106
0.084823,0.16657,0.31303,0.27542,0.099794,0.051646,3.7951e-007,0.0087186,0.26927,0.23989,0.26287,0.16176,0.031296,0.021554,4.4061e-005,0.013317
0.098056,0.12993,0.34558,0.31053,0.073822,0.034302,0.00028287,0.0074956,0.24019,0.23878,0.27541,0.16057,0.036847,0.040158,0.0014267,0.006621
0.068057,0.14194,0.33265,0.33041,0.065208,0.035697,1.6952e-010,0.026035,0.22408,0.30522,0.21401,0.14383,0.046742,0.051644,0.0015287,0.012947
0.084672,0.14228,0.30607,0.31901,0.083754,0.044813,2.5522e-005,0.019378,0.22456,0.30807,0.24501,0.10423,0.087993,0.023901,0.00076445,0.0054652
0.074155,0.16032,0.26378,0.3372,0.11587,0.036125,0.00012505,0.012424,0.24013,0.27101,0.28228,0.12047,0.062053,0.020593,0.00022154,0.0032544
0.070701,0.1334,0.38183,0.28525,0.0723,0.044635,2.2238e-006,0.011879,0.22703,0.32655,0.20585,0.13033,0.084247,0.016415,0.00070229,0.008872
0.075568,0.18627,0.28478,0.28811,0.074937,0.081432,1.3023e-005,0.008887,0.22112,0.2485,0.27772,0.15267,0.086738,0.0078926,0.00031366,0.0050506
0.066091,0.19726,0.29385,0.27332,0.099938,0.055729,0.00016022,0.013648,0.1993,0.26333,0.24464,0.18153,0.08108,0.018759,4.7408e-005,0.011323
0.082003,0.1538,0.31992,0.24762,0.11319,0.064203,0.001056,0.018207,0.1825,0.25794,0.3076,0.1488,0.088371,0.0080551,0.00012873,0.006598
0.073064,0.20723,0.30272,0.21475,0.10406,0.082745,0.0023417,0.013089,0.20932,0.29475,0.2413,0.15077,0.069737,0.032425,0.00063791,0.0010576
0.068864,0.18948,0.30669,0.25226,0.10381,0.054677,0.003948,0.020281,0.22616,0.24887,0.24529,0.17379,0.065567,0.024843,0.0056427,0.009846
0.073875,0.19441,0.33418,0.25084,0.086234,0.03938,0.0056261,0.015449,0.22167,0.25106,0.23966,0.16745,0.10006,0.0091691,0.0057181,0.0052095
0.059219,0.19903,0.31904,0.23966,0.10033,0.04895,0.0065213,0.027253,0.20381,0.30647,0.27021,0.13127,0.063385,0.021972,0.001252,0.0016339
0.077806,0.12686,0.33464,0.24313,0.12474,0.064,0.0044657,0.024359,0.19402,0.25077,0.27715,0.13849,0.09063,0.030711,0.0035618,0.014663
0.092961,0.13036,0.3791,0.22884,0.10057,0.053466,0.004683,0.010019,0.23131,0.21288,0.2529,0.20067,0.068581,0.023505,0.00055605,0.0095995
0.094044,0.11995,0.33176,0.27271,0.11371,0.051192,0.00043844,0.016192,0.22769,0.31395,0.23573,0.10291,0.078301,0.03454,0.00067737,0.0061992
0.05084,0.13539,0.43625,0.21141,0.095036,0.05499,0.0010883,0.014994,0.20302,0.28053,0.2362,0.15045,0.092796,0.02791,0.00059528,0.008499
0.060429,0.108,0.35447,0.24911,0.12758,0.079162,0.0029461,0.018305,0.24684,0.30017,0.17909,0.15198,0.065938,0.040408,0.0010316,0.014537
0.069375,0.11296,0.35915,0.22148,0.12727,0.072479,0.0041894,0.033095,0.24765,0.31176,0.21267,0.12808,0.073229,0.016846,0.0037599,0.0060073
0.088424,0.12015,0.31551,0.28876,0.10249,0.069669,0.0021277,0.01287,0.2204,0.30787,0.22535,0.12384,0.077881,0.029016,0.0026233,0.013007
0.065727,0.12458,0.34107,0.29094,0.093236,0.048489,0.0028473,0.033117,0.20077,0.29293,0.28835,0.13545,0.05604,0.020787,0.00063268,0.0050456
0.059998,0.13556,0.3378,0.268,0.12987,0.044843,0.00017772,0.023757,0.25566,0.29439,0.2441,0.092431,0.071025,0.031831,0.0073661,0.0032004
0.052086,0.15777,0.2771,0.32115,0.12645,0.050449,0.0006849,0.014307,0.2342,0.31734,0.23545,0.12312,0.072458,0.015769,2.4026e-007,0.0016588
0.068423,0.13367,0.33791,0.26597,0.10523,0.075796,0.0019183,0.011084,0.24063,0.31011,0.23383,0.10804,0.066589,0.034727,0.0018421,0.00423
0.070553,0.12955,0.34077,0.2789,0.10653,0.052505,0.0016561,0.019532,0.25304,0.3111,0.20217,0.14397,0.064646,0.016321,0.00023932,0.0085117
0.098808,0.13084,0.27956,0.29257,0.10323,0.073403,2.1047e-005,0.021568,0.22441,0.30075,0.2336,0.12207,0.066609,0.031242,0.0019236,0.019397
0.088846,0.15283,0.28652,0.27805,0.11743,0.065901,0.00070244,0.0097282,0.27926,0.23147,0.28035,0.11874,0.039873,0.037055,0.0024971,0.010764
0.09532,0.12273,0.25027,0.31684,0.13245,0.056446,0.0045495,0.021397,0.24464,0.24743,0.28493,0.12957,0.062752,0.028108,0.001128,0.0014429
0.094792,0.16086,0.32201,0.26662,0.090333,0.061867,0.001008,0.0025149,0.26093,0.25045,0.27265,0.13422,0.057184,0.023002,1.855e-005,0.0015572
0.13365,0.13277,0.32255,0.25029,0.088128,0.054341,0.00031383,0.017958,0.26483,0.27977,0.2459,0.12841,0.064277,0.0045675,0.00093954,0.011305
0.056441,0.18215,0.28746,0.26883,0.11481,0.06393,0.0095022,0.016885,0.22365,0.30299,0.24882,0.14091,0.059991,0.017608,0.0032159,0.0028198
0.070464,0.16549,0.27324,0.29626,0.12003,0.053497,0.0032888,0.017727,0.25574,0.28972,0.24785,0.087713,0.054867,0.015473,0.02658,0.022062
0.10419,0.12193,0.29174,0.27045,0.1337,0.05892,0.0044156,0.014652,0.24699,0.25528,0.28648,0.11646,0.05807,0.023867,0.0079832,0.004871
0.087377,0.1532,0.27882,0.29161,0.11544,0.05422,0.0020839,0.017252,0.23977,0.31982,0.18593,0.14274,0.068687,0.02984,0.0077974,0.0054147
0.068585,0.15083,0.26212,0.27233,0.13318,0.074201,0.0088619,0.029897,0.223,0.32607,0.2338,0.10821,0.070344,0.024044,0.0042038,0.010321
0.048119,0.18182,0.24044,0.34341,0.10827,0.054023,0.0032985,0.02062,0.22552,0.28955,0.248,0.11188,0.094375,0.016691,0.0082467,0.0057424
0.068292,0.18814,0.2729,0.31966,0.084068,0.050218,0.0059939,0.01073,0.2329,0.29208,0.23801,0.11441,0.077519,0.038554,0.0012104,0.0053215
0.095511,0.18032,0.28991,0.26451,0.091213,0.056077,0.0053855,0.01707,0.25567,0.25167,0.25741,0.13385,0.055235,0.029015,4.1672e-005,0.017107
0.072716,0.18302,0.282,0.248,0.11046,0.080367,0.00073708,0.022696,0.21958,0.25388,0.33339,0.12122,0.036237,0.028172,0.0052837,0.0022439
0.1009,0.14532,0.28831,0.26244,0.078639,0.086569,0.014848,0.022978,0.22192,0.31491,0.25353,0.13454,0.036309,0.036007,4.0775e-005,0.0027524
0.054791,0.16904,0.32274,0.26285,0.1116,0.051343,0.013504,0.01414,0.27569,0.28111,0.2202,0.13478,0.035335,0.04264,0.0032239,0.0070163
0.085011,0.16713,0.26385,0.33622,0.071887,0.04857,0.0064038,0.020928,0.29519,0.32688,0.18949,0.095986,0.056989,0.030387,3.882e-005,0.0050429
0.068328,0.14565,0.26801,0.31406,0.14101,0.034279,0.0057086,0.02295,0.19067,0.35596,0.2207,0.13823,0.075725,0.017764,0.00067141,0.00028646
0.079861,0.13554,0.31093,0.2383,0.12034,0.082578,0.0058098,0.026642,0.15499,0.37051,0.24316,0.13006,0.081372,0.017368,0.0017467,0.00078786
0.07824,0.16324,0.27304,0.25679,0.1353,0.057131,0.0099531,0.026305,0.18945,0.33432,0.27673,0.1093,0.052138,0.033563,0.0011085,0.0033968
0.081213,0.14815,0.30515,0.2746,0.11753,0.045608,0.0035107,0.02424,0.24183,0.29889,0.19625,0.17747,0.036368,0.043946,0.0013536,0.003888
0.11088,0.14916,0.28136,0.29085,0.08409,0.051082,0.0055576,0.027024,0.235,0.262,0.23788,0.17839,0.041893,0.026425,5.1606e-005,0.018358
0.074608,0.18894,0.24663,0.25504,0.12903,0.082833,0.0042343,0.018682,0.23959,0.28738,0.22301,0.16273,0.051954,0.022188,0.0043525,0.0087864
0.10643,0.17765,0.23709,0.23762,0.135,0.061978,0.011639,0.032585,0.23739,0.28514,0.24265,0.11302,0.080424,0.025729,0.0024955,0.013155
0.077537,0.18903,0.25895,0.25639,0.12819,0.049325,0.010723,0.029849,0.19089,0.38465,0.2173,0.098187,0.067378,0.025624,0.0044669,0.011508
0.079777,0.1495,0.25285,0.27367,0.17799,0.036346,0.0080789,0.02178,0.22005,0.31186,0.275,0.096441,0.05801,0.032812,0.00062217,0.0052086
0.049032,0.15972,0.29285,0.28589,0.1225,0.065319,0.012591,0.012099,0.21479,0.23378,0.25012,0.11857,0.11567,0.058348,0.0018768,0.0068413
0.067229,0.16622,0.2527,0.314,0.12904,0.048983,0.0069055,0.014929,0.24551,0.24173,0.23295,0.11367,0.12859,0.027229,0.00050683,0.009809
0.072909,0.17601,0.29219,0.2499,0.12984,0.057276,0.0045181,0.017358,0.24467,0.25821,0.22501,0.11953,0.080614,0.063174,0.0028006,0.0059934
0.067444,0.16203,0.23744,0.33268,0.12878,0.056606,0.0015746,0.013433,0.25992,0.28299,0.23426,0.13463,0.061234,0.020824,0.0024221,0.0037221
0.078575,0.16453,0.32456,0.25734,0.099117,0.053603,0.0033355,0.018941,0.26622,0.29951,0.21376,0.1264,0.05219,0.033658,0.0018187,0.0064461
0.10159,0.16631,0.29379,0.24981,0.11172,0.053612,0.0031782,0.019986,0.22616,0.26755,0.23064,0.12459,0.10619,0.025134,0.013318,0.0064113
0.068956,0.15839,0.3299,0.27802,0.073368,0.067985,0.0019299,0.021456,0.18478,0.32088,0.23189,0.13177,0.11563,0.012005,0.0010626,0.0019829
0.075024,0.17228,0.33852,0.2269,0.066253,0.084181,0.0016807,0.03516,0.25721,0.31073,0.1885,0.13019,0.08598,0.011413,0.0049384,0.011029
0.076041,0.18192,0.28488,0.26212,0.10864,0.057121,0.0047841,0.024487,0.22475,0.31654,0.23919,0.12514,0.065068,0.010638,0.0048552,0.013817
0.099175,0.161,0.30683,0.23668,0.12703,0.057524,0.00015471,0.011597,0.25884,0.2516,0.24961,0.13839,0.066453,0.026019,0.00081245,0.008281
0.10731,0.13662,0.27784,0.27439,0.12766,0.058586,1.4238e-005,0.017584,0.1758,0.26324,0.28009,0.13675,0.076501,0.057638,0.00035384,0.0096244
0.083121,0.13564,0.29508,0.26445,0.13865,0.073404,3.346e-005,0.0096351,0.22643,0.29949,0.20744,0.13858,0.083982,0.032259,0.00044944,0.011378
0.082868,0.13621,0.31529,0.24906,0.12522,0.071794,0.00038958,0.019165,0.26619,0.28778,0.24145,0.085834,0.087502,0.023762,0.0045813,0.0028972
0.067302,0.13835,0.3282,0.26392,0.1314,0.049792,0.0034331,0.017604,0.24799,0.27218,0.22317,0.12114,0.08676,0.033394,0.0097364,0.0056324
0.068806,0.10297,0.33396,0.29678,0.10543,0.058949,0.0054337,0.027668,0.20214,0.25043,0.28287,0.1257,0.10959,0.019908,0.0067128,0.0026448
0.105,0.11907,0.29388,0.25132,0.12205,0.06942,0.016966,0.022287,0.1977,0.26721,0.25873,0.17539,0.05146,0.035679,0.0035203,0.010309
0.069609,0.17639,0.28677,0.24452,0.14297,0.055531,0.00086489,0.023347,0.219,0.28636,0.27132,0.13813,0.044107,0.013432,0.0084765,0.019187
0.06412,0.12254,0.30758,0.30643,0.13162,0.047703,0.00085465,0.019159,0.24323,0.26107,0.25015,0.12557,0.058015,0.024069,0.014066,0.023835
0.070765,0.14953,0.33534,0.26144,0.11704,0.043653,0.00087642,0.02135,0.18952,0.24958,0.2923,0.12877,0.073808,0.047718,0.0039169,0.014387
0.067503,0.13382,0.2941,0.27573,0.13464,0.050493,0.0089928,0.034713,0.21759,0.25456,0.28322,0.13597,0.042784,0.034904,0.004604,0.026361
0.0679,0.172,0.29711,0.24977,0.12631,0.049997,0.0073663,0.029553,0.20246,0.28041,0.24188,0.13843,0.079002,0.033665,0.0038735,0.020278
0.072699,0.1377,0.29934,0.30409,0.10487,0.058448,0.0082138,0.014649,0.24037,0.29354,0.25833,0.11298,0.040705,0.036165,0.0018021,0.016104
0.081012,0.17743,0.2852,0.2869,0.084814,0.054648,0.00059124,0.029404,0.22717,0.28471,0.1926,0.15323,0.068599,0.067256,0.0014793,0.0049559
0.062884,0.13199,0.29844,0.31159,0.13443,0.046592,0.00013434,0.013939,0.19521,0.31241,0.22003,0.17355,0.065506,0.015269,0.0010606,0.016971
0.067697,0.13958,0.32874,0.31225,0.11517,0.024606,2.9187e-005,0.011921,0.20575,0.30007,0.19958,0.17419,0.061391,0.037047,0.00017205,0.021804
0.073185,0.18863,0.30467,0.2586,0.096003,0.067595,0.00070566,0.010615,0.19383,0.28134,0.21584,0.15492,0.079079,0.052374,0.0073558,0.015269
0.063282,0.13213,0.33523,0.32298,0.10101,0.029331,0.0035364,0.012503,0.162,0.31399,0.23946,0.16614,0.060101,0.030201,0.019496,0.0086226
0.07927,0.14202,0.33191,0.30474,0.10614,0.023783,0.0028696,0.0092696,0.15532,0.34403,0.23485,0.14606,0.070112,0.027858,0.0052788,0.016491
0.077464,0.14399,0.30453,0.32124,0.10555,0.031188,0.0025815,0.013452,0.171,0.26617,0.26721,0.16418,0.093379,0.021889,0.0065684,0.0096086
0.092231,0.12529,0.31706,0.28583,0.10418,0.048918,0.0045957,0.021894,0.17496,0.24978,0.2661,0.15411,0.10188,0.027658,0.0098632,0.015652
0.070959,0.16532,0.32167,0.26872,0.10272,0.058287,0.00068583,0.011639,0.21395,0.22146,0.26175,0.16132,0.076832,0.044918,0.012106,0.0076656
0.080853,0.12565,0.31743,0.27822,0.11783,0.059615,0.0021497,0.018248,0.19461,0.24814,0.33366,0.10699,0.068505,0.02615,0.016844,0.0051061
0.072402,0.16077,0.3111,0.29372,0.095509,0.043794,0.0041815,0.018529,0.21782,0.26321,0.25074,0.13244,0.098541,0.021003,0.0079584,0.0082905
0.057444,0.13225,0.33592,0.29716,0.11474,0.038517,0.00036678,0.023606,0.23773,0.27404,0.2921,0.089391,0.060107,0.025967,0.0087753,0.011888
0.058966,0.12307,0.31863,0.31629,0.1048,0.068839,6.4942e-005,0.0093379,0.1879,0.31489,0.26783,0.14689,0.036249,0.020697,0.012152,0.013396
0.078833,0.17827,0.30833,0.24622,0.13249,0.036388,5.3584e-005,0.019415,0.19753,0.31677,0.24726,0.13013,0.072061,0.012876,0.0025408,0.020838
0.07129,0.17793,0.32005,0.27971,0.1002,0.023072,0.0011091,0.026634,0.15754,0.32339,0.2233,0.15464,0.085254,0.028859,0.0092646,0.01775
0.10624,0.14557,0.28494,0.29457,0.11713,0.021642,0.0060074,0.0239,0.14022,0.33553,0.26134,0.13539,0.090332,0.023964,0.007779,0.0054531
0.08323,0.19202,0.26731,0.33383,0.094537,0.014345,0.0073212,0.0073994,0.22321,0.28847,0.25014,0.1403,0.072267,0.017002,0.0026281,0.00599
0.1145,0.20646,0.28467,0.22219,0.11684,0.028557,0.011172,0.015611,0.22675,0.31821,0.24396,0.11387,0.052294,0.035997,0.0051437,0.0037857
0.10008,0.17434,0.28776,0.2262,0.15312,0.035253,0.0051369,0.018102,0.20679,0.32792,0.21555,0.15014,0.063206,0.029119,0.0021949,0.005094
0.12111,0.15364,0.3066,0.25088,0.095512,0.05224,0.0029706,0.017044,0.21719,0.275,0.25166,0.14657,0.082309,0.022528,0.0036854,0.0010531
0.087903,0.16656,0.25547,0.25249,0.13013,0.070763,0.005329,0.031368,0.22046,0.31891,0.22763,0.12282,0.079244,0.021664,0.0043425,0.0049321
0.099478,0.18267,0.26706,0.25184,0.12312,0.05732,8.2987e-006,0.018505,0.24638,0.36201,0.20097,0.11202,0.052648,0.022619,0.0012842,0.0020687
0.064646,0.21473,0.27569,0.24634,0.1348,0.041802,0.0072156,0.014778,0.20797,0.32787,0.2144,0.1253,0.057582,0.061497,0.0052316,0.00015848
0.055788,0.13625,0.34155,0.25975,0.15019,0.031895,0.0002665,0.02431,0.21889,0.30297,0.25827,0.13283,0.047205,0.030657,0.0039207,0.0052538
0.052007,0.16231,0.37382,0.24731,0.094724,0.044573,1.0862e-008,0.025255,0.21134,0.28107,0.27725,0.14367,0.050537,0.023177,0.0042508,0.008689
0.05366,0.17997,0.35329,0.24182,0.083464,0.06359,0.0010787,0.023137,0.21311,0.27671,0.27943,0.1181,0.06941,0.018854,0.012881,0.011507
0.080694,0.13978,0.32524,0.27072,0.11668,0.045147,0.0043744,0.017368,0.1741,0.35292,0.27069,0.11533,0.062112,0.020535,0.00091548,0.0033991
0.079734,0.11786,0.35532,0.27665,0.10841,0.030832,0.0047306,0.02646,0.18463,0.3142,0.23657,0.11877,0.10063,0.029204,0.0072274,0.008781
0.064463,0.14216,0.36012,0.2734,0.083462,0.040092,0.01598,0.020329,0.20221,0.33111,0.23395,0.11285,0.093437,0.023831,0.0013219,0.001291
0.063793,0.15376,0.32972,0.27174,0.10459,0.04421,0.014429,0.017753,0.22651,0.2521,0.25295,0.16281,0.060373,0.035959,0.0051809,0.0041179
0.059506,0.15395,0.35692,0.27046,0.10587,0.030856,0.0032929,0.019154,0.18797,0.29371,0.19088,0.20461,0.09143,0.020211,0.0041482,0.0070433
0.071084,0.14556,0.33918,0.27275,0.11434,0.026569,0.0020667,0.028446,0.20344,0.29166,0.24199,0.14975,0.074315,0.030544,0.0021517,0.0061483
0.073233,0.14764,0.33165,0.29752,0.085928,0.03531,0.0006516,0.028071,0.28773,0.26715,0.19425,0.17136,0.054988,0.017184,0.00033828,0.0070027
0.093733,0.14,0.30133,0.28606,0.081055,0.077155,0.001782,0.018884,0.26161,0.28385,0.2012,0.10143,0.091375,0.053131,0.00032688,0.0070721
0.090852,0.15372,0.31044,0.28609,0.091526,0.051296,5.8376e-005,0.016015,0.19614,0.25968,0.27965,0.13338,0.084618,0.035329,0.00061794,0.010584
0.083918,0.15825,0.30739,0.29462,0.077928,0.055977,0.0012924,0.020627,0.224,0.2525,0.22279,0.14465,0.092535,0.042605,0.010606,0.010311
0.071927,0.15243,0.34782,0.25237,0.10255,0.056499,0.0034509,0.012958,0.22428,0.29178,0.24131,0.10141,0.11229,0.014255,0.0013777,0.013307
0.10481,0.13412,0.31134,0.2842,0.091133,0.052542,0.0037221,0.018132,0.22214,0.29077,0.23367,0.14689,0.083844,0.015463,2.781e-005,0.0072036
0.095275,0.14376,0.31471,0.26873,0.11508,0.047903,0.0027236,0.011813,0.23366,0.26231,0.26777,0.14406,0.062408,0.011846,0.010366,0.0075811
0.065236,0.1491,0.32443,0.25506,0.12096,0.059558,0.0062388,0.019418,0.21297,0.27441,0.27208,0.11568,0.079856,0.0081179,0.016816,0.020076
0.095558,0.14383,0.28392,0.22369,0.14166,0.067911,0.0016563,0.041772,0.19456,0.22248,0.34545,0.11738,0.074751,0.0206,0.0098081,0.014966
0.06211,0.18294,0.30733,0.29028,0.11415,0.036238,0.0016635,0.0052915,0.23702,0.24829,0.2776,0.11572,0.10055,0.011698,0.0025209,0.0066013
0.069553,0.13841,0.32261,0.2632,0.12635,0.056493,0.0020965,0.021294,0.23593,0.25037,0.25575,0.11672,0.091675,0.040493,0.0029184,0.0061374
0.077254,0.12773,0.30047,0.30403,0.11774,0.056938,0.00025543,0.015576,0.21693,0.27104,0.29959,0.10383,0.071261,0.028834,0.0013989,0.0071128
0.091024,0.15622,0.32165,0.22868,0.13934,0.05074,0.0002435,0.012098,0.14784,0.27674,0.32615,0.11756,0.085693,0.026251,0.0015073,0.018254
0.080543,0.18073,0.30142,0.25998,0.10662,0.054454,0.0024216,0.013838,0.17888,0.28956,0.29836,0.11843,0.062101,0.032949,0.0047088,0.01501
0.055981,0.16934,0.28978,0.3075,0.096553,0.062606,0.0011202,0.017119,0.18398,0.33576,0.2139,0.15629,0.06085,0.016754,0.0015734,0.030892
0.075716,0.14182,0.31983,0.25486,0.095051,0.078397,0.0041142,0.030209,0.24759,0.27185,0.26838,0.11241,0.075475,0.019609,0.0011426,0.0035394
0.06957,0.17577,0.28586,0.25483,0.11037,0.069713,0.0030096,0.030879,0.21628,0.26725,0.31824,0.12839,0.049755,0.018826,1.5894e-005,0.0012474
0.069724,0.15562,0.29293,0.27002,0.13804,0.055233,0.0024123,0.016029,0.26523,0.27572,0.26216,0.13424,0.040174,0.021292,0.0003252,0.0008581
0.065663,0.15434,0.25683,0.29503,0.15805,0.065344,0.00038462,0.0043606,0.23899,0.28792,0.28518,0.10657,0.049298,0.026737,0.0013857,0.0039166
0.066393,0.14452,0.25368,0.33831,0.12929,0.046106,0.0009726,0.020728,0.21619,0.32514,0.25243,0.081284,0.091229,0.027935,0.0029943,0.0028081
0.049977,0.18864,0.31246,0.24619,0.11387,0.066028,0.0018147,0.021017,0.21421,0.27319,0.29534,0.11136,0.091319,0.010036,6.9972e-007,0.0045522
0.072856,0.14625,0.30547,0.29285,0.11045,0.039187,0.00047293,0.03247,0.22675,0.27261,0.28048,0.11462,0.092476,0.010453,0.001077,0.0015522
0.078915,0.13416,0.32072,0.28291,0.091185,0.068598,5.4562e-005,0.023461,0.19192,0.25862,0.33462,0.11858,0.068294,0.027173,3.0791e-005,0.00076215
0.080502,0.1243,0.35546,0.26738,0.087784,0.055868,0.0012742,0.027428,0.18689,0.25164,0.34263,0.13454,0.064979,0.016117,1.1239e-005,0.0031858
0.11312,0.16846,0.31226,0.27785,0.05079,0.069743,0.0017141,0.0060576,0.24871,0.21055,0.34131,0.11892,0.061761,0.0085765,0.00073298,0.009439
0.095638,0.16179,0.30242,0.27406,0.072222,0.084892,0.0012238,0.0077542,0.20405,0.23942,0.35553,0.13986,0.034563,0.021359,0.0020844,0.003129
0.10111,0.15102,0.32159,0.26111,0.092311,0.055752,0.00052232,0.016581,0.21856,0.27499,0.27996,0.13587,0.056449,0.021601,0.010765,0.0018004
0.065988,0.15966,0.27966,0.30824,0.11684,0.054543,0.0011424,0.013924,0.25027,0.24175,0.29429,0.11988,0.064191,0.022937,0.0042163,0.002469
0.070099,0.13318,0.32534,0.26362,0.12463,0.052209,0.0026551,0.02826,0.17399,0.26509,0.33863,0.10155,0.071548,0.038543,0.0055834,0.0050777
0.05244,0.17676,0.31491,0.26818,0.11432,0.056186,0.0014591,0.015741,0.19312,0.27364,0.29359,0.15356,0.059102,0.017455,0.0024292,0.0071109
0.063736,0.13557,0.35808,0.2723,0.1011,0.04835,1.3537e-005,0.020861,0.2142,0.29141,0.26053,0.12667,0.081958,0.016176,0.0072226,0.0018274
0.098617,0.17527,0.3044,0.23864,0.12534,0.041957,0.0022563,0.01352,0.22796,0.25866,0.26324,0.15513,0.052691,0.027014,3.3481e-005,0.015279
0.072855,0.18421,0.3031,0.31181,0.10161,0.018359,0.00049794,0.0075593,0.19409,0.25522,0.33013,0.15291,0.051798,0.0085936,0.0056853,0.0015761
0.081503,0.16511,0.3167,0.28973,0.087671,0.048269,0.0018306,0.0091883,0.23024,0.28101,0.31398,0.084953,0.074237,0.015223,0.00022574,0.00012446
0.064784,0.20757,0.27701,0.28721,0.098724,0.050177,0.0024066,0.012122,0.21366,0.25148,0.29279,0.10733,0.0938,0.040211,2.3335e-006,0.00072213
0.048556,0.19821,0.27953,0.29432,0.082901,0.07623,0.0030472,0.017206,0.22871,0.32048,0.26446,0.074,0.09319,0.017525,0.0004868,0.0011518
0.057862,0.16652,0.27713,0.32207,0.087783,0.06584,2.7596e-006,0.022795,0.23291,0.30799,0.28111,0.098628,0.050957,0.011922,2.4733e-006,0.016487
0.073914,0.17331,0.30283,0.26461,0.099561,0.066378,0.0002485,0.019159,0.31179,0.29293,0.22642,0.077183,0.070071,0.010643,0.001586,0.0093793
0.066302,0.17505,0.29741,0.26187,0.11977,0.043281,0.0023151,0.034,0.27282,0.33151,0.22049,0.058467,0.081297,0.014177,0.019757,0.0014842
0.0738,0.15374,0.32284,0.28223,0.1108,0.042059,2.8866e-005,0.014499,0.23278,0.29997,0.30693,0.093627,0.041582,0.014608,0.0068547,0.0036402
0.076696,0.15986,0.3353,0.23859,0.11271,0.065307,0.00079843,0.010739,0.24184,0.34552,0.26124,0.082819,0.052324,0.012688,0.0014468,0.0021172
0.050489,0.14179,0.33427,0.27753,0.09868,0.066308,6.2349e-005,0.030878,0.2297,0.28987,0.30439,0.11473,0.040776,0.017585,0.0014628,0.001485
0.051367,0.14973,0.31712,0.25196,0.10039,0.096022,0.00041121,0.03299,0.27633,0.2526,0.24833,0.12607,0.052405,0.028876,0.0033868,0.011998
0.051126,0.14834,0.32136,0.29995,0.089373,0.05791,0.0066738,0.025272,0.23581,0.27609,0.25862,0.13229,0.068039,0.018228,0.0037509,0.0071604
0.034995,0.15266,0.29117,0.30166,0.12818,0.062104,0.0063749,0.022858,0.20543,0.28451,0.25046,0.10753,0.10656,0.036611,0.0055322,0.0033752
0.058514,0.13353,0.25642,0.30607,0.15433,0.080466,0.0051572,0.0055061,0.21282,0.30391,0.26922,0.10377,0.081421,0.022856,0.0017148,0.0042868
0.033527,0.13664,0.29694,0.3672,0.11212,0.036886,0.0026872,0.014007,0.20162,0.31952,0.24437,0.090656,0.078245,0.05773,0.0012833,0.0065725
0.081928,0.17374,0.29495,0.29698,0.090331,0.041796,0.0044856,0.015786,0.18732,0.31305,0.29201,0.090801,0.084249,0.030676,0.00089103,0.0010063
0.07085,0.16918,0.30172,0.31407,0.067768,0.057824,0.0011694,0.017415,0.21373,0.30783,0.25711,0.097449,0.085992,0.027347,0.0005831,0.0099523
0.082347,0.15079,0.31115,0.31488,0.062986,0.057502,0.0038997,0.016444,0.23865,0.32008,0.26764,0.088287,0.077781,0.0029025,0.00016812,0.0044916
0.083757,0.12808,0.34734,0.28322,0.076184,0.060584,0.0041491,0.016688,0.19796,0.36684,0.24887,0.10783,0.054819,0.014852,9.9882e-007,0.0088386
0.06967,0.16881,0.32065,0.28868,0.071136,0.069365,0.0072531,0.0044288,0.18855,0.3394,0.25228,0.13558,0.068036,0.012842,3.5344e-005,0.003274
0.066153,0.19506,0.29066,0.2914,0.0738,0.071222,0.0039304,0.0077734,0.19533,0.31994,0.23097,0.13629,0.10099,0.0030428,0.00022945,0.013212
0.060892,0.1957,0.30659,0.27714,0.088124,0.050906,0.00095619,0.01969,0.21976,0.27892,0.24217,0.11823,0.11895,0.016881,0.0030118,0.0020743
0.059321,0.18304,0.3199,0.25186,0.088562,0.059077,0.0072158,0.031027,0.22795,0.25062,0.24253,0.1229,0.10618,0.043975,0.00045733,0.005388
0.06363,0.16437,0.33263,0.27822,0.099954,0.039042,0.012203,0.0099441,0.27131,0.24607,0.20978,0.11562,0.11981,0.027885,1.0025e-005,0.0095206
0.080392,0.18336,0.31165,0.26637,0.091353,0.059026,0.00026645,0.0075727,0.22126,0.26764,0.27683,0.12035,0.093444,0.0070361,1.5052e-007,0.013437
0.070674,0.15147,0.30705,0.31124,0.11009,0.035534,0.0021974,0.011751,0.24926,0.26274,0.2823,0.0972,0.088487,0.016409,1.5588e-006,0.0036012
0.072205,0.14688,0.29102,0.32567,0.11754,0.03559,0.00034532,0.010751,0.22999,0.28248,0.29404,0.088691,0.073722,0.017376,0.0013989,0.012307
0.070878,0.15192,0.31137,0.30318,0.10571,0.033422,0.0062392,0.017275,0.19169,0.37299,0.27733,0.070532,0.067572,0.015073,0.0012766,0.0035408
0.086345,0.14103,0.26534,0.30122,0.09825,0.057516,0.016609,0.033698,0.21545,0.33441,0.26035,0.10344,0.076071,0.0041911,5.9639e-005,0.0060234
0.072799,0.14089,0.29674,0.33518,0.083234,0.028695,0.0086122,0.033848,0.24533,0.27692,0.24257,0.094769,0.11386,0.021989,0.00053046,0.0040347
0.085813,0.12956,0.32332,0.30852,0.091088,0.021958,0.00081394,0.038922,0.21836,0.31596,0.23956,0.085677,0.10303,0.027323,0.0055454,0.0045489
0.08824,0.13414,0.30297,0.30943,0.14197,0.011987,0.0019139,0.0093355,0.20077,0.33137,0.23146,0.12038,0.083669,0.025556,0.00027674,0.0065279
0.077556,0.1537,0.28641,0.31147,0.14045,0.016612,0.00024798,0.013549,0.21701,0.35684,0.22883,0.12954,0.034493,0.012634,0.0062366,0.014419
0.082492,0.13484,0.28747,0.2642,0.17317,0.048064,2.5735e-005,0.0097261,0.25324,0.26494,0.28637,0.11279,0.053962,0.018465,0.00066619,0.0095753
0.084822,0.11718,0.32083,0.27997,0.12946,0.060315,4.3428e-005,0.00738,0.24047,0.29629,0.28117,0.099716,0.063394,0.012855,0.0015652,0.0045434
0.10024,0.12248,0.35571,0.28642,0.075276,0.043217,0.0010398,0.015617,0.26239,0.30802,0.21138,0.12741,0.065865,0.015661,0.00025981,0.0090131
0.072242,0.15305,0.38675,0.26458,0.070869,0.038784,0.00093046,0.012798,0.27768,0.25479,0.22407,0.1283,0.084282,0.02702,0.00050215,0.0033509
0.049377,0.15315,0.39209,0.25166,0.098892,0.029757,3.7081e-005,0.02504,0.23682,0.2634,0.25407,0.13599,0.071063,0.024968,0.0015958,0.012082
0.046475,0.13775,0.34945,0.28336,0.11808,0.053722,0.0023488,0.0088241,0.25019,0.31117,0.20408,0.14373,0.053428,0.026296,0.0094217,0.0016857
0.067529,0.14949,0.3147,0.24429,0.15424,0.045237,0.00053487,0.023976,0.23771,0.3133,0.2163,0.1493,0.05481,0.015303,0.012091,0.0011882
0.073899,0.12396,0.29812,0.30663,0.13614,0.041259,0.0022047,0.01779,0.25737,0.32148,0.22472,0.10828,0.062867,0.013203,0.0029163,0.0091596
0.06589,0.13047,0.27452,0.32725,0.10502,0.074968,0.0019624,0.019924,0.2282,0.32024,0.26383,0.097118,0.068954,0.013818,6.9067e-005,0.007774
0.076019,0.15735,0.28753,0.26097,0.14174,0.056341,0.0026069,0.017444,0.28042,0.33152,0.21987,0.082999,0.063604,0.014826,0.00032989,0.0064334
0.091917,0.16412,0.30125,0.29515,0.091044,0.03813,0.0025961,0.015798,0.35075,0.26286,0.16861,0.1052,0.065188,0.037522,0.001531,0.0083403
0.083066,0.15458,0.27998,0.27454,0.1455,0.041326,0.0013542,0.019661,0.27505,0.25716,0.24987,0.091878,0.10686,0.01319,0.0017361,0.0042526
0.056414,0.13209,0.28421,0.34107,0.12464,0.031355,0.00327,0.02696,0.31788,0.22005,0.2438,0.10751,0.084294,0.014075,0.0019196,0.010467
0.079639,0.1346,0.33135,0.30349,0.10443,0.034083,0.0014958,0.010909,0.26329,0.25457,0.26715,0.10109,0.079917,0.025134,0.0014703,0.0073814
0.06198,0.14476,0.35483,0.26563,0.12108,0.029579,2.2966e-005,0.022121,0.19089,0.29583,0.3003,0.079117,0.096749,0.018472,0.0059325,0.012704
0.051433,0.1322,0.27299,0.34604,0.1416,0.046751,0.00027135,0.0087086,0.24645,0.29696,0.22725,0.081536,0.073171,0.059283,0.0078994,0.0074419
0.094407,0.1801,0.26121,0.30231,0.10043,0.037279,0.006182,0.01809,0.18296,0.28703,0.2456,0.15262,0.079551,0.021903,0.018805,0.011528
0.06673,0.1969,0.28954,0.31958,0.073877,0.038421,0.001118,0.013827,0.18183,0.28992,0.26576,0.16176,0.057189,0.033492,0.00035599,0.009702
0.11001,0.17756,0.22696,0.3216,0.091644,0.045277,0.0041345,0.022821,0.26591,0.28947,0.21505,0.10614,0.072038,0.032094,0.00098128,0.018317
0.086036,0.16409,0.30179,0.314,0.078281,0.038588,0.001895,0.015322,0.24768,0.32639,0.24888,0.091485,0.040772,0.031957,0.00016521,0.012668
0.076966,0.14161,0.3218,0.33365,0.065903,0.045866,0.0030324,0.011166,0.2078,0.28863,0.25063,0.086969,0.094353,0.053547,0.0022862,0.015784
0.072568,0.15939,0.28174,0.34695,0.094339,0.032271,0.0026641,0.010076,0.24978,0.3186,0.18932,0.10034,0.079769,0.05118,0.0036991,0.0073131
0.11412,0.14597,0.26949,0.32869,0.079406,0.049583,0.0023717,0.010369,0.24455,0.26347,0.26729,0.088455,0.10118,0.027454,0.0010338,0.0065745
0.074737,0.15405,0.27521,0.30795,0.12329,0.045449,0.0029675,0.016338,0.20303,0.31666,0.24772,0.13381,0.057007,0.036765,0.00045789,0.0045447
0.073773,0.16844,0.32925,0.28879,0.09983,0.0328,0.00029085,0.0068264,0.20863,0.31834,0.26255,0.11864,0.056888,0.032524,0.00027123,0.0021478
0.060534,0.16706,0.34414,0.26283,0.11944,0.034569,0.0025663,0.0088484,0.24061,0.26888,0.24468,0.12416,0.074514,0.031969,1.8718e-005,0.015169
0.081454,0.17479,0.30837,0.29359,0.077012,0.037531,0.00063989,0.02661,0.22208,0.28223,0.25578,0.12533,0.072964,0.020083,0.00058058,0.020959
0.065887,0.17195,0.3298,0.28641,0.080443,0.047804,0.0039025,0.013806,0.22761,0.29307,0.2463,0.10864,0.054876,0.062274,0.00020944,0.0070184
0.059486,0.17558,0.30674,0.29747,0.084326,0.060214,4.7818e-005,0.01613,0.26884,0.32097,0.21793,0.097512,0.064911,0.022866,1.6461e-005,0.0069534
0.045661,0.17363,0.29739,0.3481,0.069309,0.050372,0.0033365,0.01221,0.20834,0.31956,0.19193,0.1386,0.098388,0.029129,0.0076624,0.0063863
0.061342,0.20285,0.31381,0.29444,0.083281,0.031846,0.00021478,0.01222,0.19152,0.31213,0.20554,0.17321,0.067415,0.035038,0.0048876,0.010262
0.08637,0.19135,0.31558,0.29431,0.083448,0.012169,0.004072,0.0127,0.19152,0.2967,0.20217,0.18773,0.070365,0.034302,0.0028882,0.014318
0.079138,0.1619,0.34357,0.29292,0.071255,0.030167,0.00025749,0.020796,0.19695,0.29731,0.24396,0.15033,0.096735,0.013715,0.00025855,0.00074047
0.067414,0.15323,0.35155,0.29478,0.09589,0.021351,0.00013015,0.01565,0.22689,0.33358,0.22137,0.11219,0.056566,0.042214,0.0034861,0.0037013
0.065703,0.15107,0.35375,0.28714,0.086856,0.040955,8.3334e-006,0.014518,0.21795,0.32391,0.30408,0.043939,0.068073,0.031755,0.00055231,0.0097412
0.059519,0.13928,0.32271,0.30698,0.10115,0.055693,4.2543e-008,0.014664,0.23521,0.30025,0.2508,0.091904,0.081519,0.031597,0.00087564,0.0078485
0.056247,0.15051,0.32342,0.28496,0.083279,0.079537,0.00046252,0.021587,0.24625,0.31549,0.24199,0.093973,0.067108,0.019142,0.00082902,0.015224
0.059846,0.18336,0.29806,0.28322,0.09479,0.06603,3.0211e-006,0.014689,0.20414,0.30455,0.29443,0.10771,0.067829,0.014227,0.0017518,0.0053626
0.080187,0.14383,0.28766,0.29923,0.10674,0.061061,7.2786e-005,0.021214,0.20355,0.27311,0.28697,0.13234,0.078328,0.019216,5.0421e-006,0.0064897
0.098814,0.14913,0.27441,0.30846,0.1152,0.037257,0.001212,0.01552,0.18748,0.36976,0.23341,0.097064,0.080613,0.023153,3.3623e-006,0.0085205
0.10637,0.17198,0.2201,0.3583,0.098995,0.031192,0.0025911,0.010468,0.25304,0.3225,0.26005,0.099887,0.047209,0.012675,0.00042692,0.0042059
0.10928,0.14983,0.25653,0.31686,0.1177,0.021381,0.005802,0.022625,0.25989,0.31129,0.22908,0.13431,0.047631,0.0051426,0.010938,0.0017289
0.06716,0.16237,0.2691,0.34089,0.11656,0.015094,0.0030968,0.025734,0.21954,0.29905,0.25925,0.14002,0.069766,0.0091927,0.0010104,0.0021618
0.085283,0.14916,0.27067,0.33202,0.11855,0.021868,0.0027276,0.019718,0.20775,0.28909,0.28928,0.09923,0.062439,0.034226,0.0017299,0.016249
0.067692,0.11898,0.27085,0.34562,0.12919,0.039936,0.0030481,0.024684,0.23512,0.29827,0.24718,0.10179,0.084618,0.020756,0.0048173,0.0074548
0.059755,0.12439,0.30625,0.3294,0.12287,0.030632,0.00093788,0.025752,0.17227,0.27458,0.30076,0.14082,0.086205,0.022995,0.0010899,0.0012687
0.11083,0.17959,0.28894,0.28389,0.078226,0.037221,0.0024765,0.018825,0.20832,0.26257,0.24936,0.15668,0.095148,0.018599,0.0015802,0.0077395
0.079953,0.14093,0.30133,0.31713,0.10597,0.023725,0.0015886,0.029376,0.20416,0.26793,0.23881,0.16878,0.080147,0.028988,0.0002072,0.010985
0.066921,0.14321,0.29269,0.30567,0.11337,0.038772,0.011137,0.028221,0.22663,0.23883,0.25253,0.15268,0.06598,0.048596,0.00090606,0.013858
0.091849,0.19476,0.28784,0.25265,0.11611,0.045168,0.0027317,0.0088894,0.23688,0.26515,0.22725,0.14504,0.069743,0.035933,0.0041589,0.015842
0.065264,0.21506,0.2504,0.29771,0.11069,0.043784,0.0045011,0.012599,0.28225,0.23369,0.29167,0.10305,0.071515,0.012373,0.00011133,0.0053444
0.10023,0.19755,0.29353,0.25427,0.11237,0.029737,0.0019849,0.010323,0.24806,0.27,0.27459,0.10596,0.068184,0.029326,0.00033344,0.0035441
0.078743,0.20366,0.30317,0.24334,0.12436,0.025065,0.0031624,0.018494,0.17179,0.27213,0.29543,0.14559,0.067764,0.033433,0.0014385,0.01243
0.094094,0.18229,0.26323,0.29311,0.10721,0.043484,0.00086302,0.01572,0.22543,0.25883,0.28833,0.11295,0.088562,0.020366,2.2069e-009,0.0055371
0.086867,0.19506,0.24073,0.28068,0.13728,0.045413,0.0032982,0.010672,0.23639,0.26916,0.27103,0.11783,0.06075,0.039115,1.3543e-005,0.0057146
0.1379,0.15744,0.23769,0.23326,0.13981,0.056186,0.0032541,0.034466,0.18632,0.30223,0.29895,0.11439,0.054996,0.015611,0.00033804,0.027157
0.12246,0.13642,0.27597,0.27772,0.12299,0.039016,0.0072887,0.018139,0.15488,0.29386,0.2993,0.12309,0.065956,0.048162,0.0033445,0.011413
0.11416,0.14467,0.30568,0.30323,0.098269,0.0215,0.0010496,0.01143,0.18433,0.27591,0.289,0.12269,0.05503,0.056021,0.00082003,0.016211
0.10502,0.18828,0.31742,0.25116,0.078209,0.035312,0.006458,0.018149,0.21294,0.24751,0.29051,0.14117,0.063101,0.029952,0.0014492,0.013363
0.098958,0.17494,0.31133,0.24793,0.10763,0.043477,0.00034064,0.015393,0.275,0.2329,0.26412,0.11825,0.065606,0.036153,0.00051616,0.0074463
0.070805,0.17879,0.32153,0.25124,0.10437,0.059033,0.00050289,0.013718,0.23825,0.33684,0.21804,0.1078,0.038302,0.05118,0.003357,0.0062307
0.060543,0.19295,0.32764,0.25175,0.085734,0.048893,0.0056221,0.026861,0.2455,0.33169,0.218,0.10063,0.044305,0.051797,0.00081837,0.0072583
0.047208,0.15387,0.33859,0.28902,0.11302,0.034008,0.0054527,0.018826,0.26269,0.28403,0.22037,0.14104,0.06291,0.022969,0.00098596,0.0050173
0.06572,0.12953,0.27874,0.30539,0.12783,0.06726,0.0033104,0.022209,0.22994,0.31523,0.22336,0.13586,0.041495,0.042221,3.9241e-006,0.0119
0.06825,0.10033,0.40169,0.25857,0.09735,0.050289,0.0071103,0.016413,0.2244,0.3319,0.24898,0.067782,0.063858,0.036761,0.0020826,0.024239
0.092769,0.11285,0.33042,0.21019,0.11942,0.10642,0.0026905,0.02525,0.22933,0.28959,0.23066,0.11481,0.076834,0.047519,0.0007617,0.010491
0.0716,0.14745,0.3481,0.2736,0.074905,0.073265,0.0022803,0.008793,0.14755,0.31077,0.31376,0.12872,0.061633,0.032661,0.00029242,0.00461
0.081476,0.12845,0.34622,0.21811,0.11627,0.075165,0.0028496,0.031459,0.21381,0.22916,0.28286,0.16259,0.081166,0.016071,0.0029598,0.011381
0.082783,0.13159,0.36416,0.24412,0.1073,0.042432,0.0027741,0.024843,0.17919,0.23111,0.31003,0.15877,0.077677,0.030239,0.0022006,0.01079
0.066721,0.13375,0.35079,0.28697,0.092277,0.041714,0.0021264,0.025654,0.19345,0.28855,0.24856,0.18933,0.047409,0.022557,0.00017061,0.00996
0.057358,0.14468,0.31512,0.3178,0.091174,0.064248,0.00019888,0.0094144,0.22266,0.31723,0.21311,0.16388,0.061536,0.017733,0.00036715,0.0034773
0.093122,0.11706,0.32869,0.28588,0.075677,0.084892,0.0012334,0.013448,0.1933,0.30607,0.23446,0.1239,0.10331,0.034865,8.9102e-005,0.0039998
0.07228,0.1356,0.31796,0.26251,0.11411,0.067749,0.00079143,0.028997,0.2437,0.2852,0.20903,0.13934,0.09623,0.01704,0.0006625,0.0087899
0.078947,0.12432,0.33678,0.26294,0.11741,0.055096,0.00015946,0.024343,0.25631,0.2874,0.21069,0.12109,0.09409,0.020818,0.0012439,0.0083539
0.074387,0.15056,0.3287,0.24813,0.099463,0.083552,0.0021215,0.013083,0.25183,0.27025,0.27948,0.092889,0.066689,0.034694,0.00048937,0.0036684
0.094982,0.15061,0.29767,0.27853,0.10138,0.054084,0.0018824,0.020863,0.24098,0.25689,0.27702,0.11528,0.066506,0.030871,0.0052801,0.0071757
0.0734,0.13899,0.28531,0.28161,0.13391,0.072324,0.0015771,0.012876,0.22817,0.31679,0.24487,0.083401,0.088249,0.033437,0.00079953,0.0042746
0.075398,0.12942,0.30541,0.29622,0.11233,0.061964,9.8539e-005,0.019153,0.22889,0.30153,0.22686,0.14462,0.072424,0.019024,9.641e-005,0.0065577
0.088971,0.15138,0.27115,0.29485,0.13293,0.047054,0.0010613,0.012604,0.23347,0.27661,0.23173,0.1353,0.10144,0.011343,0.0027763,0.007337
0.070433,0.15876,0.29683,0.27028,0.12096,0.058129,0.0031199,0.02148,0.23565,0.30607,0.2389,0.098626,0.074253,0.020094,0.0035246,0.022881
0.121,0.15159,0.22351,0.26626,0.12943,0.075057,9.1522e-005,0.033068,0.19064,0.26938,0.29844,0.10409,0.087395,0.041617,0.0013539,0.0070769
0.10172,0.19261,0.23792,0.31732,0.081406,0.045117,0.0057865,0.018115,0.23667,0.33139,0.26235,0.079385,0.062625,0.021764,0.00098999,0.00483
0.067586,0.16101,0.31448,0.30431,0.07029,0.054093,0.0093017,0.018929,0.27633,0.32277,0.19651,0.072014,0.11334,0.012429,0.0043129,0.0022856
0.053365,0.16761,0.32071,0.26397,0.10379,0.072023,0.0047325,0.013794,0.25905,0.319,0.20267,0.092204,0.089958,0.025449,0.00043667,0.011231
0.068413,0.16078,0.34535,0.26443,0.096036,0.049313,8.0799e-005,0.0156,0.23,0.28744,0.26828,0.10903,0.080794,0.016684,3.6647e-005,0.0077365
0.065615,0.17984,0.32861,0.26959,0.11773,0.030543,0.0001704,0.0079104,0.27989,0.26349,0.23947,0.12334,0.06064,0.015516,0.00021875,0.017433
0.07043,0.1789,0.30329,0.2708,0.10631,0.048907,0.00024643,0.021116,0.27084,0.27073,0.26267,0.080987,0.088821,0.021752,0.0034116,0.00080166
0.060439,0.171,0.2626,0.30867,0.1268,0.045653,0.0019021,0.022927,0.2644,0.27595,0.23551,0.09358,0.092742,0.027814,0.0010214,0.0089866
0.06421,0.17304,0.28983,0.26135,0.14213,0.059489,0.0008888,0.0090676,0.24367,0.28315,0.22022,0.10581,0.11639,0.026773,0.00027044,0.0037093
0.054449,0.1833,0.29193,0.26724,0.1217,0.07188,0.0016262,0.0078704,0.23287,0.33441,0.26144,0.080301,0.072934,0.016971,1.6085e-005,0.0010577
0.086507,0.1244,0.29165,0.26491,0.12928,0.06565,0.0024868,0.035112,0.26475,0.29867,0.23943,0.07414,0.083522,0.03638,0.00037521,0.0027305
0.081601,0.11968,0.28459,0.26598,0.15049,0.057193,0.017221,0.023241,0.24591,0.28811,0.26093,0.060966,0.097873,0.041967,0.00099182,0.0032561
0.071002,0.13772,0.30299,0.28142,0.11569,0.066543,0.0063802,0.018246,0.20065,0.26675,0.28459,0.1121,0.1219,0.0095017,0.0031205,0.0013891
0.058378,0.13586,0.29152,0.31224,0.10206,0.078998,0.00054078,0.020389,0.2251,0.26697,0.26568,0.11882,0.092306,0.014717,0.012892,0.0035215
0.086196,0.14691,0.32083,0.25497,0.11195,0.050329,0.0026702,0.026149,0.22548,0.27534,0.21843,0.13327,0.11039,0.033366,0.0014045,0.0023238
0.089761,0.14767,0.30908,0.3059,0.090552,0.038158,0.0010457,0.017828,0.22305,0.25781,0.21562,0.15795,0.11302,0.030406,0.00016623,0.0019659
0.091506,0.15005,0.32224,0.2822,0.082186,0.049271,0.0018651,0.020682,0.2233,0.26187,0.24638,0.13021,0.10155,0.025005,0.0017271,0.0099611
0.10021,0.1526,0.3109,0.29023,0.088122,0.046417,1.9916e-005,0.011502,0.26569,0.26513,0.24181,0.12417,0.070707,0.029824,0.00024276,0.002416
0.073801,0.18046,0.28445,0.30964,0.088248,0.035918,0.0047919,0.022692,0.24016,0.27343,0.21381,0.12197,0.11037,0.031431,0.00060866,0.0082093
0.062843,0.2215,0.27217,0.30094,0.086177,0.038203,0.00054798,0.017611,0.20565,0.22493,0.26283,0.1614,0.076195,0.062782,0.002859,0.0033637
0.091379,0.18816,0.22893,0.32785,0.092533,0.05959,0.0006382,0.010911,0.19688,0.24141,0.28905,0.13745,0.082621,0.036757,0.0071879,0.0086427
0.080232,0.14258,0.28168,0.29573,0.07863,0.10931,0.00012141,0.01172,0.19374,0.3724,0.23328,0.094341,0.036838,0.046872,0.0088172,0.013707
0.05991,0.16297,0.33115,0.27044,0.077566,0.069848,0.0063619,0.021746,0.18898,0.32211,0.26351,0.10668,0.068834,0.027879,0.0014721,0.020548
0.060536,0.14676,0.27749,0.28439,0.096791,0.10056,0.00052852,0.032954,0.20318,0.32832,0.2544,0.096229,0.074268,0.035363,0.0037772,0.0044648
0.063308,0.16114,0.29419,0.30365,0.087873,0.07241,0.00028023,0.017147,0.24835,0.26594,0.28641,0.08394,0.073025,0.03492,0.0019041,0.0055112
0.080428,0.16965,0.26841,0.28867,0.1054,0.055499,3.7039e-005,0.031911,0.26005,0.25619,0.21253,0.1033,0.097363,0.03425,0.0022974,0.034027
0.096441,0.16308,0.25977,0.26022,0.14138,0.039595,0.00076724,0.038741,0.23201,0.22892,0.23922,0.12852,0.11512,0.037116,0.0082845,0.010799
0.064579,0.13779,0.29968,0.24172,0.14012,0.067741,0.0023604,0.046012,0.22304,0.27982,0.22727,0.10831,0.11816,0.029448,0.0029033,0.011036
0.062686,0.1355,0.30217,0.25659,0.12008,0.069545,0.010195,0.043235,0.2423,0.28044,0.22159,0.11345,0.086073,0.035482,0.0062252,0.014439
0.071301,0.14911,0.2539,0.27258,0.13292,0.083586,0.0076856,0.028919,0.24499,0.31465,0.26095,0.078947,0.064841,0.025364,0.0065717,0.0036932
0.060413,0.16793,0.27432,0.26999,0.13579,0.070909,0.0016226,0.019021,0.20032,0.32109,0.25267,0.10329,0.056221,0.038546,0.01092,0.016941
0.064378,0.16269,0.31264,0.23026,0.1319,0.073162,0.0052509,0.019714,0.20464,0.28133,0.23768,0.13098,0.091034,0.022071,0.016241,0.016028
0.10293,0.15997,0.26772,0.24036,0.13373,0.073423,0.0040049,0.017871,0.26031,0.27635,0.23698,0.11887,0.063028,0.024933,0.012391,0.0071359
0.083591,0.15366,0.28853,0.26679,0.12717,0.060273,0.00021379,0.019774,0.23231,0.2825,0.24225,0.10447,0.07935,0.042185,0.0054232,0.011506
0.089649,0.13444,0.30094,0.27691,0.11754,0.063618,0.0012554,0.015655,0.2301,0.29289,0.2501,0.11262,0.065744,0.033226,0.010259,0.0050614
0.11339,0.17421,0.26904,0.27233,0.098463,0.038801,0.00061045,0.033141,0.23678,0.25389,0.30267,0.11582,0.04366,0.022152,0.020134,0.0048896
0.092935,0.18575,0.21865,0.3181,0.12967,0.032324,5.5e-005,0.022511,0.25067,0.308,0.2319,0.10145,0.079931,0.017035,0.0035497,0.0074599
0.053229,0.14764,0.30817,0.30182,0.12455,0.046412,0.00028066,0.017891,0.19822,0.35012,0.24795,0.10584,0.061044,0.026802,0.0037573,0.0062706
0.083149,0.14735,0.34178,0.29445,0.08893,0.027861,7.8254e-006,0.016475,0.16926,0.37449,0.2258,0.10298,0.076692,0.029711,0.014688,0.0063732
0.082349,0.16458,0.33226,0.31283,0.059661,0.02737,0.0017437,0.01921,0.22232,0.30671,0.21203,0.11852,0.080885,0.039509,0.012377,0.0076533
0.075045,0.15969,0.34305,0.28773,0.083265,0.034187,0.00095733,0.016079,0.24051,0.30333,0.21452,0.10878,0.088083,0.021851,0.016118,0.0068037
0.094375,0.16142,0.32711,0.26338,0.082473,0.057125,0.0012745,0.012847,0.21775,0.30443,0.23307,0.10328,0.099763,0.025515,0.01269,0.0035144
0.054189,0.16411,0.27732,0.33455,0.11755,0.039188,0.002741,0.010364,0.21501,0.25923,0.25426,0.1247,0.082056,0.025743,0.0038021,0.035195
0.054358,0.15716,0.3235,0.29724,0.097726,0.048379,0.010104,0.011525,0.17588,0.26385,0.29489,0.1166,0.10626,0.023308,0.0052607,0.013947
0.065316,0.14177,0.30565,0.32366,0.098537,0.049473,0.002063,0.013522,0.22325,0.2556,0.30345,0.10066,0.06731,0.021306,0.0014385,0.026997
0.073717,0.10818,0.3184,0.27967,0.10556,0.08043,0.0055277,0.028519,0.25412,0.26293,0.28752,0.073421,0.08575,0.014904,0.0048828,0.016478
0.082414,0.11742,0.31851,0.28665,0.072384,0.088074,0.015586,0.018966,0.19427,0.29082,0.29167,0.090253,0.08881,0.017686,0.0091016,0.017385
0.079413,0.13823,0.32104,0.31576,0.07116,0.042367,0.0022527,0.029776,0.19738,0.3175,0.25122,0.10978,0.070211,0.031029,0.007148,0.015724
0.086716,0.17285,0.28681,0.27005,0.095633,0.060884,0.00020231,0.026849,0.23169,0.26494,0.27402,0.12563,0.063674,0.03038,0.0067916,0.0028866
0.046669,0.18161,0.30728,0.27013,0.096743,0.0707,0.0058717,0.021,0.24998,0.28033,0.22143,0.10667,0.082228,0.031857,0.010974,0.01654
0.051277,0.19889,0.32673,0.21191,0.12979,0.071458,0.0012628,0.0086801,0.26517,0.27251,0.21443,0.12299,0.078411,0.025726,0.0074582,0.013293
0.060291,0.15894,0.34148,0.20325,0.15461,0.057604,0.011508,0.012319,0.22481,0.2668,0.25891,0.14573,0.062709,0.030147,0.0076064,0.0032739
0.082543,0.14776,0.33077,0.26019,0.1142,0.049003,0.0040094,0.011513,0.21621,0.27293,0.21627,0.13735,0.1047,0.023405,0.0021025,0.027034
0.05986,0.14194,0.358,0.27186,0.10106,0.056184,0.00049869,0.010604,0.26129,0.29477,0.20653,0.12835,0.078317,0.016994,0.0051392,0.0086131
0.080931,0.18083,0.34386,0.24236,0.086124,0.050695,0.00046236,0.014742,0.16982,0.29924,0.26905,0.11762,0.09556,0.04297,0.001699,0.0040489
0.079959,0.17698,0.28422,0.26208,0.098189,0.06839,0.00045675,0.029727,0.16647,0.31937,0.27848,0.11297,0.080717,0.038119,0.0024403,0.00144
0.06644,0.15989,0.31331,0.3052,0.095328,0.036711,0.001081,0.022031,0.16885,0.31953,0.23605,0.13791,0.091862,0.032601,0.0002375,0.012961
0.058647,0.17406,0.31194,0.275,0.11713,0.043673,0.0039599,0.015591,0.19187,0.31156,0.24656,0.12752,0.077349,0.02103,0.0011798,0.022937
0.079045,0.15256,0.27877,0.34467,0.088594,0.040698,0.0022102,0.013461,0.1828,0.28771,0.25299,0.15827,0.076297,0.026009,0.0024014,0.013522
0.066059,0.14209,0.27595,0.32979,0.10721,0.053247,0.0010118,0.024634,0.18597,0.29329,0.25765,0.15584,0.066282,0.023642,0.010508,0.0068164
0.067768,0.15482,0.28638,0.30542,0.084805,0.068154,0.0035743,0.029074,0.15811,0.35386,0.26384,0.11628,0.078687,0.013362,0.012874,0.0029821
0.080316,0.18167,0.30223,0.2455,0.094485,0.078553,0.00094364,0.016299,0.15084,0.32423,0.2653,0.14283,0.086497,0.01272,0.0092827,0.0083096
0.067999,0.1212,0.29021,0.29793,0.13936,0.062564,0.0024872,0.01825,0.19968,0.2768,0.32348,0.09922,0.071115,0.01812,0.0010395,0.010548
0.057746,0.18219,0.29979,0.27272,0.10926,0.055455,0.0015237,0.021315,0.21438,0.27,0.29344,0.11508,0.056902,0.02772,0.0056603,0.016817
0.060684,0.18617,0.25867,0.30026,0.091398,0.066849,0.0047727,0.031184,0.22735,0.29449,0.29304,0.094169,0.051646,0.014582,0.0021579,0.022564
0.058525,0.24164,0.23413,0.2597,0.10023,0.078676,0.0098649,0.017234,0.20917,0.28239,0.23187,0.1706,0.061673,0.03676,0.0024759,0.0050528
0.052609,0.19301,0.2898,0.282,0.1049,0.058025,0.00058532,0.019074,0.18763,0.29598,0.25639,0.17207,0.05087,0.023546,0.00041664,0.013089
0.046459,0.1183,0.33228,0.30373,0.11069,0.067686,0.0037074,0.017146,0.23094,0.31706,0.22764,0.12654,0.061304,0.02488,0.0087992,0.0028403
0.047776,0.15353,0.33163,0.32033,0.06199,0.07491,0.0011651,0.0086662,0.24034,0.38671,0.2158,0.086344,0.048784,0.0068489,0.0067711,0.008397
0.067516,0.1206,0.30215,0.31686,0.10444,0.072273,0.0037267,0.012436,0.25856,0.30747,0.18756,0.13958,0.090904,0.0088556,0.0011405,0.0059306
0.072272,0.14739,0.28836,0.28903,0.083411,0.088736,0.0066361,0.02417,0.25439,0.28635,0.20935,0.14432,0.073821,0.019564,0.0041944,0.0080053
0.075777,0.16412,0.30757,0.29777,0.080995,0.042211,0.0050291,0.026525,0.22681,0.30766,0.2417,0.078839,0.087678,0.046114,0.0041272,0.0070618
0.073668,0.16627,0.3177,0.27551,0.095151,0.044225,0.0024824,0.024996,0.23123,0.31653,0.2664,0.071791,0.067294,0.020669,0.016849,0.0092397
0.059718,0.153,0.35311,0.2807,0.08989,0.035993,0.0012011,0.026377,0.26547,0.32408,0.2117,0.078574,0.08169,0.022277,0.00062121,0.015584
0.043763,0.12471,0.31846,0.28306,0.13893,0.046025,0.0029912,0.042071,0.25041,0.29408,0.24339,0.082965,0.060604,0.039728,0.0073579,0.021464
0.04795,0.13349,0.3461,0.24693,0.13083,0.071974,0.0046935,0.01803,0.21659,0.27544,0.24571,0.10827,0.0686,0.058507,0.0047297,0.022151
0.054659,0.16207,0.27569,0.27456,0.15146,0.060377,0.0052943,0.015879,0.22195,0.26671,0.26825,0.087911,0.062463,0.043912,0.0054763,0.043328
0.078249,0.1512,0.31922,0.29093,0.087472,0.051466,0.0011226,0.020343,0.19293,0.29847,0.22572,0.11133,0.085606,0.0497,0.00059554,0.035639
0.069641,0.13606,0.33339,0.23532,0.12214,0.077371,0.0017877,0.02429,0.20495,0.3529,0.25526,0.090542,0.0422,0.029731,0.0035441,0.02087
0.0672,0.17053,0.3383,0.26121,0.10036,0.045267,0.0025282,0.014606,0.21128,0.30632,0.21838,0.14346,0.091033,0.024395,0.00010405,0.0050292
0.090914,0.20237,0.30678,0.22378,0.10926,0.043232,0.0038201,0.019846,0.23303,0.33132,0.20478,0.11559,0.082123,0.030606,0.0020752,0.00048186
0.083237,0.17346,0.2821,0.25281,0.14052,0.029122,0.009373,0.029379,0.23082,0.29482,0.23818,0.12551,0.07774,0.024048,6.8463e-005,0.0088172
0.081072,0.11846,0.31991,0.26768,0.10913,0.054297,0.0088416,0.040612,0.23469,0.30969,0.21842,0.11879,0.10304,0.007707,0.00010115,0.0075675
0.084537,0.11499,0.30412,0.28025,0.13651,0.057577,0.0031476,0.018873,0.26203,0.30326,0.25027,0.10701,0.060402,0.0073818,1.4393e-005,0.0096287
0.10423,0.15962,0.30124,0.29675,0.064137,0.054005,0.0038262,0.016197,0.2185,0.30478,0.235,0.12998,0.081116,0.026539,0.0012915,0.0027955
0.066153,0.16008,0.33596,0.29084,0.092115,0.036121,0.00092927,0.017807,0.23141,0.30729,0.23884,0.15268,0.02649,0.039112,0.00037937,0.0037964
0.076378,0.158,0.32861,0.27972,0.10982,0.031589,0.00068408,0.015198,0.29619,0.31668,0.1792,0.14316,0.033042,0.028616,0.00052846,0.0025953
0.093649,0.14476,0.32255,0.29082,0.096234,0.035176,0.00063203,0.016174,0.21599,0.27907,0.27704,0.1344,0.052047,0.032948,0.0011479,0.0073613
0.070844,0.15223,0.31095,0.28204,0.12352,0.042734,0.00029626,0.017387,0.24767,0.28832,0.27591,0.10945,0.042334,0.031469,7.2147e-007,0.004852
0.071795,0.13522,0.3143,0.29297,0.12476,0.044662,0.00017231,0.016123,0.22275,0.2497,0.32111,0.11327,0.055179,0.034094,0.0027224,0.0011733
0.089909,0.093875,0.36021,0.27545,0.099217,0.056145,0.0034739,0.021719,0.22036,0.24183,0.31151,0.098117,0.089401,0.033982,0.0034405,0.0013601
0.097995,0.14476,0.30124,0.27599,0.11287,0.048745,0.0068012,0.011588,0.2638,0.2856,0.24192,0.11461,0.050195,0.038212,0.0016761,0.0039876
0.071011,0.1298,0.30647,0.30137,0.13076,0.030079,0.0075895,0.022926,0.22668,0.26664,0.28294,0.1128,0.047321,0.050035,8.8229e-008,0.013584
0.085476,0.14172,0.30764,0.30546,0.11619,0.024516,0.0029532,0.016039,0.28278,0.23775,0.2416,0.12453,0.048224,0.043019,0.00095085,0.021147
0.059274,0.18098,0.31635,0.27693,0.1108,0.027169,0.0020903,0.02641,0.27748,0.25882,0.2126,0.16778,0.039899,0.027187,3.8404e-005,0.016193
0.04705,0.14914,0.33705,0.29025,0.12226,0.029602,0.001826,0.022821,0.25857,0.27636,0.24811,0.12317,0.075689,0.014541,0.0007614,0.0027863
0.081827,0.13202,0.27219,0.30718,0.1329,0.027036,0.0063656,0.040484,0.19302,0.29693,0.26891,0.13023,0.078349,0.023329,1.2151e-005,0.0092123
0.074288,0.17683,0.28156,0.27994,0.1074,0.04187,0.0034022,0.034706,0.20323,0.26339,0.23419,0.16197,0.093693,0.033395,0.00027223,0.0098692
0.099885,0.16401,0.29332,0.29463,0.095716,0.043473,0.0023715,0.006595,0.2074,0.24916,0.25408,0.13781,0.067231,0.078801,0.0011336,0.0043826
0.078055,0.16288,0.2898,0.29763,0.12363,0.03572,0.0022793,0.010011,0.19381,0.28053,0.26443,0.119,0.079598,0.047184,0.0023411,0.013095
0.06017,0.14243,0.35038,0.2664,0.10665,0.054583,0.0010315,0.018349,0.20045,0.30824,0.2402,0.12458,0.071018,0.042503,0.00042386,0.012593
0.076896,0.14165,0.42321,0.20676,0.1052,0.031109,0.00088267,0.014294,0.25558,0.23839,0.2809,0.095485,0.083818,0.03954,0.00059055,0.0056992
0.076253,0.1316,0.3749,0.22725,0.12789,0.046558,0.0059715,0.0095658,0.2581,0.24558,0.24628,0.13312,0.088108,0.016676,0.010327,0.0018078
0.068454,0.18651,0.30368,0.23158,0.12579,0.059913,0.00298,0.021089,0.21393,0.27157,0.25172,0.15897,0.060546,0.038834,6.7059e-006,0.0044147
0.061722,0.16297,0.31842,0.26255,0.11726,0.057687,0.0052794,0.014112,0.25392,0.28915,0.23534,0.14496,0.053864,0.015557,0.00043976,0.0067612
0.072803,0.11234,0.33309,0.28921,0.11494,0.045168,0.0039151,0.028532,0.28883,0.2742,0.23982,0.09539,0.079848,0.020023,0.001438,0.00045004
0.092493,0.15683,0.31863,0.28308,0.09314,0.030583,0.0031407,0.02211,0.24282,0.2801,0.26277,0.097453,0.079191,0.027851,0.0022238,0.0075817
0.084993,0.16753,0.32174,0.30246,0.084789,0.029255,0.0033143,0.0059157,0.21433,0.27576,0.30439,0.057777,0.083638,0.048885,0.010211,0.005018
0.11527,0.16771,0.23957,0.3266,0.11053,0.023793,0.00014262,0.016378,0.23596,0.27725,0.27444,0.092473,0.056229,0.058948,0.0009821,0.0037222
0.090452,0.17769,0.29765,0.27779,0.10234,0.019396,0.001355,0.033332,0.25636,0.31571,0.22223,0.11962,0.06164,0.016315,0.00084012,0.0072862
0.080303,0.17375,0.34466,0.27009,0.079185,0.030419,0.0045655,0.017027,0.27312,0.27232,0.20411,0.13329,0.088374,0.026162,0.00027524,0.0023416
0.056822,0.18204,0.32168,0.30427,0.066287,0.046639,0.0042188,0.018038,0.2335,0.26179,0.27357,0.12767,0.060281,0.029303,0.0025226,0.011357
0.068595,0.17065,0.3602,0.23459,0.09587,0.048904,0.0032166,0.017983,0.23549,0.26481,0.26257,0.11953,0.070516,0.024943,0.00051611,0.021623
0.085104,0.17475,0.33911,0.22055,0.11399,0.047302,1.7701e-005,0.01918,0.23196,0.33297,0.25023,0.10159,0.037124,0.041763,5.0564e-008,0.0043501
0.079256,0.17739,0.34753,0.24629,0.10445,0.021435,0.0005374,0.023108,0.20985,0.37371,0.26167,0.08593,0.038296,0.022471,0.00071111,0.0073564
0.071033,0.167,0.37226,0.26216,0.089025,0.01796,0.00017603,0.020388,0.24009,0.33771,0.23922,0.081767,0.050878,0.027666,0.0002586,0.022409
0.12965,0.16278,0.2912,0.28196,0.088529,0.024388,0.007598,0.013897,0.27471,0.30359,0.20296,0.07703,0.088569,0.02501,0.0020295,0.026091
0.084847,0.15104,0.35608,0.26218,0.090002,0.026462,0.0073044,0.022081,0.26657,0.32252,0.21661,0.087267,0.053986,0.028146,0.0072092,0.017694
0.11249,0.19825,0.24215,0.29176,0.095379,0.04147,0.00084784,0.017661,0.27506,0.3106,0.21757,0.10609,0.06082,0.025141,0.00041699,0.0043088
0.058651,0.16734,0.36162,0.28093,0.093917,0.025112,0.0022843,0.010144,0.29976,0.30196,0.21239,0.09356,0.058211,0.029352,0.0028615,0.0019133
0.073548,0.16754,0.3275,0.29759,0.075528,0.045315,0.00012579,0.012853,0.23591,0.29391,0.24711,0.12014,0.048298,0.041425,0.0020858,0.011133
0.092161,0.15622,0.26184,0.31356,0.081172,0.078802,0.0010205,0.015222,0.18616,0.33508,0.22834,0.15388,0.039127,0.045247,0.0023425,0.0098209
0.049279,0.12752,0.30341,0.32231,0.12722,0.045533,0.0029319,0.021794,0.26365,0.27754,0.18267,0.13761,0.072723,0.037575,0.0068603,0.021371
0.045977,0.12539,0.32092,0.32261,0.11891,0.043487,0.004292,0.018416,0.28443,0.24125,0.21807,0.11276,0.087558,0.049531,0.0017776,0.0046249
0.057171,0.093462,0.33883,0.30648,0.12746,0.050113,6.3764e-005,0.026414,0.31246,0.25813,0.23414,0.070152,0.075506,0.029643,0.00036048,0.019604
0.078531,0.094615,0.31447,0.30001,0.12685,0.069178,0.00066937,0.015677,0.28248,0.25137,0.26156,0.098592,0.050948,0.037451,0.00051625,0.017083
0.078814,0.08657,0.34074,0.31771,0.10794,0.052304,0.002806,0.013121,0.21007,0.29672,0.26343,0.12116,0.085252,0.0071016,0.0044779,0.011787
0.086956,0.10837,0.34822,0.25549,0.13333,0.053214,0.00010775,0.014308,0.30221,0.26286,0.22544,0.089005,0.085446,0.029404,0.0022357,0.0034036
0.077502,0.097565,0.3546,0.25227,0.14231,0.053387,0.00069475,0.021672,0.24511,0.23153,0.27399,0.15391,0.074759,0.013308,0.0030719,0.004331
0.047401,0.15542,0.31209,0.29675,0.12337,0.039626,0.002107,0.023233,0.20557,0.23656,0.32634,0.14577,0.07122,0.011249,0.0030511,0.00024171
0.058198,0.14755,0.33087,0.30578,0.099918,0.045178,2.766e-005,0.012481,0.26207,0.25493,0.2775,0.14809,0.03237,0.011979,0.004956,0.0080992
0.078151,0.14556,0.33314,0.26797,0.14318,0.025167,6.7292e-005,0.0067693,0.22172,0.31853,0.25164,0.1104,0.072206,0.014199,0.00013158,0.011161
0.070052,0.14665,0.37087,0.26517,0.1182,0.016638,0.00085566,0.011563,0.22636,0.25162,0.24,0.19883,0.062083,0.015736,0.0028543,0.0025184
0.062029,0.14841,0.32373,0.23858,0.14249,0.06075,0.0019968,0.022015,0.244,0.28162,0.23116,0.12705,0.082108,0.028709,0.0036797,0.001675
0.066351,0.11235,0.35589,0.27757,0.11191,0.055772,0.0066188,0.013535,0.24157,0.29276,0.20859,0.13156,0.08137,0.030108,0.00021365,0.013822
0.071349,0.10138,0.31786,0.33533,0.086349,0.066956,0.0018182,0.018952,0.25197,0.27442,0.20858,0.1322,0.10564,0.019141,0.00056208,0.0074908
0.088436,0.13666,0.28446,0.29571,0.11843,0.049067,0.0091856,0.018059,0.19705,0.32156,0.26532,0.11241,0.080856,0.0065303,0.0039638,0.01231
0.080808,0.14344,0.2706,0.29954,0.13668,0.037656,0.0041779,0.027102,0.20993,0.29572,0.28073,0.12044,0.051774,0.032841,0.0010718,0.0074976
0.092847,0.12588,0.35875,0.27098,0.10304,0.030989,0.00063514,0.016882,0.26441,0.2655,0.27773,0.0887,0.068998,0.012214,0.00512,0.017333
0.097668,0.15596,0.29531,0.26941,0.12799,0.042523,0.00016872,0.010967,0.23994,0.29669,0.20775,0.1332,0.060721,0.049972,0.0044899,0.0072353
0.09465,0.14021,0.30201,0.30896,0.10624,0.034716,0.00010681,0.013109,0.20104,0.36464,0.22809,0.11055,0.060249,0.025849,0.0042493,0.0053276
0.076645,0.18638,0.26294,0.2968,0.10153,0.053565,0.00017829,0.021954,0.23443,0.29079,0.18302,0.11957,0.10501,0.064657,0.0010654,0.0014657
0.062753,0.17006,0.27178,0.27928,0.12964,0.047466,0.00052953,0.038501,0.26034,0.22096,0.22528,0.10466,0.08927,0.077613,0.0050875,0.016793
0.066771,0.17991,0.30604,0.24955,0.10299,0.064749,0.0032717,0.026713,0.26765,0.23894,0.21464,0.13105,0.076083,0.053366,0.008648,0.0096223
0.066972,0.18781,0.28837,0.27176,0.08168,0.089731,0.0019874,0.011689,0.25602,0.25414,0.20221,0.14134,0.095636,0.03075,0.0026581,0.017238
0.059384,0.17905,0.32412,0.2127,0.10259,0.10417,0.0028233,0.015172,0.29148,0.24032,0.22502,0.12891,0.076424,0.021125,0.00548,0.011241
0.070294,0.15949,0.27057,0.3252,0.092216,0.063138,2.1948e-008,0.019091,0.27606,0.24307,0.23313,0.1334,0.070842,0.030121,0.0063675,0.0070052
0.073075,0.14993,0.32984,0.28737,0.085412,0.053951,0.0031518,0.017262,0.28498,0.2393,0.28391,0.096466,0.067318,0.016909,0.0038601,0.0072656
0.069202,0.14035,0.30534,0.30896,0.073298,0.084314,0.0036191,0.014922,0.224,0.27762,0.28037,0.10066,0.092129,0.013027,0.00071305,0.011478
0.069126,0.14687,0.33087,0.2862,0.087053,0.057736,0.0082513,0.013894,0.25089,0.26479,0.27201,0.11342,0.071836,0.020937,0.0034713,0.0026456
0.05344,0.19777,0.30737,0.29033,0.08811,0.044173,0.0064793,0.012331,0.27494,0.27826,0.2643,0.09235,0.04959,0.036602,0.00014747,0.003806
0.071819,0.16088,0.33267,0.2714,0.072771,0.076092,0.00078569,0.013586,0.25025,0.23958,0.34148,0.093097,0.043406,0.023119,0.0084021,0.00066929
0.091597,0.12152,0.33297,0.29744,0.095371,0.038382,0.0011111,0.021605,0.23027,0.2774,0.33683,0.095575,0.043635,0.012,0.0003897,0.0039095
0.089784,0.099759,0.39983,0.25558,0.082105,0.041136,0.00020866,0.031596,0.21091,0.31178,0.29122,0.094265,0.062061,0.017294,0.0018427,0.010629
0.084444,0.10226,0.32637,0.30235,0.12163,0.046073,0.00049573,0.016376,0.29544,0.24896,0.22843,0.1128,0.067795,0.023022,0.0097686,0.013777
0.066574,0.14659,0.28068,0.32114,0.10573,0.052361,4.9517e-006,0.026926,0.24698,0.28495,0.28752,0.08763,0.065711,0.01072,0.0058419,0.010655
0.06052,0.10343,0.33441,0.32319,0.092071,0.063177,0.0039209,0.019286,0.24861,0.25333,0.29014,0.11018,0.063277,0.013592,0.0006716,0.020203
0.073826,0.19125,0.28775,0.3153,0.085548,0.037776,0.0016316,0.0069133,0.23359,0.26463,0.26587,0.11637,0.081845,0.033169,0.0013582,0.0031668
0.077527,0.16692,0.29874,0.27679,0.1237,0.029506,0.0047268,0.022084,0.21402,0.31476,0.26344,0.096163,0.061153,0.038513,0.0047253,0.0072346
0.086256,0.14852,0.28513,0.31745,0.099331,0.043132,0.0001528,0.02002,0.18258,0.29552,0.30615,0.11149,0.06012,0.037763,0.00356,0.0028128
0.066526,0.15089,0.30913,0.31717,0.085287,0.04131,0.00086239,0.028829,0.21007,0.26443,0.32033,0.11733,0.040873,0.034047,0.00010548,0.012811
0.080815,0.12092,0.29552,0.30938,0.10545,0.075172,0.0011838,0.011563,0.26519,0.29408,0.23095,0.11112,0.072554,0.02186,2.7414e-005,0.0042224
0.080346,0.14017,0.29604,0.30573,0.11299,0.04253,0.0039634,0.018225,0.20871,0.25873,0.27361,0.12715,0.077942,0.041875,0.0013106,0.010676
0.085316,0.17303,0.29711,0.28856,0.099863,0.028468,0.00083669,0.026821,0.19763,0.2395,0.26113,0.16722,0.077391,0.051943,0.0002115,0.0049797
0.058321,0.16627,0.25488,0.3002,0.13446,0.072207,0.0018253,0.011833,0.21864,0.30733,0.22114,0.13533,0.061679,0.049501,0.0026092,0.0037742
0.073443,0.17088,0.25552,0.30093,0.096967,0.083791,0.0013307,0.017142,0.23329,0.27534,0.27846,0.12283,0.060514,0.023633,2.1978e-005,0.0059123
0.074614,0.15519,0.28538,0.28514,0.10219,0.089219,0.00027592,0.0079843,0.25697,0.24502,0.2626,0.14174,0.064822,0.02693,6.7708e-005,0.0018446
0.066382,0.16223,0.30207,0.30261,0.060328,0.086529,0.00079111,0.019061,0.26396,0.29173,0.25805,0.11006,0.059478,0.0149,0.00092579,0.00088043
0.095315,0.16495,0.28879,0.28429,0.07366,0.075887,5.6162e-005,0.017055,0.20751,0.31372,0.25143,0.14571,0.067076,0.010076,7.4352e-008,0.0044845
0.086537,0.14869,0.31832,0.29483,0.072533,0.070641,0.00028124,0.0081598,0.19814,0.31632,0.24493,0.17889,0.041436,0.017259,2.2902e-009,0.0030115
0.060561,0.16476,0.31898,0.29646,0.092296,0.059049,0.00029696,0.0075995,0.21788,0.29941,0.22887,0.16172,0.050957,0.027752,0.0038166,0.0095887
0.090856,0.16943,0.26864,0.2967,0.10833,0.047192,0.0047793,0.014073,0.21011,0.26851,0.26777,0.15707,0.052766,0.018302,0.00056445,0.024904
0.076027,0.14408,0.29381,0.3183,0.094159,0.061679,0.0033868,0.0085489,0.19784,0.2539,0.30096,0.10997,0.095208,0.017548,0.004783,0.01979
0.093658,0.15049,0.26624,0.28567,0.11218,0.07869,0.0031194,0.0099582,0.24794,0.2785,0.22414,0.094448,0.084139,0.036769,0.00061611,0.033441
0.085425,0.17066,0.26267,0.2907,0.11745,0.06263,0.0057664,0.0046946,0.21177,0.26307,0.28811,0.1237,0.070362,0.035004,9.0632e-005,0.0078905
0.082456,0.13086,0.28975,0.31894,0.093195,0.058088,0.0038111,0.022893,0.23158,0.34675,0.207,0.12811,0.061991,0.022339,0.00013656,0.0020947
0.087581,0.13712,0.26005,0.29721,0.12531,0.064207,0.0055515,0.022969,0.19492,0.28286,0.24128,0.14461,0.090194,0.029369,0.00029586,0.016454
0.074004,0.16392,0.24931,0.28973,0.11801,0.082871,0.0011369,0.021025,0.19146,0.30756,0.21701,0.16619,0.077425,0.016048,0.0001446,0.02415
0.057018,0.15913,0.29428,0.30896,0.13365,0.035554,0.0050013,0.0064065,0.18707,0.25169,0.32134,0.13991,0.061101,0.028371,0.0055243,0.0050018
0.060465,0.15532,0.28901,0.28725,0.14517,0.049804,0.00049187,0.012483,0.23329,0.27907,0.25743,0.11448,0.070518,0.041659,0.0026024,0.00094957
0.076821,0.17655,0.30272,0.28936,0.090676,0.045518,0.0016786,0.016674,0.2301,0.26399,0.27921,0.1478,0.053232,0.0099106,0.0046447,0.011108
0.073431,0.15005,0.28875,0.29708,0.10598,0.058508,0.0009486,0.025245,0.20249,0.26666,0.29595,0.16016,0.05097,0.016567,1.8471e-006,0.0072031
0.081295,0.1291,0.29334,0.33073,0.090463,0.055066,0.0046679,0.015332,0.22805,0.2949,0.2344,0.11053,0.07393,0.051193,0.0016005,0.0053905
0.047238,0.17501,0.31377,0.31979,0.090334,0.043099,0.00066592,0.010085,0.25062,0.27416,0.25649,0.11747,0.070126,0.022532,0.0017091,0.0069003
0.056026,0.18047,0.28777,0.29595,0.099431,0.062467,0.00088721,0.016998,0.19363,0.287,0.27466,0.12608,0.075325,0.032716,1.967e-005,0.010563
0.049857,0.17283,0.24913,0.3127,0.12294,0.062921,0.0045043,0.025118,0.19957,0.26392,0.30002,0.11829,0.041192,0.032191,0.0058758,0.038941
0.058865,0.17014,0.27507,0.31608,0.10363,0.042013,0.0015169,0.032693,0.22459,0.31319,0.26441,0.11595,0.049653,0.025775,0.0007253,0.0057033
0.068594,0.1716,0.289,0.2608,0.10904,0.078829,0.0074516,0.014682,0.20814,0.34827,0.22039,0.13139,0.061684,0.024863,1.8047e-007,0.0052632
0.055382,0.17505,0.25389,0.28777,0.14204,0.075089,0.00239,0.0083824,0.17331,0.35108,0.26266,0.11548,0.063997,0.017618,0.0012699,0.014571
0.091746,0.18006,0.27209,0.26849,0.10769,0.059782,0.0072243,0.012915,0.17766,0.291,0.30278,0.15092,0.053215,0.015017,0.00010453,0.0093014
0.071972,0.16553,0.27149,0.27754,0.12556,0.073698,0.0027329,0.011486,0.19546,0.33079,0.27672,0.11933,0.055336,0.011516,0.00010229,0.010751
0.069879,0.18408,0.33174,0.23443,0.10678,0.046531,0.0081263,0.018444,0.22351,0.27973,0.31749,0.10655,0.059512,0.010854,0.0015443,0.00080767
0.062123,0.13767,0.3556,0.24216,0.11405,0.059495,0.010426,0.018478,0.20377,0.31664,0.25071,0.13344,0.073499,0.015701,0.0003194,0.0059279
0.066286,0.15206,0.33872,0.24806,0.089281,0.084141,0.000934,0.020519,0.19807,0.36218,0.20104,0.14546,0.06278,0.026091,0.0012712,0.0031117
0.070385,0.15573,0.29529,0.26613,0.12181,0.062688,0.0022433,0.02572,0.2078,0.32982,0.23478,0.11431,0.084171,0.022575,0.0037886,0.0027525
0.092084,0.10847,0.32704,0.30505,0.084893,0.047732,0.011269,0.023465,0.18861,0.30166,0.25183,0.12996,0.1123,0.012226,0.00026241,0.0031509
0.097691,0.15791,0.31824,0.26109,0.082794,0.050411,0.01609,0.01577,0.21374,0.32301,0.23544,0.13533,0.071176,0.019263,0.0004796,0.0015606
0.067619,0.14985,0.32341,0.311,0.094854,0.039034,0.0032829,0.010944,0.24292,0.28268,0.21695,0.15709,0.076658,0.022417,2.1452e-005,0.0012629
0.058401,0.15013,0.29617,0.31714,0.10055,0.053937,0.00014731,0.023524,0.20444,0.32005,0.25399,0.12564,0.068036,0.026477,0.00047931,0.00089707
0.072606,0.10402,0.34725,0.29831,0.099084,0.061988,0.0054637,0.011275,0.23782,0.34388,0.20399,0.10253,0.076742,0.01696,0.013933,0.0041476
0.086045,0.13331,0.32706,0.27726,0.1132,0.049684,0.0015014,0.011948,0.23372,0.28276,0.22025,0.12166,0.099432,0.036636,1.0742e-006,0.0055338
0.07605,0.1151,0.36607,0.28238,0.10506,0.046642,0.00077977,0.0079221,0.20549,0.30031,0.23081,0.15403,0.060744,0.047371,0.00016079,0.0010799
0.057621,0.11441,0.30274,0.31806,0.13903,0.044716,0.0043386,0.019084,0.21082,0.33568,0.21802,0.12955,0.068308,0.035041,0.0023863,0.0001902
0.063092,0.15745,0.26801,0.3341,0.12915,0.04138,1.2531e-005,0.0068078,0.17366,0.35816,0.2323,0.14061,0.062607,0.025577,0.0045175,0.0025662
0.075632,0.13888,0.28508,0.30381,0.11007,0.062664,0.0035149,0.020341,0.20988,0.30879,0.23462,0.13121,0.054269,0.03603,0.0039645,0.021237
0.05886,0.14891,0.26948,0.34862,0.092799,0.060329,0.00064474,0.020367,0.15946,0.31936,0.28798,0.14497,0.052807,0.033125,0.00016797,0.0021287
0.065885,0.1518,0.31019,0.30351,0.093259,0.0602,1.0743e-005,0.01514,0.20249,0.30707,0.26758,0.11791,0.069444,0.029047,0.0032437,0.0032103
0.08913,0.14131,0.3056,0.27632,0.10989,0.046765,0.0013373,0.029651,0.18561,0.33889,0.25329,0.11858,0.063195,0.030978,0.00012888,0.0093174
0.0617,0.15216,0.37136,0.265,0.087436,0.036887,0.0070765,0.018383,0.2312,0.27534,0.27753,0.094701,0.071973,0.044647,0.0019853,0.002617
0.064538,0.15149,0.314,0.31018,0.081436,0.068152,0.0010214,0.0091843,0.22413,0.27834,0.25823,0.10652,0.081552,0.049773,7.4874e-005,0.0013773
0.057332,0.12401,0.33438,0.31209,0.1023,0.054455,0.0040593,0.01137,0.25621,0.31512,0.2367,0.10493,0.071136,0.015247,1.3257e-005,0.00065265
0.069535,0.11257,0.31541,0.30182,0.10266,0.088973,0.00039504,0.0086403,0.22531,0.26967,0.30835,0.12078,0.067761,0.0031666,0.00075634,0.0042091
0.056967,0.16718,0.3375,0.27286,0.091186,0.055335,0.0052119,0.013762,0.2019,0.26818,0.28942,0.12107,0.080627,0.020988,0.0073236,0.010498
0.08195,0.15735,0.33518,0.23533,0.12728,0.040662,0.0022812,0.019969,0.18901,0.29909,0.23026,0.1071,0.12032,0.027985,0.010878,0.015358
0.095283,0.19646,0.26725,0.22078,0.14329,0.059208,0.0007376,0.016984,0.17337,0.31176,0.23314,0.16721,0.067166,0.026818,0.00010212,0.020435
0.092448,0.16312,0.26044,0.31007,0.11931,0.04081,0.0025691,0.011244,0.19193,0.31238,0.23205,0.14828,0.069273,0.036742,0.00194,0.0074063
0.070933,0.13389,0.3071,0.27347,0.13877,0.03783,0.013428,0.024574,0.20107,0.27879,0.22255,0.16453,0.070265,0.037646,0.00049682,0.024652
0.10113,0.11393,0.33321,0.27564,0.12828,0.030705,0.0020422,0.015049,0.22214,0.29658,0.24571,0.11578,0.066043,0.049225,0.00051162,0.004012
0.072503,0.1216,0.33644,0.26483,0.12325,0.068468,0.00045658,0.012463,0.21675,0.29397,0.22788,0.17634,0.064194,0.017785,0.00010059,0.0029836
0.08379,0.13477,0.27841,0.29015,0.13388,0.053244,0.0014683,0.024291,0.25958,0.30495,0.22566,0.12262,0.064819,0.015121,0.0012483,0.0060077
0.085951,0.18414,0.29847,0.25609,0.096263,0.055033,0.0013319,0.022718,0.25076,0.2645,0.23204,0.14384,0.062525,0.038277,0.0016496,0.0064048
0.067319,0.16525,0.29392,0.24327,0.14062,0.07792,0.00035904,0.011334,0.16728,0.32168,0.28337,0.14322,0.065471,0.012079,3.5725e-005,0.0068638
0.078435,0.16147,0.29402,0.25148,0.13914,0.052529,0.00029346,0.022634,0.22163,0.30153,0.25452,0.11621,0.085295,0.01255,0.00010033,0.0081659
0.088437,0.14044,0.28956,0.307,0.10106,0.036083,0.00023796,0.03718,0.20458,0.26949,0.27654,0.1517,0.086085,0.005761,0.00055437,0.0052884
0.083441,0.11661,0.33257,0.27391,0.10415,0.07109,0.0046464,0.013586,0.18433,0.31382,0.25073,0.14488,0.085692,0.01722,0.0003427,0.002983
0.077838,0.16222,0.31536,0.23943,0.15474,0.041835,7.7593e-005,0.0084914,0.25357,0.32793,0.21679,0.12177,0.060809,0.015958,0.00012651,0.0030486
0.078116,0.14763,0.28307,0.33834,0.096391,0.039266,0.0010171,0.016172,0.22672,0.29586,0.2709,0.10287,0.071476,0.0089522,0.0015207,0.021706
0.060349,0.12422,0.28472,0.3268,0.12793,0.051061,0.0036655,0.021251,0.19692,0.32511,0.24144,0.11222,0.073894,0.010716,0.0063194,0.033381
0.078495,0.15005,0.29143,0.28114,0.11243,0.047485,0.0098004,0.029169,0.17566,0.28085,0.24432,0.18888,0.072234,0.014578,0.0052261,0.018247
0.07175,0.18945,0.27239,0.28723,0.11078,0.040505,0.0020388,0.025864,0.21314,0.29336,0.20965,0.18445,0.056279,0.030047,0.0055889,0.0074812
0.061357,0.12779,0.32112,0.29464,0.092977,0.08454,0.0086277,0.0089564,0.249,0.24989,0.24595,0.14079,0.064705,0.029365,0.0032076,0.017088
0.071089,0.16878,0.28084,0.31316,0.060758,0.083213,0.013493,0.0086576,0.26903,0.22607,0.26076,0.12725,0.068347,0.033693,0.0051175,0.0097315
0.075787,0.14708,0.28222,0.31164,0.10726,0.065339,0.0071129,0.003565,0.25372,0.26682,0.20427,0.1698,0.081412,0.016093,0.0013383,0.0065388
0.068344,0.14051,0.35691,0.29736,0.075022,0.05009,0.0010127,0.010746,0.23919,0.29996,0.254,0.13985,0.046319,0.015568,0.00031778,0.0048022
0.074397,0.13799,0.30824,0.29284,0.11521,0.051562,0.0004988,0.019273,0.17684,0.30907,0.25262,0.17035,0.047233,0.032366,0.00047875,0.011044
0.082647,0.14385,0.28872,0.24386,0.12508,0.093638,0.0017918,0.020413,0.17596,0.28818,0.24038,0.18712,0.074028,0.023841,6.1538e-005,0.010426
0.078787,0.1576,0.29074,0.25375,0.13686,0.058114,0.0026677,0.021472,0.20206,0.26792,0.26335,0.15056,0.090141,0.022325,0.0016303,0.0020109
0.05421,0.16383,0.32054,0.28952,0.10652,0.054657,0.00076711,0.009965,0.23238,0.23737,0.25837,0.15332,0.068292,0.020951,0.0062378,0.023082
0.066433,0.14402,0.28346,0.31616,0.1012,0.069989,0.0035503,0.015198,0.26289,0.24512,0.27021,0.14363,0.047092,0.019159,1.1208e-005,0.011886
0.075618,0.17617,0.25777,0.2925,0.10192,0.075157,0.0022698,0.018594,0.23036,0.32377,0.24637,0.11539,0.056463,0.025968,3.7412e-005,0.0016466
0.076692,0.17107,0.28917,0.25633,0.094777,0.088535,0.0012384,0.022188,0.23104,0.32589,0.23201,0.15336,0.039357,0.01469,5.9626e-005,0.0035955
0.086241,0.15915,0.27826,0.2728,0.10038,0.048296,0.0018247,0.053055,0.23214,0.32638,0.2157,0.16085,0.046926,0.0097766,0.0040396,0.004179
0.074353,0.15636,0.27831,0.28857,0.10502,0.067682,0.00058429,0.029121,0.25447,0.32388,0.17373,0.17821,0.027746,0.018884,0.0029377,0.02014
0.044296,0.14262,0.26907,0.36801,0.088105,0.051367,2.4031e-005,0.036495,0.19056,0.32466,0.22196,0.15875,0.076826,0.016332,3.5068e-006,0.010911
0.030426,0.15394,0.2717,0.34819,0.12996,0.046079,0.00045097,0.019253,0.18528,0.27782,0.28829,0.16741,0.065009,0.011736,0.0029029,0.0015587
0.053158,0.15172,0.2566,0.30952,0.14841,0.057066,8.4756e-006,0.023514,0.19619,0.2826,0.25312,0.17497,0.059097,0.024775,0.00011798,0.0091245
0.057042,0.17938,0.29191,0.27905,0.11709,0.05726,0.00014919,0.018117,0.18603,0.28341,0.26397,0.13738,0.09083,0.032081,6.2966e-005,0.0062391
0.088531,0.18261,0.28276,0.25834,0.12166,0.05655,0.00068609,0.0088643,0.20118,0.3219,0.25401,0.1412,0.040762,0.019037,0.0017714,0.020138
0.060034,0.15915,0.26362,0.28678,0.13912,0.076548,0.0019353,0.012807,0.20271,0.26938,0.28342,0.14754,0.063048,0.01349,0.004047,0.016375
0.088951,0.18018,0.23436,0.25955,0.13814,0.072104,3.6044e-006,0.026718,0.20984,0.32244,0.26363,0.11729,0.064222,0.015888,0.00031577,0.0063674
0.10111,0.15035,0.25163,0.32207,0.095975,0.049939,0.0026001,0.026331,0.22928,0.30838,0.2559,0.12843,0.045177,0.03004,3.24e-005,0.0027644
0.095915,0.1781,0.24903,0.30628,0.098186,0.061644,0.0023339,0.0085193,0.24373,0.30344,0.24346,0.15239,0.038984,0.016373,0.00011115,0.0015153
0.076949,0.1708,0.29236,0.29504,0.096646,0.046833,0.00094923,0.020416,0.20238,0.32035,0.23243,0.14527,0.060856,0.037775,1.6903e-005,0.00091641
0.072864,0.1885,0.2858,0.27585,0.081165,0.078325,0.0018786,0.015618,0.21896,0.27504,0.25861,0.13936,0.072634,0.032631,0.00010121,0.00266
0.050572,0.18322,0.29104,0.26871,0.09665,0.095698,4.6857e-006,0.014104,0.21169,0.33418,0.20655,0.15709,0.064752,0.022254,0.00046697,0.00302
0.049564,0.19828,0.32593,0.25993,0.079686,0.076975,0.0001981,0.0094312,0.16322,0.33783,0.25169,0.15038,0.070465,0.024666,0.00069091,0.0010633
0.04277,0.19418,0.33412,0.2813,0.071863,0.065935,6.6829e-005,0.0097762,0.23148,0.31623,0.223,0.11285,0.080173,0.023512,0.0072068,0.0055512
0.11117,0.15853,0.30597,0.2433,0.10338,0.059665,0.00013846,0.017846,0.20958,0.29346,0.24039,0.11548,0.083395,0.043868,0.0060267,0.0078044
0.060843,0.1403,0.31145,0.3226,0.10693,0.043225,0.0028848,0.011773,0.25831,0.28469,0.20455,0.12391,0.062728,0.044717,0.001089,0.020004
0.073074,0.18631,0.30612,0.26077,0.10224,0.048305,0.0059449,0.017226,0.2353,0.29377,0.20404,0.141,0.083044,0.025727,0.0078678,0.0092498
0.089611,0.14327,0.27423,0.27043,0.11409,0.08165,0.0011043,0.025605,0.24081,0.29814,0.25655,0.10283,0.042161,0.039954,7.5676e-005,0.019479
0.065132,0.18181,0.26585,0.28625,0.12635,0.053474,6.4831e-006,0.021133,0.20087,0.29089,0.24767,0.15302,0.060778,0.036985,0.00085936,0.0089324
0.094088,0.16025,0.31638,0.23061,0.113,0.062712,0.00013711,0.022829,0.20437,0.32009,0.21368,0.16957,0.048067,0.034159,1.4033e-005,0.010051
0.067967,0.15561,0.25833,0.33,0.095294,0.075004,0.0019184,0.01588,0.2212,0.31157,0.20193,0.15586,0.061668,0.019404,0.017488,0.010876
0.068618,0.17951,0.31863,0.29101,0.079016,0.053163,0.0010076,0.0090424,0.23375,0.28053,0.25476,0.13561,0.063089,0.023349,0.0045798,0.0043257
0.076596,0.15728,0.3049,0.27989,0.10319,0.053875,0.00021351,0.024049,0.26511,0.25955,0.2228,0.14622,0.075973,0.0073444,0.0025256,0.020483
0.079686,0.12913,0.30793,0.28049,0.10305,0.076878,0.00040899,0.022432,0.22262,0.3349,0.24312,0.11941,0.064418,0.012156,0.00044153,0.0029357
0.089887,0.18194,0.30092,0.28294,0.077933,0.048312,0.00053761,0.017541,0.19321,0.36301,0.26763,0.13013,0.042699,0.0013138,0.00015131,0.0018438
0.073901,0.15374,0.3049,0.29584,0.084055,0.06597,0.0020662,0.019531,0.24867,0.33147,0.20804,0.1282,0.06865,0.0097711,0.00038446,0.0048135
0.060372,0.18269,0.28135,0.25971,0.093783,0.094948,0.013204,0.013947,0.23499,0.29987,0.23395,0.14954,0.059274,0.021307,9.0628e-005,0.00097764
0.071087,0.20495,0.22319,0.31843,0.091831,0.077002,0.00049799,0.013021,0.26919,0.2711,0.22147,0.10886,0.10598,0.018137,0.0022617,0.0029881
0.067741,0.1854,0.26931,0.27151,0.10911,0.066221,0.0067175,0.023996,0.24026,0.27218,0.25853,0.12812,0.067712,0.03038,0.00025652,0.0025666
0.072738,0.14842,0.26765,0.33697,0.087675,0.068226,0.00056619,0.017756,0.23101,0.27896,0.28284,0.090657,0.058744,0.04338,0.00095148,0.013454
0.069784,0.15151,0.25847,0.33929,0.1118,0.057861,2.2409e-006,0.011291,0.24083,0.30299,0.24875,0.083064,0.069055,0.040159,0.00014428,0.015005
0.084778,0.16139,0.23495,0.33578,0.12004,0.035636,0.00021154,0.027204,0.21813,0.33845,0.2495,0.098877,0.059218,0.026339,0.00071555,0.0087697
0.086693,0.17056,0.22455,0.32259,0.12655,0.039805,0.00081179,0.028436,0.26037,0.27363,0.21916,0.12251,0.070657,0.051073,0.0013068,0.0012981
0.070803,0.17729,0.22755,0.29664,0.13034,0.076699,0.0032927,0.017392,0.27876,0.31714,0.17595,0.13493,0.051064,0.031934,0.0017766,0.008443
0.083455,0.18222,0.2681,0.29376,0.11308,0.05106,4.4087e-006,0.0083121,0.29682,0.24548,0.21795,0.13592,0.060398,0.033817,0.0014981,0.0081219
0.064773,0.18508,0.2939,0.24749,0.1065,0.083047,8.6794e-005,0.019115,0.24297,0.28064,0.22336,0.13502,0.076188,0.024341,7.2243e-005,0.017415
0.059391,0.1654,0.3047,0.2493,0.10806,0.081222,0.0064109,0.025514,0.23749,0.2995,0.23279,0.11659,0.064999,0.025298,0.00029986,0.023037
0.050853,0.14914,0.32668,0.29464,0.11107,0.047687,6.0708e-005,0.019875,0.21473,0.33448,0.18968,0.11014,0.07728,0.039914,0.0044674,0.029308
0.064876,0.13311,0.3,0.31925,0.11085,0.060799,0.00019714,0.01091,0.18663,0.28721,0.27172,0.11799,0.094852,0.026571,0.003018,0.01201
0.075441,0.14923,0.32019,0.26208,0.13727,0.037443,0.00017573,0.018174,0.2068,0.33303,0.27036,0.097686,0.051818,0.032006,0.0034877,0.0048166
0.099249,0.13163,0.32912,0.26105,0.12019,0.04181,0.00026647,0.01669,0.19448,0.33201,0.22084,0.11393,0.06177,0.06159,0.0078678,0.0075176
0.08195,0.16798,0.28166,0.29037,0.10932,0.041932,0.0010735,0.025708,0.20485,0.27983,0.26718,0.13902,0.057301,0.027653,0.014049,0.010115
0.10637,0.16715,0.27585,0.2679,0.12335,0.045297,0.00089028,0.013185,0.19731,0.31314,0.26813,0.11527,0.070253,0.016301,0.010405,0.0091831
0.06816,0.14727,0.3082,0.27061,0.12722,0.042781,0.014323,0.021432,0.16944,0.33595,0.23171,0.14071,0.09443,0.016378,0.0049229,0.0064532
0.064858,0.15167,0.32692,0.26526,0.12252,0.040847,0.0058195,0.022104,0.18888,0.31536,0.22778,0.12267,0.12188,0.0097798,0.0016116,0.012035
0.082666,0.17504,0.28757,0.27035,0.10858,0.046872,0.0058599,0.023064,0.21633,0.27538,0.25077,0.12626,0.10148,0.0077873,0.0066644,0.01533
0.062334,0.16346,0.35486,0.26856,0.095666,0.034071,0.005428,0.01562,0.2239,0.31046,0.24702,0.10751,0.070124,0.026921,0.00090746,0.013157
0.058091,0.17309,0.32665,0.29057,0.082732,0.059674,0.00026202,0.0089345,0.18889,0.30193,0.27556,0.093132,0.093432,0.033843,0.0024845,0.010735
0.047949,0.16388,0.30861,0.29482,0.11835,0.038562,0.00322,0.024606,0.16084,0.33982,0.24752,0.11408,0.10833,0.019565,0.0017148,0.0081364
0.055917,0.15462,0.33938,0.26661,0.12319,0.04352,0.00075109,0.016013,0.16617,0.26721,0.28348,0.16829,0.086471,0.024408,0.00051348,0.0034517
0.07455,0.16729,0.27472,0.31267,0.11331,0.040127,0.00028431,0.017047,0.14787,0.35418,0.21176,0.16907,0.075084,0.025204,0.012954,0.0038841
0.061656,0.17592,0.26771,0.3298,0.11888,0.036248,0.00070864,0.0090675,0.17604,0.32454,0.19646,0.15217,0.11495,0.025871,0.0025827,0.00738
0.065126,0.18423,0.27424,0.26569,0.12446,0.058776,0.0037732,0.023702,0.21569,0.30584,0.23481,0.10751,0.070201,0.056021,0.0030982,0.0068268
0.07856,0.15978,0.25122,0.33972,0.074081,0.076601,0.004124,0.015911,0.22626,0.28889,0.25963,0.14031,0.049372,0.028742,0.004275,0.0025176
0.067597,0.1678,0.26237,0.31872,0.08244,0.077955,0.0021424,0.020969,0.20853,0.29619,0.27899,0.10578,0.072633,0.02774,0.0052675,0.0048606
0.083751,0.14103,0.34581,0.25331,0.10785,0.049169,0.00055675,0.018524,0.16444,0.32913,0.28556,0.12796,0.04328,0.033068,0.00091155,0.015654
0.067694,0.15339,0.34955,0.26771,0.091812,0.048335,0.0016167,0.019893,0.16049,0.2741,0.28888,0.14566,0.065585,0.034308,0.0093777,0.021601
0.088676,0.15292,0.32606,0.26085,0.10017,0.065269,0.00011932,0.0059267,0.19028,0.32115,0.28363,0.096787,0.063041,0.025699,0.0020939,0.017325
0.050437,0.16934,0.29545,0.28641,0.10133,0.070743,0.0011508,0.025136,0.19766,0.27537,0.23342,0.11454,0.11101,0.037535,0.003157,0.027296
0.067978,0.13767,0.29201,0.33383,0.089556,0.066871,0.0029907,0.0091025,0.24347,0.23909,0.26223,0.14909,0.075498,0.026791,0.00275,0.0010848
0.056617,0.16537,0.32744,0.27986,0.080155,0.078629,0.0043573,0.0075662,0.25614,0.24202,0.25054,0.11764,0.073892,0.040211,0.004543,0.01501
0.081527,0.13185,0.32415,0.31878,0.083645,0.04166,0.0019992,0.016384,0.25823,0.29115,0.24993,0.12223,0.048668,0.022263,3.3181e-005,0.0074975
0.06763,0.15545,0.28996,0.29557,0.099943,0.044672,0.0057973,0.040984,0.26038,0.32959,0.20464,0.1138,0.068507,0.016753,0.0019508,0.0043845
0.055644,0.15653,0.37746,0.27326,0.07909,0.034451,0.0036407,0.019933,0.23985,0.31523,0.262,0.10368,0.064691,0.0083021,0.0029055,0.0033491
0.043895,0.11245,0.36257,0.32813,0.085357,0.05396,6.4226e-007,0.013645,0.19136,0.33686,0.29469,0.074545,0.078328,0.011339,0.012424,0.00045807
0.064495,0.16595,0.32242,0.29316,0.10251,0.038173,2.8487e-005,0.013256,0.23379,0.30527,0.29068,0.085989,0.053178,0.027792,0.00029835,0.0030102
0.06498,0.15536,0.31585,0.29108,0.097073,0.055445,0.00041451,0.019791,0.25852,0.29093,0.24905,0.11641,0.02198,0.033807,0.00026097,0.029046
0.098278,0.12568,0.31319,0.29221,0.10508,0.057867,0.0014795,0.006214,0.24927,0.32226,0.21589,0.12724,0.050409,0.014069,0.0077267,0.013143
0.078972,0.16146,0.28375,0.26738,0.13059,0.063827,0.0013059,0.012717,0.29089,0.26705,0.23374,0.12084,0.053421,0.020571,0.0011817,0.012304
0.070051,0.16682,0.27759,0.34289,0.079121,0.053156,0.0061631,0.0042129,0.23716,0.24504,0.29031,0.12882,0.078767,0.014968,0.0011655,0.0037688
0.084425,0.12212,0.28462,0.33049,0.10456,0.054418,0.0030696,0.016304,0.22923,0.27353,0.32228,0.081898,0.067085,0.025135,0.00048643,0.00035421
0.077279,0.11146,0.32682,0.30287,0.11549,0.030729,0.0080715,0.027285,0.21613,0.22315,0.29113,0.12064,0.095519,0.034836,0.0099808,0.0086123
0.058787,0.16158,0.3276,0.3028,0.10501,0.026237,0.0099854,0.0079981,0.16896,0.29621,0.28529,0.13676,0.070184,0.016831,0.003316,0.022439
0.065804,0.16332,0.32891,0.26572,0.089034,0.060364,0.0001902,0.02666,0.21485,0.29341,0.26766,0.11692,0.067853,0.019532,0.01534,0.0044414
0.079005,0.15317,0.30694,0.26224,0.10666,0.059372,0.011499,0.021105,0.20951,0.28797,0.28687,0.11537,0.071185,0.021533,0.00016792,0.0074036
0.078101,0.15807,0.34064,0.27356,0.089272,0.041071,0.0020907,0.017191,0.1741,0.34263,0.26662,0.10555,0.079265,0.022021,0.0027268,0.0070797
0.078189,0.19055,0.31751,0.25612,0.088807,0.041392,0.0076804,0.019752,0.18953,0.33446,0.237,0.10523,0.09669,0.024968,0.0012984,0.010827
0.074597,0.18337,0.27871,0.29032,0.081701,0.069325,0.0061792,0.015793,0.22882,0.29671,0.25737,0.11416,0.07198,0.027096,0.0010938,0.0027715
0.074484,0.15725,0.27341,0.2515,0.12092,0.098269,0.012989,0.011188,0.21151,0.27278,0.27953,0.13833,0.064695,0.024249,8.5918e-005,0.0088183
0.1021,0.15766,0.29972,0.27595,0.075087,0.080681,0.0013297,0.0074676,0.18775,0.34516,0.24664,0.12176,0.053175,0.020996,0.00041339,0.024113
0.055604,0.15803,0.31337,0.29759,0.085564,0.069797,0.0033222,0.016729,0.20256,0.32253,0.24129,0.097657,0.10586,0.014101,0.00036947,0.015635
0.053161,0.16205,0.30482,0.31552,0.080192,0.0651,0.0046374,0.014517,0.17432,0.34563,0.2401,0.11981,0.094456,0.019689,0.00027841,0.0057168
0.086094,0.15307,0.30642,0.30276,0.079814,0.036285,0.012535,0.023024,0.20582,0.30267,0.27474,0.10993,0.083013,0.015629,0.0024453,0.0057563
0.072058,0.13049,0.3174,0.27539,0.12045,0.055701,0.011865,0.016654,0.19715,0.3296,0.28599,0.07541,0.078404,0.020318,7.8821e-008,0.013128
0.058976,0.14624,0.33244,0.24184,0.11983,0.054726,0.021628,0.024321,0.24267,0.32012,0.21756,0.12083,0.076686,0.015689,0.0011255,0.0053134
0.059542,0.17561,0.32912,0.22881,0.12726,0.054948,0.0034062,0.021298,0.26452,0.25536,0.2352,0.11677,0.10629,0.014932,0.0002237,0.0067099
0.056787,0.15282,0.29913,0.26868,0.12752,0.049703,0.013941,0.031418,0.27263,0.29185,0.24421,0.10273,0.073031,0.012555,2.202e-005,0.0029654
0.057943,0.16787,0.33235,0.2809,0.078471,0.058575,0.0036044,0.020292,0.26668,0.29485,0.29082,0.099196,0.032063,0.011091,0.00014023,0.0051601
0.060719,0.1614,0.33188,0.26347,0.10231,0.047282,0.010874,0.022057,0.24351,0.2988,0.24734,0.10408,0.073111,0.011702,0.00056309,0.020905
0.084352,0.11919,0.34581,0.25349,0.12032,0.050298,0.010008,0.016537,0.20873,0.2639,0.30022,0.13155,0.079619,0.005769,6.5483e-006,0.010196
0.086189,0.16114,0.34886,0.24006,0.08113,0.056989,0.0052967,0.020337,0.20386,0.33069,0.26207,0.086873,0.087665,0.005978,0.0098123,0.013055
0.097267,0.12983,0.35921,0.27328,0.060807,0.058701,0.0031499,0.017753,0.19061,0.3391,0.30931,0.070716,0.063494,0.014088,0.0014068,0.011287
0.067327,0.17242,0.36904,0.24447,0.055801,0.067589,0.0034942,0.019865,0.19897,0.2543,0.32773,0.10553,0.071357,0.029818,0.00024465,0.012044
0.055637,0.14053,0.3038,0.27636,0.077199,0.11439,0.001514,0.030567,0.21865,0.25525,0.28904,0.1206,0.080207,0.032416,0.0011258,0.002717
0.05147,0.17691,0.27932,0.2917,0.1204,0.069577,0.0053464,0.0052852,0.25032,0.36039,0.20055,0.08794,0.075088,0.021648,0.0025219,0.0015503
0.049256,0.20865,0.2714,0.26354,0.11048,0.082023,0.0017642,0.01289,0.24249,0.31166,0.24626,0.12295,0.055171,0.019135,1.1311e-005,0.0023114
0.071872,0.16986,0.31517,0.26617,0.10033,0.054348,0.0018277,0.020422,0.21817,0.31294,0.26307,0.12586,0.048552,0.026147,0.00073399,0.0045268
0.050544,0.17261,0.32316,0.28981,0.081413,0.054946,0.0030097,0.02451,0.20872,0.27691,0.30175,0.11386,0.050793,0.034989,0.0081018,0.00488
0.054549,0.15926,0.35188,0.25439,0.088746,0.061011,0.0048804,0.025284,0.20062,0.31121,0.28046,0.11512,0.06066,0.023571,0.0058043,0.0025541
0.081579,0.17611,0.26911,0.26184,0.10832,0.070529,0.0072353,0.025284,0.18845,0.30301,0.26096,0.13677,0.058008,0.046416,0.00062645,0.0057564
0.059226,0.14773,0.268,0.34473,0.093777,0.070622,0.0009372,0.014974,0.22682,0.35545,0.23666,0.11312,0.039161,0.024631,0.00029336,0.0038615
0.073512,0.15402,0.26506,0.31496,0.083232,0.09213,0.0052486,0.011833,0.229,0.2914,0.24109,0.15601,0.042311,0.031532,0.00084906,0.0078041
0.074561,0.13849,0.30597,0.30039,0.088851,0.066336,0.0072517,0.018141,0.21834,0.25636,0.24065,0.17735,0.065819,0.028189,0.0077117,0.0055783
0.085198,0.16363,0.33911,0.23222,0.10419,0.066324,0.0010368,0.008285,0.23184,0.29529,0.24279,0.1394,0.037644,0.034722,0.0033991,0.014912
0.078166,0.18556,0.29403,0.24008,0.10284,0.078027,0.0041939,0.017102,0.20446,0.31493,0.26859,0.095025,0.060654,0.051338,0.0011583,0.0038418
0.082462,0.12401,0.28575,0.29545,0.1237,0.072788,0.0010358,0.014803,0.23473,0.26303,0.28552,0.11679,0.062281,0.031371,0.0054572,0.00082372
0.051997,0.13073,0.30528,0.30766,0.11078,0.071923,0.0036141,0.01802,0.2455,0.26699,0.2372,0.15309,0.059869,0.032865,0.00042571,0.0040564
0.077532,0.13882,0.30752,0.31814,0.088947,0.053695,8.3044e-006,0.015344,0.19899,0.23373,0.33774,0.12165,0.063049,0.026586,0.0028111,0.015444
0.047745,0.14252,0.29812,0.32014,0.11274,0.054366,0.00011508,0.024255,0.18787,0.31442,0.28166,0.087416,0.075199,0.038708,0.00084796,0.013879
0.057356,0.16168,0.30192,0.30211,0.12646,0.042197,0.00026908,0.0080033,0.1948,0.31273,0.30763,0.082422,0.052998,0.03291,9.3363e-005,0.016417
0.046438,0.16126,0.33374,0.25525,0.13624,0.047119,0.0052865,0.014681,0.18816,0.28711,0.29623,0.13982,0.05322,0.020249,0.00036396,0.014844
0.065451,0.15996,0.32823,0.30283,0.074646,0.055918,0.0030444,0.0099172,0.19966,0.25466,0.23548,0.1755,0.086835,0.025718,0.0038616,0.01828
0.047949,0.13364,0.36873,0.24815,0.094518,0.088366,0.0056432,0.013,0.25817,0.22779,0.26919,0.14861,0.0682,0.022051,0.0028906,0.0031005
0.052826,0.14892,0.34631,0.27773,0.0929,0.065109,0.0029016,0.013302,0.25316,0.24162,0.25696,0.1643,0.046548,0.017632,0.0075365,0.012249
0.06687,0.15564,0.31645,0.29144,0.087775,0.052004,0.00087259,0.028947,0.24051,0.26082,0.24326,0.12918,0.089813,0.016047,0.0013843,0.018984
0.060639,0.17211,0.31118,0.3009,0.09796,0.047517,0.00053816,0.0091513,0.23454,0.29157,0.23047,0.14392,0.066199,0.0028023,0.00019695,0.030307
0.065104,0.13751,0.33052,0.29201,0.1182,0.043269,3.2785e-006,0.013395,0.22835,0.28346,0.25721,0.1151,0.068111,0.035034,0.0010976,0.011635
0.055192,0.16961,0.33132,0.27516,0.10974,0.038508,0.00015666,0.020312,0.27275,0.25144,0.20532,0.15094,0.079857,0.024721,0.0049919,0.009984
0.053578,0.15174,0.28147,0.3192,0.11439,0.068233,0.0026448,0.008755,0.20493,0.23776,0.2856,0.14392,0.089843,0.027199,0.00144,0.0093
0.087647,0.13105,0.30661,0.2671,0.14344,0.048724,0.0029389,0.012484,0.25295,0.29233,0.2456,0.11251,0.067192,0.017669,0.0029084,0.0088393
0.067314,0.13421,0.34791,0.23105,0.11458,0.074804,0.00031985,0.029809,0.23412,0.29486,0.2678,0.081499,0.073205,0.030394,0.007177,0.010951
0.10615,0.1309,0.30603,0.24266,0.13159,0.066332,0.0020093,0.014334,0.24158,0.34933,0.24224,0.045504,0.078892,0.028664,0.0038848,0.0099019
0.07945,0.16423,0.29306,0.27092,0.1085,0.059114,0.0058725,0.01886,0.20053,0.28579,0.26379,0.0766,0.12231,0.032985,0.0087242,0.009273
0.052443,0.17122,0.28435,0.31609,0.10996,0.039098,0.0018101,0.025029,0.19959,0.3238,0.25755,0.089757,0.076911,0.038205,0.0014695,0.012705
0.045495,0.18113,0.30194,0.32222,0.083709,0.046295,0.0028524,0.016353,0.1738,0.30574,0.21932,0.14205,0.098165,0.034361,0.0015905,0.024982
0.074427,0.1629,0.32377,0.2553,0.10202,0.061423,0.0018279,0.018335,0.23607,0.25918,0.23108,0.14001,0.079935,0.028281,0.0094375,0.015996
0.088828,0.19852,0.2841,0.26206,0.099443,0.058106,0.00015891,0.0087846,0.21687,0.30611,0.2365,0.073691,0.10915,0.037515,0.0042755,0.015904
0.063807,0.16725,0.31297,0.29043,0.088581,0.060099,9.1603e-005,0.016776,0.19748,0.32124,0.21255,0.1339,0.073822,0.037365,0.0069627,0.016683
0.087831,0.15335,0.31789,0.29466,0.070327,0.063288,0.00086072,0.011793,0.16919,0.3537,0.2145,0.12561,0.09126,0.032379,0.0053795,0.007986
0.056465,0.12813,0.31356,0.26304,0.13888,0.087754,0.0015018,0.010669,0.19551,0.32597,0.27829,0.1027,0.046168,0.033664,0.00099807,0.016691
0.065172,0.10807,0.28533,0.2849,0.12907,0.10719,0.00018299,0.02009,0.19796,0.29814,0.28593,0.1134,0.065412,0.023675,0.0054228,0.010057
0.094704,0.12302,0.30052,0.29654,0.11821,0.05202,0.00043375,0.014555,0.20632,0.32823,0.26743,0.095801,0.056362,0.033166,0.0049013,0.0077815
0.075097,0.14121,0.26727,0.32478,0.12719,0.043919,0.0023547,0.018179,0.22759,0.25716,0.27858,0.12736,0.043076,0.038139,0.010876,0.017216
0.066643,0.15559,0.32134,0.25983,0.11067,0.062237,0.0022282,0.021455,0.25421,0.26434,0.26114,0.12279,0.049139,0.030321,0.0034891,0.014566
0.04238,0.1516,0.30868,0.29076,0.10541,0.080344,0.0017787,0.019045,0.26376,0.26287,0.2024,0.15108,0.059336,0.036901,0.0064749,0.017171
0.085586,0.20623,0.25453,0.26593,0.094401,0.073896,0.0012433,0.018178,0.2673,0.32542,0.2464,0.091236,0.054256,0.010566,0.00092446,0.0038947
0.080789,0.17448,0.25332,0.29209,0.12171,0.062174,0.0014657,0.013972,0.24863,0.28915,0.21853,0.1623,0.069641,0.0061834,0.0015315,0.0040471
0.095902,0.11955,0.2702,0.31053,0.11353,0.073301,3.7129e-005,0.016944,0.21931,0.32452,0.21964,0.14473,0.063493,0.012718,0.0055737,0.010011
0.083785,0.10285,0.32752,0.29351,0.10205,0.057917,0.0004636,0.0319,0.24381,0.28796,0.23508,0.15092,0.064281,0.010975,0.002803,0.0041739
0.091798,0.13957,0.3726,0.23326,0.077053,0.066078,0.0024318,0.017212,0.16683,0.33173,0.21226,0.16953,0.078333,0.032179,0.0025526,0.0065901
0.081805,0.14997,0.36125,0.25496,0.068549,0.042695,0.019449,0.021325,0.20074,0.26866,0.24647,0.14972,0.085979,0.0188,2.3873e-006,0.029621
0.10462,0.13528,0.30057,0.29327,0.10533,0.043244,0.010019,0.0076742,0.19532,0.30809,0.27926,0.11054,0.083128,0.015648,1.5806e-005,0.0079968
0.090899,0.15913,0.24717,0.26383,0.16532,0.053265,0.0022162,0.018172,0.22016,0.27907,0.23973,0.14976,0.083888,0.014887,0.00024644,0.012265
0.076608,0.15734,0.31077,0.24622,0.11369,0.062076,0.0034565,0.029842,0.22414,0.32073,0.21638,0.12562,0.08405,0.024501,0.00070717,0.0038762
0.066424,0.18699,0.30718,0.27477,0.096668,0.032351,0.00019232,0.035427,0.19596,0.29252,0.24444,0.16417,0.073802,0.014888,0.0085352,0.0056907
0.074033,0.13717,0.33624,0.30167,0.0762,0.048464,0.00078786,0.025429,0.22076,0.33633,0.22903,0.11036,0.061902,0.03474,0.0036113,0.0032649
0.079056,0.15403,0.3196,0.28425,0.11097,0.03917,0.001094,0.011827,0.23829,0.27956,0.25471,0.10751,0.078234,0.027129,0.011275,0.0032967
0.057427,0.1619,0.32025,0.30481,0.078306,0.053033,0.0019353,0.022332,0.20544,0.32669,0.25846,0.11679,0.058261,0.022583,0.0035978,0.0081741
0.045899,0.16386,0.25255,0.35974,0.097725,0.06115,0.00043737,0.018645,0.25855,0.33037,0.22111,0.10958,0.058,0.019071,6.8211e-005,0.0032521
0.07254,0.1533,0.2687,0.30761,0.12671,0.051646,0.0002501,0.019243,0.21468,0.35818,0.20597,0.10552,0.076317,0.031084,0.00012108,0.0081204
0.067998,0.21182,0.22495,0.30293,0.1062,0.046833,0.0053403,0.033925,0.19224,0.32893,0.2285,0.13266,0.086125,0.023701,0.00055981,0.0072954
0.093881,0.16294,0.24408,0.30812,0.11422,0.058148,0.00072791,0.017881,0.19105,0.33259,0.21686,0.11454,0.11748,0.02413,0.00067888,0.0026769
0.083884,0.17527,0.27891,0.26831,0.09866,0.07633,0.004682,0.013952,0.24609,0.28164,0.23059,0.15698,0.065374,0.018742,1.5923e-005,0.00056229
0.095926,0.16507,0.28768,0.28118,0.099922,0.058389,0.00079097,0.011043,0.20815,0.27698,0.31807,0.11467,0.058959,0.018619,0.00071032,0.0038333
0.099694,0.16276,0.25124,0.33907,0.082494,0.056597,5.7076e-005,0.0080938,0.23581,0.25676,0.25626,0.13078,0.069854,0.047568,0.0022809,0.00068297
0.087271,0.19213,0.24474,0.266,0.11752,0.064529,0.00016483,0.027655,0.20994,0.27989,0.26596,0.15189,0.06623,0.019364,0.00095478,0.0057685
0.067259,0.12711,0.27306,0.31242,0.12336,0.065229,0.0024932,0.029069,0.21267,0.27835,0.2239,0.16633,0.076974,0.030708,0.0029519,0.008107
0.048273,0.19123,0.28553,0.29631,0.078618,0.075202,0.0012918,0.023548,0.21304,0.29663,0.2174,0.14766,0.089698,0.019189,0.00017025,0.016217
0.07202,0.16966,0.28992,0.28666,0.09972,0.059759,0.00025958,0.022002,0.28885,0.26249,0.21527,0.12364,0.062746,0.035043,0.001687,0.010276
0.0764,0.14359,0.31273,0.27462,0.091311,0.086406,0.00050167,0.014438,0.23429,0.28597,0.20676,0.15231,0.099518,0.017621,9.4815e-005,0.0034331
0.078211,0.1415,0.29988,0.29982,0.11221,0.048935,4.7699e-005,0.019393,0.23424,0.28074,0.24116,0.1737,0.049878,0.019279,6.7896e-005,0.00094036
0.11181,0.18615,0.2838,0.25592,0.095297,0.03873,0.0017039,0.026591,0.22784,0.24256,0.24303,0.20169,0.041845,0.036255,0.0021393,0.0046405
0.090994,0.16807,0.30337,0.26268,0.11132,0.047301,0.0018282,0.014434,0.26923,0.24714,0.2597,0.15506,0.048193,0.01816,0.0010601,0.0014587
0.062648,0.15799,0.29303,0.32932,0.092457,0.03477,0.0050079,0.024777,0.17357,0.28467,0.29517,0.12063,0.10253,0.022814,0.00029907,0.00030891
0.064304,0.14734,0.27641,0.34115,0.093106,0.039556,0.0038706,0.034259,0.21389,0.2924,0.25176,0.11896,0.078507,0.043242,0.00082816,0.0004192
0.042061,0.17935,0.26119,0.301,0.14766,0.052389,0.0033281,0.013029,0.19165,0.34004,0.22349,0.17818,0.039625,0.021984,0.0015132,0.0035079
0.050842,0.12248,0.26471,0.3611,0.11403,0.076554,3.9218e-005,0.010234,0.25998,0.29859,0.22191,0.1262,0.059053,0.023035,0.0024161,0.0088234
0.075932,0.15231,0.28166,0.30947,0.10622,0.049881,0.0083201,0.016198,0.23265,0.31605,0.25047,0.13542,0.025785,0.0225,0.0018257,0.015308
0.067908,0.14539,0.33098,0.28308,0.093607,0.062128,0.0045022,0.012401,0.2067,0.29802,0.23789,0.18842,0.023717,0.036278,0.0011853,0.0077999
0.069451,0.14539,0.28526,0.31569,0.078819,0.072699,0.0095656,0.023132,0.20812,0.35933,0.22756,0.15559,0.026614,0.020347,0.0001714,0.0022765
0.091095,0.14945,0.28471,0.25026,0.13153,0.071477,0.0056267,0.015855,0.24395,0.29634,0.24125,0.13224,0.045982,0.03507,4.8296e-006,0.0051591
0.08335,0.16224,0.2779,0.2719,0.13824,0.044368,0.0034429,0.018567,0.28828,0.31732,0.22597,0.11261,0.029521,0.024509,9.6597e-006,0.0017723
0.073262,0.13194,0.27214,0.3086,0.12731,0.064952,0.0022967,0.019511,0.26224,0.28229,0.23701,0.12665,0.057458,0.027571,0.0025583,0.0042232
0.094896,0.11865,0.28549,0.29856,0.12912,0.057712,0.0041346,0.011439,0.25475,0.28685,0.23199,0.12024,0.048699,0.031389,1.0576e-005,0.026073
0.0718,0.1747,0.27859,0.29199,0.090354,0.076108,0.0055311,0.010926,0.29644,0.29528,0.24696,0.083427,0.037574,0.019011,0.0019624,0.019338
0.085216,0.15193,0.28801,0.27515,0.096405,0.093955,0.00065073,0.0086842,0.26945,0.21822,0.28584,0.13186,0.059684,0.011951,0.0024805,0.020515
0.083646,0.15791,0.31166,0.25992,0.10254,0.069782,0.00043377,0.014102,0.22096,0.2826,0.29817,0.12645,0.041766,0.01402,0.0046266,0.011405
0.096948,0.17291,0.26881,0.29897,0.084865,0.061671,0.00073248,0.015096,0.21736,0.29133,0.30653,0.11204,0.062317,0.005125,0.00022761,0.0050717
0.067761,0.15064,0.32761,0.26021,0.09442,0.066463,0.00040149,0.03249,0.20715,0.32941,0.22425,0.12973,0.083857,0.022056,0.00043412,0.0031132
0.066911,0.17964,0.3254,0.2309,0.13183,0.045265,0.0081345,0.01191,0.22484,0.31295,0.23636,0.12507,0.064016,0.02761,9.1907e-005,0.0090651
0.079234,0.14808,0.28949,0.28026,0.11002,0.080258,0.0067044,0.005954,0.1844,0.32367,0.24811,0.14999,0.064932,0.02086,0.00022194,0.0078216
0.050116,0.2007,0.28461,0.2901,0.087661,0.078485,0.00089825,0.0074387,0.15478,0.33478,0.27891,0.14664,0.049801,0.016067,0.0042982,0.014719
0.06166,0.19675,0.25133,0.2647,0.12772,0.082357,0.00065769,0.014838,0.19217,0.2776,0.31406,0.11071,0.072997,0.017266,0.00025087,0.014945
0.08997,0.16977,0.24973,0.27887,0.1161,0.072141,0.0011014,0.022318,0.14053,0.29932,0.26736,0.17554,0.068648,0.045008,0.0024292,0.0011593
0.092927,0.14913,0.32701,0.24316,0.095881,0.057074,0.0035478,0.031273,0.17622,0.30517,0.2319,0.16784,0.080938,0.031596,0.0025244,0.003811
0.092123,0.16839,0.28251,0.24871,0.10551,0.086397,0.0016814,0.014675,0.15963,0.38638,0.2733,0.098068,0.058147,0.020081,0.00039487,0.0040035
0.08176,0.18674,0.3108,0.2502,0.071346,0.074744,0.0050187,0.019396,0.16875,0.35961,0.25607,0.11416,0.068284,0.031029,0.0016944,0.00039972
0.058192,0.19013,0.31337,0.29617,0.068946,0.048418,0.0055079,0.019273,0.19108,0.32489,0.25504,0.099186,0.091062,0.029382,0.0023176,0.0070369
0.066917,0.1689,0.31178,0.29036,0.08787,0.050857,0.0033184,0.019997,0.22551,0.29099,0.25197,0.11262,0.088453,0.021227,0.00038037,0.0088569
0.070157,0.15585,0.32716,0.28319,0.086701,0.046925,0.015492,0.01452,0.23753,0.30798,0.23199,0.094468,0.07409,0.046556,0.0028772,0.0045071
0.057165,0.14006,0.28626,0.30579,0.097166,0.063364,0.011023,0.039175,0.17496,0.34738,0.24113,0.08684,0.12225,0.022793,0.0019785,0.0026723
0.054346,0.18036,0.31651,0.25631,0.097326,0.084514,0.0010862,0.0095491,0.17447,0.32374,0.23053,0.13284,0.077534,0.054543,0.0012094,0.0051259
0.059426,0.19698,0.28243,0.28175,0.099581,0.06347,0.0020927,0.014271,0.16144,0.32489,0.2952,0.11358,0.067706,0.035404,0.00085457,0.00092216
0.04786,0.20433,0.28724,0.29009,0.099363,0.062683,0.0019628,0.0064787,0.18088,0.27689,0.31322,0.12271,0.067121,0.031429,0.0034078,0.0043429
0.065629,0.16898,0.29814,0.26841,0.13549,0.052912,1.0212e-005,0.010429,0.28547,0.30662,0.21802,0.09762,0.053547,0.03031,0.0007422,0.0076758
0.07309,0.13866,0.30917,0.27686,0.10865,0.074828,0.0072819,0.011462,0.25502,0.35209,0.20494,0.10646,0.050691,0.021368,0.0026912,0.0067475
0.067962,0.13438,0.28985,0.33998,0.076623,0.0524,0.0050418,0.033757,0.22912,0.37349,0.17138,0.11244,0.072954,0.032851,0.0027761,0.0049927
0.079134,0.16617,0.26469,0.28036,0.092373,0.07375,0.0016801,0.041833,0.21884,0.31946,0.24189,0.1353,0.065626,0.014334,0.0016619,0.0028839
0.059996,0.16979,0.29885,0.2658,0.12361,0.060877,0.0071755,0.013908,0.2203,0.28291,0.23954,0.1509,0.098921,0.0044206,0.002119,0.00088549
0.063634,0.19114,0.30287,0.21718,0.11328,0.071399,0.0091488,0.031351,0.21516,0.30305,0.23834,0.13811,0.086141,0.0068535,2.4739e-005,0.012333
0.073105,0.16323,0.27064,0.24642,0.14384,0.070918,0.015042,0.016801,0.2363,0.29396,0.23991,0.15861,0.059164,0.006654,0.0019746,0.0034277
0.064353,0.16873,0.3136,0.25035,0.11646,0.065194,0.0089113,0.012405,0.24141,0.2834,0.27492,0.11533,0.061701,0.018622,2.1946e-005,0.0045946
0.06659,0.17169,0.3019,0.25495,0.10242,0.073187,0.014873,0.014391,0.24785,0.30008,0.23732,0.12038,0.058663,0.021906,0.004076,0.0097315
0.068685,0.15772,0.30656,0.28841,0.088961,0.061513,0.004876,0.023276,0.26436,0.24844,0.21501,0.11939,0.10042,0.018801,0.000507,0.03307
0.06739,0.15251,0.32076,0.26788,0.099776,0.062013,0.0083929,0.021283,0.24177,0.28255,0.23412,0.12124,0.061915,0.023918,0.0015322,0.032958
0.065665,0.14464,0.31796,0.27288,0.10795,0.061809,0.0068494,0.022237,0.25442,0.2961,0.22079,0.1213,0.064695,0.027118,5.3857e-005,0.015516
0.077077,0.15594,0.29549,0.26843,0.099526,0.073253,0.004541,0.025741,0.23064,0.29947,0.24665,0.11188,0.056748,0.042529,0.0042059,0.0078818
0.094463,0.14662,0.31777,0.26681,0.093649,0.054638,0.00075117,0.025306,0.22574,0.26508,0.28651,0.11832,0.066185,0.030657,8.4854e-006,0.0075029
0.070405,0.18748,0.27353,0.31124,0.09131,0.039172,2.6088e-006,0.026859,0.1523,0.34242,0.29579,0.098385,0.074058,0.035175,0.00015701,0.0017079
0.075294,0.15298,0.30784,0.26961,0.10477,0.063439,0.00028043,0.025784,0.19867,0.32452,0.25104,0.10593,0.071468,0.037002,0.0016747,0.0097041
0.065474,0.1737,0.27676,0.2548,0.14119,0.073833,3.7916e-005,0.014192,0.19294,0.30226,0.23183,0.13958,0.089872,0.024948,0.00083696,0.017729
0.084586,0.14209,0.26375,0.27651,0.12435,0.098193,0.00039775,0.010129,0.24241,0.28266,0.26117,0.1416,0.041891,0.024347,0.00080495,0.0051087
0.10824,0.16417,0.2647,0.26599,0.088545,0.081619,0.0088619,0.017876,0.20572,0.27672,0.29074,0.1425,0.058204,0.013117,0.0041243,0.0088819
0.077282,0.14868,0.3105,0.27772,0.099646,0.045176,0.00081496,0.040184,0.21088,0.30171,0.2338,0.13771,0.080517,0.019103,0.0045436,0.011742
0.078686,0.16211,0.28213,0.27397,0.11171,0.066837,0.0028304,0.02172,0.24664,0.25306,0.24962,0.15187,0.078664,0.013199,0.00077489,0.0061733
0.081938,0.13847,0.29351,0.30713,0.11668,0.049722,0.0002156,0.012344,0.24348,0.31882,0.20699,0.10194,0.091262,0.010375,0.0095105,0.017624
0.078652,0.12127,0.31745,0.27266,0.13289,0.067168,8.5076e-007,0.0099059,0.19662,0.31928,0.21184,0.12773,0.10728,0.025385,0.0010216,0.010844
0.065888,0.18973,0.27889,0.28402,0.11402,0.055271,0.0024224,0.0097595,0.21342,0.32782,0.24297,0.12217,0.060745,0.029301,0.00016062,0.0034069
0.078102,0.16038,0.30603,0.24982,0.11163,0.086305,5.7123e-005,0.0076779,0.18122,0.3188,0.24245,0.17511,0.054943,0.013515,0.0025471,0.01143
0.088346,0.1501,0.3254,0.2514,0.117,0.046412,1.0874e-005,0.02134,0.21698,0.33103,0.22583,0.13323,0.064098,0.0099528,0.0002055,0.018678
0.085491,0.1811,0.30941,0.28145,0.084367,0.030105,0.00055313,0.027529,0.24464,0.33259,0.18527,0.13072,0.079685,0.016037,0.00011961,0.010939
0.071028,0.14359,0.26983,0.31827,0.10119,0.074397,0.00033081,0.021367,0.22519,0.33738,0.19373,0.12201,0.069642,0.028817,0.0012153,0.022023
0.047164,0.19136,0.32938,0.25655,0.10845,0.051935,0.00010229,0.015057,0.23683,0.31023,0.21735,0.099904,0.10123,0.02913,1.1664e-006,0.0053259
0.061025,0.16425,0.31486,0.25921,0.10825,0.079386,0.00045582,0.012565,0.15432,0.2718,0.23714,0.17744,0.1215,0.035863,0.00036098,0.0015773
0.054783,0.16568,0.32017,0.26465,0.12196,0.049236,1.7526e-007,0.023517,0.16004,0.26639,0.26066,0.17436,0.1032,0.02801,0.0039251,0.003417
0.074747,0.17189,0.28375,0.3216,0.088942,0.045176,2.3032e-009,0.013895,0.16778,0.29493,0.26747,0.1496,0.081311,0.035677,0.0028041,0.0004218
0.060233,0.17342,0.29011,0.29366,0.11907,0.054651,0.0012141,0.0076385,0.17402,0.32263,0.25258,0.11985,0.098916,0.02413,0.0020612,0.005824
0.053544,0.17682,0.28919,0.30409,0.10459,0.057207,0.0014859,0.013076,0.18139,0.35103,0.26747,0.11957,0.055428,0.01409,0.0013675,0.0096615
0.076604,0.17097,0.26458,0.32097,0.096481,0.057767,2.5338e-005,0.012604,0.19444,0.29926,0.25365,0.16089,0.075038,0.0109,0.00032057,0.0055041
0.045864,0.15201,0.34138,0.30179,0.094099,0.049716,0.00023064,0.014911,0.24231,0.31698,0.23988,0.14704,0.047643,0.0056938,9.8825e-005,0.00035371
0.082609,0.18424,0.30474,0.27045,0.1079,0.033653,0.00054017,0.015857,0.24957,0.25209,0.29187,0.12066,0.073912,0.010791,2.1479e-005,0.0010819
0.10186,0.17578,0.25612,0.28328,0.090512,0.055635,0.0017224,0.035083,0.17486,0.29329,0.30963,0.1241,0.064141,0.023599,0.0015883,0.0087942
0.087609,0.17688,0.26322,0.2935,0.092438,0.048101,0.0076411,0.030612,0.17923,0.28906,0.27358,0.13486,0.070316,0.044112,0.00085286,0.007988
0.087239,0.1473,0.31058,0.30385,0.068135,0.045284,0.016949,0.020668,0.19496,0.28764,0.25877,0.14481,0.06337,0.021913,0.0026832,0.02585
0.061649,0.15346,0.30989,0.2969,0.088323,0.058889,0.0096848,0.021193,0.19593,0.28443,0.24164,0.16805,0.081133,0.014071,0.0062868,0.0084644
0.063546,0.14288,0.33526,0.28593,0.090486,0.047181,0.0055069,0.029207,0.20893,0.31126,0.26932,0.12136,0.058175,0.023986,0.001805,0.0051545
0.083631,0.14229,0.33797,0.25414,0.092786,0.054611,0.0075866,0.026986,0.24685,0.2769,0.28263,0.088611,0.075193,0.023985,0.00073102,0.0051097
0.091494,0.16515,0.29923,0.25709,0.0954,0.069291,0.0056907,0.016656,0.18484,0.27701,0.28204,0.12182,0.067117,0.05014,0.014037,0.0029902
0.11606,0.14777,0.26917,0.2776,0.10633,0.055532,0.0079869,0.019543,0.19331,0.2683,0.26343,0.15113,0.038514,0.041423,0.014678,0.029216
0.10252,0.16485,0.30017,0.27942,0.10378,0.030336,0.0045052,0.014416,0.193,0.30647,0.27482,0.1294,0.031542,0.027183,0.0076199,0.029971
0.092526,0.19094,0.2361,0.29563,0.1013,0.060225,0.0030776,0.020197,0.20747,0.26493,0.27091,0.1524,0.053969,0.037694,0.0053546,0.0072706
0.06305,0.15382,0.28204,0.29846,0.098452,0.071178,0.006825,0.026176,0.23164,0.2745,0.23535,0.14529,0.077731,0.023218,0.0088355,0.0034361
0.051118,0.14202,0.33754,0.25844,0.12491,0.058067,0.014494,0.013414,0.17613,0.29734,0.26868,0.14587,0.066109,0.022238,0.0019747,0.021656
0.050062,0.1398,0.27266,0.3052,0.12182,0.072764,0.01565,0.022042,0.21101,0.28811,0.28263,0.11613,0.074717,0.01658,0.0024951,0.0083271
0.079889,0.17252,0.29753,0.27464,0.1131,0.038056,0.0029757,0.021288,0.18145,0.31987,0.23557,0.15446,0.081123,0.024633,0.00027708,0.0026242
0.067725,0.16298,0.30333,0.23466,0.14736,0.046133,0.0030046,0.034803,0.16999,0.30637,0.26128,0.16356,0.075153,0.020269,0.0023666,0.0010099
0.072249,0.17341,0.27998,0.28034,0.12135,0.041466,0.003197,0.02801,0.17513,0.32031,0.2369,0.16627,0.075663,0.020845,0.00085693,0.0040205
0.095239,0.11884,0.31917,0.28368,0.091825,0.065987,0.0052984,0.019956,0.22506,0.35277,0.24229,0.10301,0.059098,0.010899,0.001881,0.0049943
0.060619,0.14233,0.32657,0.25635,0.093915,0.098482,0.0067671,0.014967,0.22017,0.3052,0.19208,0.13017,0.096123,0.028201,0.00037905,0.027674
0.082948,0.13153,0.32858,0.25147,0.11191,0.073239,0.0019108,0.018406,0.21813,0.30322,0.25882,0.10386,0.078237,0.018404,0.00036281,0.018969
0.07068,0.14962,0.30053,0.32409,0.09481,0.029633,0.006608,0.024031,0.16833,0.37627,0.27896,0.062681,0.067045,0.034033,0.0067168,0.0059596
0.12845,0.11112,0.33873,0.2691,0.077486,0.054313,0.0055749,0.01523,0.18898,0.36831,0.26339,0.063247,0.086659,0.018148,0.0011855,0.010079
0.11164,0.10544,0.30012,0.27019,0.12478,0.056278,0.013118,0.018428,0.21779,0.32205,0.28566,0.075997,0.053967,0.022201,0.0013385,0.020997
0.078102,0.11407,0.3061,0.33346,0.097922,0.040806,0.009813,0.019729,0.21851,0.31525,0.32778,0.049782,0.047418,0.03018,0.0066402,0.0044464
0.096563,0.11663,0.33318,0.28491,0.096035,0.033753,0.0066473,0.032278,0.21699,0.28063,0.314,0.079188,0.085034,0.013727,0.0046316,0.0058047
0.078528,0.13255,0.31585,0.2486,0.075746,0.10245,0.0024949,0.043778,0.19706,0.27394,0.3163,0.088649,0.11047,0.0089716,0.0035621,0.0010434
0.079315,0.1313,0.275,0.29482,0.089625,0.07218,0.006154,0.051603,0.20312,0.29927,0.2469,0.12872,0.09078,0.014576,0.015448,0.0011793
0.075795,0.12413,0.33812,0.30365,0.083362,0.058436,0.0043702,0.01214,0.19237,0.2778,0.23892,0.14635,0.10887,0.021603,0.002681,0.011396
0.099404,0.076536,0.33913,0.27128,0.084669,0.086695,0.0051305,0.037154,0.25617,0.2933,0.22785,0.15486,0.046701,0.017363,2.627e-005,0.0037269
0.070263,0.12088,0.2984,0.28535,0.12621,0.074787,0.0065127,0.017597,0.22969,0.28306,0.24342,0.17927,0.04207,0.013983,0.0011506,0.0073457
0.082326,0.13412,0.27467,0.29123,0.1431,0.048194,0.0013276,0.025031,0.20447,0.25952,0.26819,0.18126,0.050494,0.029202,0.001354,0.0055124
0.093063,0.13259,0.25802,0.31166,0.1374,0.038787,5.1781e-005,0.028422,0.20959,0.252,0.30467,0.095122,0.088888,0.04281,0.0043712,0.0025512
0.07674,0.1338,0.29322,0.30555,0.12071,0.044133,0.0095177,0.016329,0.25501,0.24154,0.31963,0.092573,0.06646,0.016882,0.0013102,0.0065956
0.098739,0.11578,0.24296,0.32425,0.11021,0.068751,0.0025162,0.036801,0.23747,0.25334,0.28536,0.10285,0.078917,0.039964,0.00018929,0.0019128
0.092285,0.14987,0.18244,0.38948,0.085716,0.074762,0.0084058,0.017037,0.22104,0.28381,0.26271,0.11237,0.085136,0.020004,9.992e-006,0.014918
0.11125,0.14116,0.26199,0.34948,0.087248,0.041506,0.0012957,0.0060702,0.19908,0.2761,0.2876,0.15631,0.059371,0.011002,0.003108,0.0074361
0.085514,0.1653,0.29022,0.29744,0.099965,0.040886,0.0012783,0.0194,0.19382,0.30687,0.26527,0.15753,0.067443,0.0076535,2.7874e-005,0.0013809
0.055406,0.15217,0.30142,0.30306,0.12764,0.043544,9.781e-005,0.016664,0.17702,0.39173,0.2357,0.12345,0.047183,0.015864,0.0053425,0.0037217
0.072883,0.15815,0.31645,0.29145,0.08697,0.052053,0.0050793,0.01696,0.2304,0.30391,0.25295,0.10486,0.058283,0.038888,0.0053239,0.0053867
0.081617,0.17494,0.24077,0.34471,0.082009,0.064553,0.00026758,0.011128,0.19841,0.32002,0.23921,0.11281,0.076232,0.046931,0.0052555,0.0011317
0.085482,0.18822,0.24297,0.30616,0.10968,0.051112,0.0060694,0.0103,0.22577,0.35243,0.24688,0.11117,0.037997,0.011035,0.0026979,0.012025
0.097624,0.23631,0.2186,0.25503,0.11813,0.052481,0.0054705,0.016354,0.18592,0.31541,0.25819,0.11771,0.09252,0.012927,0.0049887,0.012327
0.09258,0.20499,0.24684,0.27913,0.11013,0.057839,0.00092994,0.0075575,0.22598,0.32869,0.21178,0.10183,0.070269,0.0065583,0.015701,0.039201
0.056275,0.17935,0.21841,0.33874,0.12919,0.044436,0.0097768,0.023821,0.24657,0.32531,0.18538,0.091753,0.081137,0.02929,0.016374,0.02419
0.074955,0.14903,0.29842,0.31427,0.10778,0.046915,0.00135,0.0072824,0.23795,0.29836,0.2669,0.088534,0.091443,0.0057544,1.4694e-005,0.011045
0.08405,0.15654,0.28794,0.25036,0.13366,0.077838,3.9217e-005,0.009576,0.27286,0.30074,0.21348,0.067598,0.11365,0.020527,0.0077393,0.0034052
0.098553,0.14992,0.30201,0.28658,0.086433,0.054978,0.0014585,0.020074,0.29031,0.33118,0.20314,0.076601,0.059306,0.035688,0.0029231,0.00085057
0.091708,0.17306,0.29852,0.28243,0.091137,0.051175,0.0025403,0.0094364,0.22805,0.28526,0.20604,0.12772,0.09241,0.058247,0.0016626,0.0006025
0.095922,0.1351,0.28743,0.30507,0.091311,0.076242,0.00045224,0.0084721,0.23374,0.30834,0.14701,0.13078,0.086469,0.07823,0.0020743,0.013352
0.078257,0.18788,0.30604,0.24342,0.10635,0.049896,0.0013221,0.026842,0.26144,0.29289,0.22029,0.12379,0.071642,0.013841,0.0051967,0.010921
0.076165,0.19769,0.31042,0.27019,0.081524,0.037208,8.9676e-005,0.026717,0.23983,0.29093,0.21855,0.10966,0.10267,0.027208,0.00037694,0.010784
0.092354,0.20592,0.22058,0.27174,0.10679,0.090412,3.9519e-005,0.012169,0.21642,0.39451,0.18765,0.099749,0.074623,0.021332,0.00098274,0.0047393
0.10016,0.18936,0.26255,0.28911,0.090052,0.052919,0.0017221,0.014122,0.20069,0.38119,0.2298,0.099922,0.049223,0.036353,0.0013882,0.0014415
0.12605,0.20106,0.22395,0.29926,0.096079,0.038099,2.3421e-006,0.015503,0.28625,0.3005,0.24787,0.081277,0.052896,0.031106,3.3415e-005,7.074e-005
0.0621,0.1929,0.29862,0.28751,0.088726,0.048388,0.0003307,0.02142,0.24176,0.32625,0.2062,0.12953,0.059582,0.026952,0.0035786,0.0061413
0.058617,0.17037,0.36923,0.23522,0.093061,0.055027,0.0011886,0.017282,0.20077,0.3436,0.20621,0.12216,0.072007,0.039623,0.010701,0.0049361
0.062222,0.20253,0.3343,0.21521,0.093453,0.077546,0.00043897,0.014303,0.23,0.27319,0.27858,0.12695,0.051058,0.028253,0.0079659,0.0040077
0.083933,0.17445,0.31563,0.23345,0.12123,0.051136,3.5831e-005,0.02014,0.19007,0.25795,0.30189,0.12968,0.080123,0.025473,0.00012167,0.014693
0.087092,0.15542,0.33878,0.23452,0.12062,0.053255,0.00071934,0.009588,0.28378,0.22837,0.25498,0.11506,0.076157,0.025375,0.0025873,0.013688
0.098498,0.16871,0.27611,0.24387,0.11599,0.078286,0.0011245,0.017412,0.23481,0.33292,0.22712,0.079069,0.077598,0.033736,0.00033465,0.014416
0.077711,0.16459,0.29861,0.25589,0.11769,0.068464,4.9737e-005,0.016994,0.23228,0.31829,0.23328,0.089905,0.088877,0.028085,0.0011993,0.0080885
0.078489,0.19058,0.2848,0.27315,0.10595,0.042217,8.5612e-005,0.024726,0.21777,0.29289,0.29598,0.0725,0.09664,0.015716,5.5779e-005,0.0084445
0.072161,0.19859,0.26028,0.2802,0.10741,0.062742,0.00041474,0.018193,0.24043,0.3212,0.25369,0.10913,0.039461,0.029968,6.0205e-006,0.0061172
0.063837,0.16292,0.30067,0.27832,0.1143,0.065745,0.0040891,0.010126,0.2292,0.31502,0.25172,0.13345,0.041986,0.025716,0.001907,0.00099948
0.073034,0.15587,0.28766,0.27606,0.11729,0.069117,0.0049393,0.016026,0.26759,0.29984,0.25986,0.092558,0.071202,0.0061624,0.0022658,0.00051593
0.065846,0.1598,0.27425,0.30421,0.10242,0.072458,0.0047955,0.016218,0.22413,0.29887,0.28163,0.11218,0.06382,0.0093684,0.0010141,0.0089872
0.076202,0.16422,0.30486,0.27825,0.10983,0.036225,0.0038228,0.026594,0.23394,0.2915,0.26215,0.10635,0.063558,0.017712,0.01457,0.010224
0.069437,0.16677,0.29203,0.29836,0.11387,0.038444,0.0015419,0.019537,0.18577,0.34134,0.27841,0.10352,0.049128,0.032738,0.0046022,0.0044912
0.064522,0.1688,0.31426,0.24526,0.11422,0.073722,0.0012859,0.017945,0.19729,0.3108,0.26224,0.1075,0.082075,0.03143,0.0062895,0.0023783
0.093793,0.1632,0.26476,0.27113,0.1164,0.071911,0.00039755,0.018414,0.21237,0.33872,0.2303,0.13191,0.046855,0.036513,0.00084759,0.0024907
0.099425,0.15242,0.27066,0.27424,0.11055,0.075113,0.0030298,0.014556,0.2226,0.33703,0.26257,0.10508,0.050772,0.016339,0.0025633,0.0030407
0.091114,0.15341,0.27983,0.2765,0.11863,0.063784,0.0039246,0.012811,0.24079,0.34993,0.2197,0.090803,0.065436,0.031852,0.00029463,0.0011977
0.10165,0.16793,0.2779,0.31111,0.077277,0.052454,0.0020282,0.0096597,0.25665,0.34741,0.2054,0.083225,0.066098,0.038678,0.00011669,0.0024238
0.073654,0.18598,0.27297,0.27325,0.1037,0.052285,0.010389,0.027772,0.21325,0.35949,0.20641,0.12292,0.06647,0.024495,0.0041278,0.0028384
0.07078,0.17664,0.2984,0.2794,0.099793,0.057827,0.0040949,0.013073,0.23684,0.36715,0.23307,0.081379,0.052797,0.026282,0.00056195,0.0019243
0.052015,0.15587,0.30235,0.31859,0.079153,0.063222,0.0006066,0.0282,0.24386,0.29716,0.2657,0.091525,0.061709,0.033563,0.0051969,0.0012855
0.048744,0.16396,0.33165,0.27927,0.075167,0.066936,0.0054879,0.028782,0.28592,0.23707,0.31211,0.072982,0.048375,0.037261,0.00080579,0.0054771
0.040086,0.20258,0.29991,0.24534,0.099304,0.081346,0.0030602,0.028377,0.31012,0.25615,0.29166,0.059801,0.042642,0.035095,0.0020148,0.0025161
0.038711,0.20274,0.31529,0.23512,0.099576,0.068983,0.0037214,0.035858,0.23496,0.33733,0.22016,0.071178,0.076055,0.051901,0.0023063,0.0061144
0.074965,0.15918,0.29863,0.25478,0.11232,0.070734,0.0094524,0.019942,0.22831,0.3208,0.22308,0.089161,0.11069,0.022768,0.00042453,0.0047661
0.071364,0.1383,0.2357,0.31838,0.1208,0.06358,0.001473,0.050413,0.20997,0.28402,0.29415,0.094205,0.079482,0.02428,0.0056001,0.0082982
0.076983,0.17678,0.27411,0.23948,0.13995,0.07374,0.0010224,0.017931,0.21285,0.30804,0.22027,0.12053,0.10699,0.021824,0.0073323,0.0021632
0.094409,0.14521,0.27966,0.25802,0.14032,0.066038,0.0027657,0.013579,0.17322,0.29127,0.26577,0.10149,0.12082,0.039718,0.0015197,0.0061852
0.079506,0.15436,0.27544,0.25627,0.14601,0.056086,0.00052885,0.031807,0.18541,0.27773,0.27787,0.13039,0.093437,0.028764,0.0010687,0.005335
0.080684,0.16749,0.27594,0.28051,0.11644,0.0527,0.0012859,0.024947,0.22013,0.2904,0.27296,0.11641,0.05611,0.041084,1.4917e-005,0.0028758
0.089473,0.14206,0.33229,0.26832,0.086184,0.058652,0.00078148,0.022243,0.25634,0.30514,0.21431,0.10695,0.083127,0.01461,0.017237,0.0022921
0.071495,0.11373,0.35885,0.27904,0.083978,0.050811,0.00085055,0.041242,0.28822,0.28664,0.2143,0.11688,0.046143,0.036423,0.0041547,0.007235
0.064063,0.14157,0.33638,0.26948,0.090429,0.078542,0.0024206,0.01712,0.27644,0.29937,0.18219,0.13777,0.066557,0.028795,0.0059662,0.0029192
0.080109,0.14517,0.33462,0.24944,0.090119,0.088438,9.2607e-005,0.012012,0.25995,0.3033,0.25334,0.09093,0.057862,0.025729,0.0027266,0.0061643
0.063328,0.16462,0.30762,0.29255,0.085919,0.071389,0.003057,0.011515,0.19759,0.28102,0.3039,0.11353,0.072386,0.017861,0.008164,0.005547
0.097751,0.1206,0.32621,0.28676,0.10121,0.053285,0.00060921,0.013569,0.19994,0.24364,0.30139,0.12868,0.059786,0.051048,0.008671,0.0068438
0.048986,0.14036,0.37781,0.26775,0.11786,0.025897,0.00062687,0.020709,0.18006,0.34873,0.25744,0.074463,0.088213,0.038522,9.2386e-005,0.012473
0.046994,0.15902,0.29916,0.31749,0.12134,0.043026,0.0011411,0.011832,0.17009,0.29905,0.28984,0.11709,0.072788,0.03729,0.009341,0.0045207
0.054498,0.12277,0.30958,0.30545,0.15221,0.044748,0.004291,0.0064496,0.14399,0.2995,0.2945,0.1303,0.080544,0.038116,0.0022646,0.010784
0.082495,0.12749,0.32029,0.2968,0.1063,0.040082,0.0015044,0.025034,0.21375,0.30675,0.24053,0.12549,0.054184,0.039931,0.00037365,0.018988
0.10691,0.10924,0.32728,0.30993,0.10736,0.029438,0.0016774,0.0081587,0.22231,0.25106,0.23953,0.14192,0.083012,0.033461,0.0011765,0.027537
0.078758,0.14429,0.26178,0.28611,0.15364,0.064448,0.0041045,0.0068699,0.25317,0.24534,0.25224,0.085855,0.11509,0.019232,0.00089503,0.028174
0.071486,0.13576,0.29348,0.30001,0.12423,0.05945,0.0010222,0.014549,0.28866,0.26821,0.25946,0.086654,0.066574,0.022883,0.0043469,0.0032143
0.11063,0.18127,0.28419,0.26668,0.091834,0.056903,0.0002062,0.0082835,0.23406,0.23937,0.27879,0.10866,0.092622,0.01766,0.020916,0.007916
0.06196,0.15728,0.28697,0.3089,0.11889,0.055724,0.00090232,0.0093725,0.21819,0.24565,0.30327,0.15702,0.040344,0.029707,0.00098761,0.0048268
0.088155,0.12171,0.28718,0.3081,0.13791,0.0403,0.0018685,0.01477,0.23577,0.20305,0.33783,0.15885,0.04137,0.014532,0.002096,0.0065084
0.10876,0.10375,0.3282,0.28632,0.10332,0.05424,0.001988,0.013428,0.23207,0.26994,0.25636,0.16827,0.043141,0.016206,0.0019532,0.012074
0.054725,0.12143,0.37394,0.28923,0.078151,0.066177,0.0063411,0.01,0.19117,0.29074,0.26699,0.13412,0.062148,0.034046,0.00042044,0.020359
0.087287,0.15557,0.33653,0.26379,0.055923,0.083679,0.0094627,0.0077593,0.17129,0.31323,0.24756,0.13063,0.1081,0.026001,7.2394e-005,0.0031165
0.050185,0.16499,0.33624,0.30057,0.085342,0.04225,0.0029898,0.017433,0.20259,0.26284,0.28642,0.16206,0.06588,0.010392,0.0022493,0.0075725
0.037002,0.18696,0.35363,0.28063,0.092135,0.024808,0.0026134,0.022227,0.22676,0.2302,0.29091,0.16294,0.065686,0.015644,0.0028772,0.0049722
0.07622,0.20029,0.30725,0.27095,0.10381,0.033523,0.00039956,0.007566,0.21976,0.27202,0.27236,0.12058,0.043845,0.049244,0.0016325,0.020567
0.070836,0.16242,0.32908,0.27848,0.10537,0.03591,0.0014531,0.016455,0.20893,0.34016,0.24527,0.12365,0.044947,0.031877,0.00091955,0.0042452
0.050891,0.19875,0.36328,0.22329,0.10578,0.041097,0.0026515,0.01425,0.22574,0.29852,0.23456,0.13063,0.066616,0.028242,0.0019264,0.013767
0.074624,0.17598,0.34272,0.19088,0.10157,0.080571,0.0034893,0.030165,0.21717,0.31976,0.25666,0.10651,0.078326,0.015126,0.0035125,0.0029445
0.082669,0.17943,0.2763,0.27729,0.098211,0.065063,0.0016618,0.019379,0.24972,0.28322,0.25297,0.12749,0.066751,0.017013,0.00015278,0.002676
0.051374,0.20179,0.30499,0.27398,0.078883,0.07217,0.0010456,0.015763,0.26066,0.3166,0.21957,0.12877,0.052286,0.01586,0.001215,0.005038
0.066137,0.20286,0.26685,0.28676,0.09829,0.051913,0.011115,0.016082,0.18123,0.32712,0.23926,0.13132,0.095499,0.023237,0.0013463,0.0010017
0.046245,0.17076,0.2734,0.3347,0.093267,0.062044,0.0032582,0.016317,0.18692,0.32607,0.25094,0.1262,0.082283,0.024408,0.0016089,0.0015799
0.05995,0.17116,0.3053,0.31962,0.073689,0.050316,0.0065175,0.013446,0.21965,0.31379,0.20496,0.15413,0.088231,0.016288,0.00077574,0.0021756
0.076447,0.152,0.26577,0.3143,0.11619,0.044787,0.0078702,0.022629,0.1835,0.3024,0.24308,0.16605,0.072819,0.015287,0.011084,0.00579
0.070436,0.13399,0.30875,0.31176,0.11301,0.031926,0.0052762,0.024853,0.17933,0.33921,0.23727,0.14877,0.073906,0.014465,0.0017372,0.0052991
0.084751,0.14834,0.33382,0.24193,0.12149,0.040519,0.010509,0.018649,0.16835,0.31033,0.27175,0.18441,0.048337,0.0085834,0.00093716,0.0073074
0.077579,0.13879,0.31173,0.27326,0.10195,0.074061,0.00062463,0.022014,0.19203,0.30188,0.26999,0.12936,0.08329,0.020162,0.0019781,0.0013206
0.06835,0.13287,0.26382,0.33112,0.12068,0.054401,0.0061741,0.022583,0.19857,0.28241,0.24962,0.15119,0.096344,0.010026,0.0014806,0.010368
0.077713,0.14892,0.27482,0.31761,0.097708,0.065879,0.0102,0.0071524,0.17125,0.30411,0.25683,0.16213,0.068442,0.028907,0.0078014,0.00052834
0.11,0.14257,0.29635,0.28372,0.093034,0.042973,0.020533,0.010822,0.18063,0.27138,0.27093,0.16087,0.085359,0.025106,2.9572e-005,0.0057028
0.10315,0.14748,0.32623,0.25826,0.092177,0.040073,0.0055391,0.027095,0.20698,0.28273,0.25573,0.14481,0.061124,0.039822,8.6052e-005,0.0087081
0.080478,0.13138,0.35474,0.26478,0.089843,0.051577,0.007424,0.01978,0.23895,0.22015,0.28354,0.13838,0.073436,0.043168,0.0012538,0.0011314
0.079229,0.13076,0.34443,0.27817,0.082014,0.046413,0.0077939,0.031191,0.24843,0.2495,0.27866,0.13214,0.051326,0.039137,3.1057e-005,0.0007739
0.09843,0.13742,0.3326,0.27568,0.083137,0.044234,0.0043452,0.024148,0.22563,0.26123,0.28567,0.1479,0.040288,0.029627,6.3937e-006,0.0096574
0.095178,0.1521,0.3028,0.24121,0.13916,0.050416,0.0052316,0.013911,0.18101,0.27368,0.30513,0.15577,0.052945,0.023733,0.00038246,0.0073491
0.11799,0.16454,0.28902,0.25597,0.086027,0.055851,0.0050656,0.025543,0.21321,0.24055,0.33152,0.12551,0.061464,0.017145,0.00024988,0.010357
0.064505,0.17169,0.28958,0.28019,0.070026,0.08574,0.016159,0.022116,0.2377,0.23703,0.28589,0.13126,0.057913,0.040459,0.00052424,0.0092231
0.075819,0.1838,0.2547,0.26333,0.11596,0.086965,0.0052087,0.014213,0.20625,0.23534,0.27276,0.17022,0.061993,0.044133,0.00555,0.0037548
0.062584,0.17478,0.30244,0.24647,0.10176,0.083398,0.0031071,0.02546,0.19337,0.27466,0.26623,0.12386,0.10299,0.032328,2.9859e-005,0.0065324
0.067979,0.13549,0.33722,0.25572,0.098151,0.086044,0.0012049,0.018196,0.2073,0.3247,0.22583,0.1257,0.093786,0.01819,0.0016037,0.0028936
0.1019,0.19872,0.28295,0.2423,0.10189,0.056964,0.0049376,0.010339,0.22059,0.29966,0.2537,0.10478,0.084743,0.02151,9.0981e-005,0.014931
0.066344,0.17216,0.30384,0.2751,0.10994,0.051628,0.0048513,0.016135,0.19652,0.2935,0.28539,0.074716,0.097382,0.035879,0.0010993,0.015506
0.05764,0.16957,0.29215,0.28501,0.11848,0.061099,0.0017753,0.014269,0.19773,0.28613,0.29784,0.097286,0.0959,0.020422,0.00081484,0.0038706
0.10204,0.14089,0.32722,0.25876,0.088821,0.051517,0.0043238,0.026415,0.21154,0.32747,0.25466,0.10941,0.07226,0.015278,0.0027387,0.0066532
0.074584,0.12317,0.33053,0.27674,0.088604,0.076382,0.0081748,0.021811,0.25076,0.31053,0.21407,0.11948,0.071035,0.021614,0.00054468,0.011967
0.070136,0.14529,0.28739,0.29408,0.12279,0.061346,0.0040134,0.014951,0.28244,0.30513,0.2122,0.1152,0.047835,0.03129,0.0021176,0.0037911
0.080751,0.16731,0.27396,0.29642,0.10624,0.049514,0.0059354,0.019863,0.28771,0.29842,0.24319,0.077583,0.0599,0.017726,0.0077643,0.007704
0.069688,0.20476,0.31157,0.23582,0.11381,0.043892,0.0068062,0.01365,0.28299,0.26523,0.26655,0.10114,0.049672,0.018339,0.0014895,0.014585
0.066504,0.1976,0.33745,0.26133,0.079097,0.039069,0.002922,0.016023,0.30668,0.24019,0.28203,0.087981,0.053003,0.02752,3.7811e-005,0.0025654
0.084974,0.18471,0.31307,0.26803,0.089447,0.040687,0.0023871,0.016694,0.24506,0.33773,0.19862,0.10294,0.077572,0.033305,0.0038816,0.00090404
0.09795,0.13619,0.31375,0.23126,0.11639,0.065315,0.0007764,0.038357,0.20288,0.30846,0.25133,0.11968,0.083077,0.021064,0.0033716,0.010138
0.09538,0.16091,0.30163,0.26818,0.096762,0.048478,0.0020519,0.026609,0.21402,0.31938,0.24531,0.1183,0.072911,0.011455,0.0032876,0.015332
0.0837,0.16898,0.31262,0.29101,0.06789,0.050423,0.00058226,0.024796,0.23924,0.31583,0.23997,0.12128,0.05323,0.016735,0.0054705,0.0082392
0.10388,0.12356,0.38634,0.20788,0.08411,0.059668,0.0010352,0.033523,0.24262,0.25698,0.27394,0.10516,0.083207,0.004589,0.005951,0.027551
0.08994,0.13183,0.32519,0.2623,0.1047,0.060144,0.0018568,0.024039,0.22819,0.23433,0.27135,0.10255,0.10486,0.038242,0.0038103,0.016668
0.090038,0.13954,0.29961,0.30866,0.089441,0.054013,0.00091013,0.017779,0.246,0.29831,0.2283,0.14254,0.054022,0.014565,0.0045675,0.011694
0.082517,0.1255,0.34705,0.29787,0.09414,0.041336,0.0026288,0.0089644,0.22456,0.30086,0.22944,0.13567,0.079217,0.020254,0.0016847,0.0083214
0.09662,0.16696,0.28647,0.29671,0.10004,0.032408,0.0045059,0.016278,0.19912,0.27547,0.25151,0.13986,0.10075,0.029808,0.0012946,0.0021963
0.082735,0.18311,0.32083,0.26401,0.094494,0.031146,0.0091093,0.014574,0.22355,0.35112,0.19333,0.10877,0.068901,0.030448,0.0048825,0.018998
0.075164,0.2061,0.28759,0.27804,0.10851,0.030874,0.0088179,0.0049075,0.24343,0.32509,0.20411,0.12558,0.051418,0.016337,0.0052644,0.028768
0.10592,0.14907,0.26014,0.3133,0.11639,0.032632,0.00082991,0.021723,0.20615,0.30428,0.23565,0.1589,0.058885,0.0099026,0.0085036,0.01773
0.076256,0.18471,0.31903,0.26396,0.11371,0.028897,0.0012845,0.012158,0.25671,0.2944,0.22276,0.14809,0.052632,0.014673,0.0037691,0.0069622
0.10812,0.17202,0.30242,0.2441,0.13888,0.018799,0.0028198,0.012857,0.24394,0.27937,0.23504,0.12563,0.084546,0.023903,0.0034634,0.0041113
0.057183,0.15647,0.31158,0.30949,0.10808,0.027066,0.0025587,0.027561,0.20289,0.31814,0.24138,0.13566,0.079856,0.016509,0.0040678,0.001504
0.068259,0.14242,0.33586,0.30545,0.11181,0.017819,5.95e-007,0.018385,0.16303,0.32281,0.26596,0.13521,0.077672,0.024148,0.0088272,0.0023381
0.082953,0.13676,0.3331,0.30606,0.10092,0.027315,0.0011146,0.011778,0.19645,0.23799,0.28077,0.14132,0.10191,0.030808,0.004101,0.0066424
0.088967,0.12612,0.29736,0.3063,0.12969,0.031967,0.00015159,0.01944,0.22736,0.27217,0.29243,0.11838,0.070352,0.012016,0.0051058,0.0021755
0.073419,0.13717,0.29108,0.36408,0.091916,0.017489,0.00073013,0.024111,0.24993,0.26454,0.30489,0.087934,0.065718,0.02344,0.0002936,0.0032572
0.070383,0.12657,0.3519,0.30389,0.1106,0.018626,0.005734,0.012302,0.26964,0.28888,0.30406,0.079217,0.04644,0.0086229,0.00046664,0.002673
0.10059,0.12044,0.3517,0.28728,0.10729,0.023144,0.0014151,0.0081365,0.26965,0.30097,0.23527,0.10133,0.076866,0.0092424,0.003337,0.0033365
0.091986,0.094838,0.37348,0.27547,0.10137,0.036438,0.0011444,0.025284,0.24156,0.29215,0.25512,0.12124,0.070515,0.01088,0.0054736,0.0030605
0.08471,0.14087,0.31385,0.31652,0.083893,0.035661,0.00057681,0.023919,0.20654,0.2942,0.29835,0.11722,0.057223,0.017396,0.0044781,0.0045933
0.10281,0.15331,0.30739,0.2845,0.091041,0.02285,0.00036,0.037734,0.19051,0.27538,0.33857,0.072073,0.07833,0.026248,0.0068588,0.012034
0.12573,0.13655,0.31705,0.24722,0.10242,0.048568,0.0048191,0.01764,0.19531,0.24238,0.31991,0.096725,0.12071,0.01995,1.9895e-007,0.0050188
0.089117,0.14062,0.31594,0.27453,0.10091,0.055357,0.0057484,0.017773,0.22636,0.2464,0.32436,0.097543,0.085644,0.014996,0.00017881,0.0045082
0.076213,0.15367,0.27009,0.27682,0.11073,0.06665,0.0005,0.045334,0.22721,0.19713,0.29747,0.12157,0.099217,0.046164,0.00014369,0.011095
0.055463,0.14685,0.27886,0.30335,0.11621,0.067679,0.00020669,0.031392,0.26238,0.23617,0.26181,0.11535,0.089395,0.031133,4.9019e-005,0.0037203
0.069196,0.19775,0.27114,0.27072,0.10046,0.078168,0.00095936,0.011606,0.23435,0.20746,0.28205,0.14639,0.073683,0.04064,0.0021541,0.01327
0.050926,0.15932,0.27291,0.31033,0.082744,0.095166,0.00095899,0.027636,0.22496,0.27889,0.25376,0.14515,0.056882,0.036342,7.2135e-005,0.0039478
0.073831,0.18549,0.30941,0.24911,0.098338,0.059533,0.0081818,0.016101,0.23275,0.30121,0.26804,0.1037,0.055036,0.032129,0.0039327,0.0032058
0.079409,0.17789,0.27954,0.26645,0.11323,0.057775,0.0054004,0.020307,0.22697,0.24151,0.27799,0.12089,0.061165,0.054718,0.0056018,0.011152
0.077748,0.16486,0.25771,0.2836,0.092782,0.079181,1.5758e-005,0.044102,0.25108,0.29171,0.24749,0.12454,0.05648,0.019886,0.00028033,0.0085348
0.07032,0.17271,0.26995,0.32377,0.086735,0.054532,1.0231e-006,0.021986,0.21926,0.29963,0.23345,0.13932,0.055165,0.044988,0.0006661,0.0075158
0.10788,0.18116,0.26413,0.29309,0.099662,0.041087,9.6838e-005,0.012896,0.20688,0.30148,0.27221,0.12695,0.047262,0.028971,0.011302,0.0049438
0.099129,0.17082,0.30786,0.28902,0.093252,0.021329,1.0707e-006,0.018592,0.21959,0.27297,0.28312,0.11019,0.087497,0.018681,0.0021119,0.0058315
0.077617,0.16131,0.28971,0.3392,0.087547,0.03118,0.00022003,0.013226,0.1792,0.30538,0.32325,0.090957,0.060801,0.0344,0.00090484,0.0051154
0.068302,0.19689,0.33567,0.25784,0.080892,0.05289,0.00041261,0.0071086,0.23747,0.28087,0.28607,0.062132,0.079911,0.039572,1.2111e-005,0.013974
0.073173,0.19957,0.31447,0.278,0.08003,0.037721,1.3152e-009,0.017033,0.28586,0.25678,0.22563,0.12597,0.071717,0.014425,0.010955,0.0086685
0.045445,0.22909,0.30218,0.24982,0.11103,0.050268,0.0008936,0.011265,0.25999,0.29887,0.18041,0.1557,0.072034,0.024431,0.00039339,0.0081829
0.074391,0.17765,0.29833,0.24361,0.1176,0.068104,0.00030369,0.020014,0.24819,0.26577,0.25607,0.13914,0.067765,0.0069513,0.0011494,0.014962
0.074758,0.22301,0.2961,0.26258,0.10007,0.024939,0.0033928,0.015142,0.20282,0.30499,0.26177,0.10027,0.10049,0.019698,0.0035752,0.0063851
0.070808,0.16775,0.27406,0.27591,0.14082,0.041237,0.0094011,0.020015,0.19209,0.31273,0.29596,0.1134,0.066799,0.014331,0.001144,0.0035544
0.083254,0.17404,0.2753,0.26266,0.12731,0.050284,0.0065692,0.020588,0.23522,0.26347,0.27135,0.089489,0.075385,0.025345,0.029123,0.01062
0.078531,0.16543,0.32431,0.25334,0.10954,0.046139,0.010233,0.012475,0.22789,0.30541,0.25536,0.10114,0.076062,0.018401,0.010224,0.0055065
0.072915,0.16984,0.31783,0.27554,0.11273,0.035143,0.0073395,0.0086604,0.18339,0.35236,0.21555,0.10386,0.10287,0.035932,0.00038523,0.0056551
0.074494,0.16139,0.29887,0.27655,0.1181,0.039799,0.0047837,0.026014,0.21637,0.33781,0.19227,0.12566,0.075477,0.03407,0.013107,0.0052317
0.085105,0.16956,0.29695,0.26746,0.12353,0.026758,0.00034513,0.030297,0.21851,0.32569,0.22322,0.12511,0.069559,0.030991,4.6164e-006,0.006919
0.088217,0.22788,0.30235,0.21183,0.11924,0.033419,0.0011143,0.015945,0.20886,0.38933,0.2026,0.097212,0.067508,0.023691,0.0021304,0.0086742
0.081983,0.14871,0.33659,0.26855,0.11555,0.041821,0.0022603,0.0045319,0.18916,0.32855,0.24436,0.14974,0.063994,0.019856,0.00040749,0.0039306
0.078555,0.11138,0.29367,0.33768,0.12238,0.052112,0.00016121,0.0040648,0.19837,0.32167,0.25068,0.1146,0.069722,0.029469,0.00036285,0.015118
0.066177,0.16916,0.30733,0.26502,0.11169,0.068957,0.0027364,0.0089307,0.20053,0.32899,0.23384,0.12088,0.068807,0.041577,0.00052467,0.0048516
0.068021,0.17072,0.30446,0.30763,0.099906,0.03552,0.0016855,0.012055,0.21604,0.39642,0.22489,0.061975,0.07223,0.016371,0.0010936,0.010985
0.084142,0.12044,0.31878,0.29539,0.13364,0.032862,0.0012542,0.013491,0.2671,0.34152,0.21999,0.080125,0.074027,0.013093,3.5692e-007,0.0041362
0.063211,0.14492,0.28888,0.28408,0.15073,0.048678,0.0010076,0.018495,0.31992,0.26442,0.21261,0.099788,0.093479,0.0087324,0.00073629,0.00031361
0.082481,0.15381,0.30756,0.26458,0.12035,0.060979,7.7239e-005,0.010156,0.24878,0.30739,0.22742,0.072648,0.10048,0.039423,1.6476e-007,0.0038556
0.10932,0.13519,0.30302,0.30435,0.092656,0.037701,0.0058525,0.011915,0.20661,0.34081,0.25537,0.094402,0.079393,0.017773,0.00030415,0.0053322
0.07292,0.1145,0.31554,0.32002,0.10965,0.049841,0.00022989,0.017301,0.2342,0.35473,0.211,0.11231,0.058712,0.016991,0.0038532,0.0082045
0.079705,0.10656,0.33569,0.3038,0.07997,0.073692,0.0017921,0.0188,0.21517,0.29024,0.26798,0.12175,0.058187,0.021524,0.011545,0.013608
0.072526,0.12216,0.36834,0.26689,0.11139,0.046482,0.00031539,0.011898,0.20675,0.28083,0.28122,0.11973,0.068676,0.030738,0.007382,0.0046714
0.07169,0.13262,0.3021,0.32628,0.1107,0.049476,0.00026245,0.0068581,0.23534,0.28387,0.22916,0.12153,0.089074,0.029904,0.0055575,0.0055619
0.091655,0.11844,0.27349,0.34256,0.1175,0.036569,0.0024119,0.01737,0.19626,0.31695,0.22696,0.13652,0.088685,0.027677,0.00074969,0.0062013
0.10498,0.076692,0.32111,0.28416,0.1439,0.049558,0.0042747,0.015319,0.17805,0.37206,0.22283,0.10667,0.08433,0.030668,0.0040797,0.0013108
0.069545,0.093294,0.32852,0.30177,0.10419,0.082099,0.0048933,0.015692,0.18608,0.34313,0.18585,0.11924,0.13286,0.020401,0.00067966,0.011763
0.056305,0.12154,0.33166,0.28977,0.13604,0.049652,0.00038577,0.014639,0.18514,0.4133,0.15833,0.10699,0.10884,0.026733,9.7593e-005,0.00056154
0.041605,0.16724,0.31414,0.31077,0.11115,0.037867,0.0027,0.014522,0.19072,0.29895,0.23667,0.14614,0.094397,0.028578,0.00051122,0.0040431
0.047151,0.15568,0.33635,0.26714,0.10889,0.070749,0.0010889,0.012941,0.20963,0.27396,0.22833,0.14241,0.10131,0.035295,0.00081255,0.008246
0.075788,0.11706,0.35272,0.24092,0.11309,0.089896,0.0008163,0.0097154,0.22163,0.26217,0.22434,0.14001,0.098295,0.040106,0.0030291,0.010425
0.079845,0.12083,0.29479,0.24146,0.13936,0.092251,0.0012746,0.030187,0.30126,0.29647,0.20478,0.08558,0.066687,0.034024,0.0036875,0.007506
0.080825,0.16246,0.25293,0.27982,0.13427,0.069108,0.00080898,0.019785,0.25511,0.28163,0.27072,0.091117,0.074973,0.0198,0.00041126,0.0062365
0.073915,0.17128,0.23669,0.29427,0.12615,0.077005,0.0058213,0.014869,0.20765,0.2923,0.28651,0.11656,0.069905,0.024851,0.0010736,0.0011558
0.061388,0.11391,0.30111,0.29803,0.13891,0.067951,0.0023738,0.016326,0.21193,0.30074,0.28049,0.11552,0.068104,0.022527,4.9501e-005,0.00064132
0.077944,0.17469,0.27416,0.27298,0.13918,0.042622,0.00068508,0.017743,0.20862,0.21948,0.34947,0.13087,0.069359,0.015465,0.0030744,0.0036539
0.047533,0.17803,0.28802,0.26644,0.12849,0.078755,0.0022504,0.010476,0.18768,0.29829,0.30659,0.076376,0.075002,0.03819,0.014056,0.0038177
0.092839,0.16284,0.26841,0.27728,0.13738,0.054031,0.00034925,0.006877,0.19454,0.36233,0.27062,0.078692,0.058144,0.022202,0.0003101,0.013166
0.04963,0.15344,0.30592,0.29371,0.12211,0.055352,0.0034427,0.016393,0.15129,0.29845,0.303,0.11462,0.10627,0.012554,6.1445e-005,0.013752
0.085175,0.16136,0.29032,0.27083,0.12211,0.053342,0.0017849,0.015078,0.23323,0.31781,0.23673,0.12231,0.07299,0.014527,8.4897e-008,0.0024001
0.098698,0.14095,0.30408,0.25741,0.11751,0.059519,0.0025138,0.019316,0.23438,0.35269,0.19374,0.13033,0.062989,0.017447,9.5888e-005,0.0083256
0.10624,0.15841,0.2481,0.30015,0.1085,0.057091,0.0089656,0.012545,0.20265,0.39371,0.2165,0.10809,0.035713,0.040036,7.7275e-007,0.0033014
0.085874,0.16007,0.28322,0.27389,0.12416,0.053669,0.001487,0.017631,0.18363,0.30272,0.26399,0.15691,0.057073,0.033741,9.8973e-006,0.0019289
0.10238,0.15802,0.30026,0.24374,0.11924,0.055683,0.0030726,0.017601,0.27424,0.23231,0.23456,0.16657,0.045611,0.025563,0.00066005,0.020495
0.07911,0.13992,0.2735,0.33213,0.098561,0.062544,0.0041392,0.010095,0.22986,0.27561,0.24147,0.14745,0.059589,0.032829,0.001617,0.011579
0.062804,0.13969,0.30338,0.27297,0.1125,0.076924,0.001857,0.029876,0.212,0.35904,0.2103,0.13504,0.071474,0.010615,0.0010778,0.00046053
0.089399,0.15911,0.26775,0.25405,0.1045,0.06598,0.0035491,0.055668,0.22666,0.32052,0.26064,0.10277,0.059927,0.02573,0.00096471,0.0027878
0.1039,0.1234,0.2658,0.28454,0.12982,0.064621,0.007123,0.020791,0.17689,0.30047,0.30601,0.10088,0.065818,0.028016,0.0040766,0.017835
0.071766,0.13901,0.33891,0.26324,0.098713,0.06273,0.001249,0.024377,0.2501,0.2526,0.25454,0.13637,0.070091,0.025993,0.0013447,0.0089715
0.055514,0.16036,0.30718,0.27406,0.10355,0.076114,0.0055028,0.017712,0.24334,0.27872,0.26646,0.13624,0.059305,0.011835,0.0016043,0.002486
0.057899,0.20088,0.26936,0.2849,0.10289,0.07254,0.0043348,0.0071897,0.23801,0.33974,0.20437,0.11752,0.075856,0.01555,0.0035979,0.0053504
0.10361,0.1646,0.27854,0.28179,0.10125,0.041547,0.0039214,0.024739,0.20531,0.33953,0.24247,0.13752,0.056454,0.011031,0.0026015,0.0050874
0.074671,0.17929,0.26188,0.27626,0.13411,0.051318,0.0031248,0.019353,0.19069,0.34232,0.23045,0.14994,0.05753,0.018884,0.00013907,0.01005
0.082663,0.15129,0.2601,0.27702,0.10211,0.077495,0.0041821,0.045152,0.22384,0.34828,0.22768,0.081823,0.081539,0.028258,0.00065621,0.0079268
0.077279,0.17112,0.25978,0.27419,0.13413,0.040328,0.010475,0.0327,0.24308,0.30268,0.21768,0.13745,0.082512,0.015195,3.9539e-005,0.0013524
0.072095,0.18266,0.26592,0.29057,0.1219,0.043622,0.0035889,0.019637,0.23503,0.23409,0.3035,0.16681,0.03815,0.015917,0.00042487,0.006078
0.088861,0.16975,0.25034,0.31416,0.081527,0.078474,0.0011522,0.015739,0.20459,0.33081,0.18767,0.17266,0.058454,0.038989,2.0956e-007,0.0068238
0.08016,0.16684,0.28722,0.27545,0.091773,0.062287,0.0051111,0.031154,0.24023,0.35211,0.24274,0.088412,0.045097,0.030868,3.0586e-005,0.00051613
0.078721,0.176,0.28518,0.2839,0.096594,0.060928,0.0032559,0.015426,0.25165,0.31087,0.27186,0.08966,0.053823,0.015796,0.0011335,0.0052105
0.081551,0.12204,0.29936,0.30262,0.11064,0.072043,0.00037234,0.011363,0.23259,0.35734,0.2419,0.096286,0.046534,0.021271,0.0013575,0.002716
0.075982,0.12725,0.27821,0.3333,0.081192,0.069491,0.00048541,0.034095,0.17115,0.3037,0.27417,0.14454,0.065379,0.024698,0.00032891,0.016038
0.083021,0.13206,0.27974,0.35375,0.080405,0.058633,0.0040822,0.0083076,0.1676,0.28146,0.27482,0.1527,0.10071,0.018035,0.00046753,0.004207
0.0981,0.15524,0.28676,0.31515,0.097299,0.031219,0.0040121,0.012214,0.17554,0.29873,0.24925,0.1573,0.07819,0.034481,0.00061058,0.0059015
0.084336,0.19484,0.26902,0.30828,0.073003,0.050177,0.0011532,0.019189,0.20592,0.32959,0.20488,0.16094,0.071415,0.022233,0.0023928,0.0026284
0.096493,0.19486,0.22549,0.30826,0.083132,0.073338,0.0012561,0.017175,0.16803,0.32778,0.23368,0.16403,0.06142,0.026392,0.00074434,0.017933
0.091091,0.16405,0.3027,0.267,0.066697,0.077304,0.00339,0.027762,0.22286,0.34487,0.24505,0.10585,0.044846,0.035954,7.801e-005,0.00049588
0.11572,0.15959,0.2539,0.29069,0.08375,0.071579,0.0025906,0.022188,0.23258,0.3256,0.23195,0.093638,0.085808,0.02947,2.0468e-005,0.00094064
0.1149,0.18248,0.28606,0.24825,0.079845,0.074314,0.0023891,0.011762,0.23464,0.30854,0.25892,0.091947,0.051903,0.040961,0.0028997,0.010188
0.083309,0.18087,0.29865,0.27189,0.096995,0.046795,0.00054379,0.020955,0.27235,0.28465,0.24288,0.11996,0.044983,0.012475,0.0016347,0.021073
0.082835,0.14575,0.2979,0.28295,0.10269,0.060221,0.0034261,0.024237,0.22121,0.31493,0.20211,0.17881,0.053645,0.012774,0.0032261,0.013294
0.062201,0.18771,0.26228,0.30078,0.10128,0.066298,0.0032973,0.016149,0.23981,0.3214,0.19571,0.13648,0.072747,0.022342,0.0016752,0.0098387
0.087831,0.16579,0.26854,0.28976,0.098691,0.070635,0.0070475,0.011707,0.23521,0.28099,0.2338,0.14405,0.06949,0.025294,0.00049247,0.010669
0.081762,0.17726,0.26932,0.26922,0.13177,0.054691,0.0066467,0.0093322,0.2143,0.34847,0.23389,0.090356,0.067045,0.033287,0.0017168,0.010934
0.086027,0.15682,0.30269,0.26062,0.10619,0.073567,0.0041571,0.0099385,0.19643,0.30969,0.23665,0.14361,0.0729,0.032021,0.00017274,0.0085248
0.062868,0.16937,0.31655,0.29174,0.083158,0.064472,0.0010732,0.010778,0.23771,0.26954,0.22595,0.15809,0.071771,0.023801,0.0082495,0.0048956
0.061491,0.20121,0.30163,0.26459,0.079289,0.071597,0.0056167,0.014568,0.24267,0.28587,0.22383,0.14469,0.059537,0.034338,0.00054199,0.0085218
0.069108,0.15542,0.25861,0.27426,0.14381,0.067304,0.0030581,0.028429,0.19637,0.29443,0.2721,0.13691,0.065586,0.016544,0.0037249,0.014337
0.079113,0.17811,0.25686,0.25717,0.13472,0.056147,0.012696,0.025189,0.23103,0.26205,0.26319,0.14534,0.064245,0.022223,0.0007945,0.011127
0.056331,0.1314,0.33208,0.27034,0.11095,0.083573,0.0049386,0.010393,0.251,0.24352,0.23586,0.16734,0.051612,0.020834,0.0087886,0.02104
0.083309,0.14127,0.30525,0.27135,0.11798,0.062911,0.0070322,0.010896,0.25512,0.26769,0.25492,0.1381,0.054163,0.013345,0.01334,0.0033256
0.075385,0.15834,0.29036,0.29778,0.10712,0.056203,0.00057037,0.014237,0.21641,0.23537,0.30535,0.17229,0.050601,0.018341,9.1302e-005,0.0015332
0.067886,0.18871,0.25499,0.29896,0.1171,0.054961,0.0031723,0.014209,0.18478,0.28874,0.31792,0.1389,0.047307,0.013503,0.0019503,0.0068961
0.086406,0.16848,0.28097,0.27549,0.11683,0.049892,0.0023759,0.01956,0.20521,0.32662,0.26527,0.12394,0.03679,0.036988,0.00013961,0.0050472
0.11359,0.16256,0.29099,0.2553,0.081437,0.083383,0.00052175,0.012224,0.22771,0.26391,0.2686,0.13159,0.055911,0.043037,0.00026445,0.0089759
0.06783,0.124,0.35337,0.26176,0.090593,0.07979,0.0020747,0.020589,0.25557,0.26512,0.22532,0.13563,0.06745,0.03654,7.9904e-005,0.014288
0.069872,0.14352,0.28695,0.32134,0.11238,0.057771,0.0023921,0.0057722,0.20515,0.26188,0.26006,0.13701,0.072291,0.039195,0.0055097,0.018908
0.054186,0.17863,0.27836,0.30081,0.088502,0.077415,0.0027426,0.019363,0.24358,0.22294,0.2366,0.15371,0.070708,0.050858,0.004431,0.017169
0.04497,0.16902,0.23856,0.33867,0.11425,0.082361,0.00097791,0.011203,0.26543,0.23338,0.24041,0.13387,0.091219,0.021141,0.00054368,0.014008
0.046303,0.17867,0.22519,0.32836,0.14533,0.057096,0.0053226,0.013728,0.2314,0.29112,0.21393,0.1515,0.064918,0.035702,1.9503e-010,0.011435
0.07969,0.15414,0.30209,0.27946,0.10493,0.049623,0.003397,0.02666,0.18765,0.30464,0.27405,0.1559,0.046947,0.01636,0.00015661,0.014296
0.096877,0.12304,0.27944,0.28474,0.15663,0.04125,0.0044454,0.013564,0.1468,0.31552,0.29673,0.15269,0.071267,0.013832,4.1541e-005,0.0031163
0.070898,0.169,0.27006,0.24116,0.14911,0.075812,0.00026746,0.023688,0.2462,0.29652,0.25691,0.11648,0.062103,0.017381,8.73e-007,0.0044029
0.078909,0.13861,0.25025,0.28916,0.14657,0.082889,0.0001252,0.013495,0.24217,0.31199,0.26984,0.1018,0.054465,0.014862,8.0626e-005,0.0047808
0.061456,0.15678,0.25291,0.28284,0.14846,0.078702,7.1043e-007,0.018848,0.23114,0.28828,0.30566,0.071283,0.086166,0.012537,0.00076699,0.0041723
0.064978,0.14056,0.31006,0.27892,0.089371,0.085342,0.012643,0.018117,0.20158,0.29018,0.29014,0.094288,0.093486,0.023484,0.00092056,0.005928
0.071031,0.16964,0.3337,0.26912,0.078809,0.043738,0.017137,0.016817,0.1995,0.33202,0.30263,0.075732,0.06525,0.018181,0.0017539,0.0049378
0.059831,0.14406,0.33283,0.26207,0.12688,0.056679,0.0024488,0.015198,0.24809,0.26776,0.28541,0.093286,0.069825,0.018239,0.00092481,0.016464
0.081992,0.15598,0.27244,0.29389,0.13195,0.043907,0.0048127,0.015023,0.26148,0.32072,0.22009,0.10882,0.049123,0.032936,0.002028,0.0048069
0.085737,0.13387,0.27648,0.2687,0.1255,0.085572,0.0081852,0.015964,0.23383,0.29455,0.28952,0.10653,0.048659,0.011665,0.0047558,0.010498
0.094933,0.12305,0.27126,0.28065,0.12853,0.079366,0.0053663,0.016858,0.21404,0.3078,0.28568,0.081941,0.077805,0.02429,1.0484e-006,0.0084444
0.078754,0.13018,0.31021,0.26801,0.10952,0.084057,0.00070612,0.018557,0.25618,0.37261,0.19836,0.074357,0.079187,0.0083071,0.0020717,0.0089235
0.073291,0.12022,0.30972,0.31026,0.10037,0.065553,1.2025e-005,0.020568,0.26524,0.29129,0.25848,0.080213,0.063582,0.032213,3.2126e-005,0.0089449
0.066486,0.18427,0.26532,0.30004,0.10653,0.062183,0.00022507,0.01495,0.26505,0.2786,0.29519,0.082576,0.053541,0.018562,0.00018666,0.006297
0.057866,0.20363,0.2732,0.27691,0.10892,0.063509,0.00035909,0.015595,0.23371,0.2702,0.2837,0.078522,0.076807,0.055854,0.00050047,0.00070818
0.082616,0.16678,0.27492,0.28215,0.13606,0.041586,0.0010893,0.014795,0.21588,0.28705,0.30793,0.066363,0.093472,0.024186,1.7779e-006,0.0051253
0.12708,0.1351,0.28114,0.2795,0.11597,0.04953,0.00092592,0.010751,0.18198,0.34138,0.26699,0.086419,0.099581,0.011351,0.0032595,0.0090403
0.089779,0.14181,0.29091,0.28365,0.13305,0.049013,7.3043e-005,0.01171,0.19119,0.28246,0.24012,0.1043,0.1627,0.0076238,0.00087567,0.010729
0.10242,0.1342,0.35633,0.22828,0.11639,0.03876,0.0028887,0.020724,0.22985,0.2639,0.27531,0.095578,0.11143,0.0044312,3.5595e-005,0.019472
0.049735,0.1626,0.30473,0.27957,0.10858,0.059501,0.0015003,0.033782,0.1789,0.27634,0.30067,0.12287,0.097696,0.01067,0.0024911,0.010359
0.068113,0.14946,0.31953,0.25492,0.099298,0.080975,0.0054448,0.022257,0.1852,0.25394,0.36387,0.11408,0.067285,0.0061019,0.00060146,0.0089273
0.07691,0.16971,0.26636,0.29237,0.10601,0.062327,0.0055199,0.020786,0.20937,0.25497,0.2944,0.14501,0.070917,0.014284,1.8837e-005,0.011027
0.077865,0.18012,0.31371,0.25528,0.1027,0.056593,0.0011712,0.012553,0.20333,0.29916,0.23166,0.18805,0.049845,0.020601,0.0020965,0.0052613
0.072202,0.15958,0.28394,0.30053,0.12367,0.049279,2.0794e-006,0.010792,0.20565,0.29317,0.23514,0.18439,0.046337,0.029579,1.7937e-005,0.0057178
0.056193,0.18361,0.26607,0.30784,0.11565,0.057547,0.0023643,0.01073,0.24945,0.27485,0.25443,0.11899,0.061217,0.036092,0.0013869,0.0035826
0.074042,0.17019,0.3089,0.27364,0.10533,0.049571,0.00010835,0.018219,0.21509,0.33467,0.26845,0.097634,0.069377,0.012056,1.4084e-005,0.0027147
0.089649,0.14954,0.29651,0.263,0.10779,0.058948,0.0003722,0.034189,0.21962,0.28129,0.27023,0.11702,0.087654,0.0062639,0.0086502,0.0092749
0.086492,0.15011,0.28182,0.2627,0.11863,0.086307,0.00045705,0.013489,0.25888,0.25785,0.30176,0.10039,0.055307,0.020891,0.0013031,0.003629
0.032447,0.14828,0.29334,0.30998,0.14739,0.051582,0.0030831,0.013894,0.23065,0.28033,0.25374,0.15859,0.053835,0.019109,0.00061392,0.0031348
0.040575,0.16344,0.28475,0.2883,0.13055,0.074464,0.00010255,0.017817,0.27668,0.29467,0.22963,0.12876,0.0539,0.0095475,0.00050982,0.0063103
0.094064,0.17903,0.23986,0.3025,0.094957,0.080216,0.00051258,0.0088581,0.26383,0.26199,0.24473,0.12166,0.078424,0.022734,0.0015202,0.0051196
0.12046,0.14139,0.22079,0.28909,0.11101,0.098379,0.0041189,0.014767,0.26792,0.25949,0.26389,0.10218,0.075256,0.021024,0.0014403,0.0087987
0.094213,0.15539,0.25304,0.28781,0.12886,0.049978,0.0033188,0.02738,0.24204,0.25083,0.27196,0.11628,0.095224,0.016966,0.0047313,0.0019649
0.061819,0.14005,0.29051,0.26561,0.13576,0.070977,0.0041603,0.031115,0.23772,0.31897,0.23071,0.1395,0.048316,0.0068002,0.010723,0.0072619
0.053717,0.13617,0.28858,0.31903,0.11594,0.055431,0.0019576,0.029169,0.23627,0.29367,0.27553,0.11441,0.049112,0.018551,0.0049517,0.0075172
0.068103,0.13594,0.31256,0.28597,0.12345,0.051088,0.00048196,0.022408,0.27923,0.26447,0.25022,0.12452,0.041411,0.032669,0.0034739,0.0040163
0.077691,0.15201,0.32848,0.26193,0.11381,0.048883,0.0030867,0.01411,0.20555,0.25891,0.26549,0.12735,0.090569,0.04733,0.00019385,0.0046021
0.10535,0.16143,0.32217,0.27226,0.090785,0.039443,6.3664e-006,0.0085659,0.20148,0.2693,0.30871,0.11114,0.06345,0.041625,0.00035244,0.0039366
0.074212,0.15913,0.30543,0.31175,0.090542,0.046136,0.00016488,0.01263,0.16337,0.35776,0.23471,0.12029,0.076937,0.041462,0.0026485,0.0028226
0.04957,0.17733,0.27618,0.32258,0.12167,0.03695,0.00043617,0.015284,0.22102,0.30842,0.20102,0.12862,0.079989,0.0463,0.004932,0.0096931
0.052846,0.16117,0.30957,0.27885,0.13565,0.038903,0.0031297,0.019889,0.21148,0.27634,0.21278,0.1329,0.11154,0.035266,0.011574,0.0081222
0.071025,0.14957,0.28068,0.30211,0.13414,0.049801,0.00024765,0.01242,0.20963,0.32845,0.22777,0.15061,0.036065,0.038286,0.0027366,0.0064513
0.10008,0.16727,0.26642,0.26723,0.12603,0.054695,0.0087791,0.0094978,0.18959,0.29927,0.24689,0.14578,0.057691,0.039565,0.00913,0.012085
0.078056,0.13059,0.27721,0.31425,0.13277,0.029527,0.034274,0.0033281,0.20337,0.29014,0.24119,0.14938,0.082212,0.021727,0.0057943,0.006183
0.070097,0.15614,0.26716,0.33168,0.11546,0.045462,0.006429,0.0075778,0.17693,0.30603,0.29907,0.11004,0.053445,0.036825,0.010435,0.007228
0.10149,0.1693,0.27121,0.2897,0.086921,0.059163,0.0015713,0.020643,0.24938,0.2754,0.25394,0.12817,0.037257,0.038097,0.00045897,0.017293
0.10446,0.13319,0.27583,0.2951,0.11573,0.058473,0.0040854,0.013125,0.23779,0.22803,0.32893,0.11418,0.05368,0.020511,0.003889,0.012984
0.084985,0.14414,0.26273,0.31941,0.084629,0.087237,0.0075831,0.009295,0.26814,0.22135,0.29396,0.12348,0.059376,0.026708,0.0022076,0.0047847
0.066236,0.14296,0.26429,0.31672,0.10616,0.076024,0.003305,0.024297,0.23748,0.28669,0.2757,0.1207,0.053359,0.019572,0.0014267,0.0050703
0.088998,0.11219,0.26503,0.34963,0.12127,0.044111,0.0016954,0.017075,0.17198,0.25473,0.33192,0.14131,0.065937,0.027628,0.0047184,0.0017816
0.11076,0.12838,0.25839,0.33102,0.11173,0.03506,0.0031435,0.021521,0.21746,0.29486,0.26089,0.13547,0.052871,0.030906,0.0038747,0.0036789
0.058724,0.12645,0.27426,0.29581,0.15637,0.066229,0.0049296,0.017223,0.17888,0.27378,0.31013,0.1441,0.036327,0.048157,0.0016137,0.0070068
0.078314,0.14417,0.26336,0.2995,0.10496,0.080614,0.0070785,0.022,0.17589,0.26537,0.2763,0.15436,0.0731,0.046787,0.0013216,0.0068606
0.07049,0.12737,0.30868,0.29187,0.12128,0.065643,0.0023031,0.012361,0.21902,0.30887,0.22513,0.1608,0.037168,0.041742,0.0035227,0.0037464
0.086935,0.14124,0.28461,0.30111,0.076685,0.085503,0.003172,0.020738,0.2307,0.28326,0.28316,0.11522,0.047587,0.028265,0.0035659,0.0082511
0.093596,0.17357,0.30027,0.27405,0.091463,0.045076,0.005362,0.016611,0.23055,0.24397,0.25293,0.16697,0.07739,0.025286,0.00076599,0.002139
0.09441,0.14428,0.31023,0.26984,0.10146,0.05104,0.0053007,0.023445,0.31306,0.23705,0.24404,0.11234,0.048119,0.041598,2.9336e-005,0.0037663
0.092498,0.14599,0.28537,0.27156,0.10889,0.07875,0.0073668,0.0095758,0.30484,0.27369,0.23875,0.13456,0.02516,0.020285,0.0021453,0.00058371
0.075487,0.11607,0.28459,0.30345,0.13246,0.068592,0.0033191,0.016043,0.23964,0.30574,0.22011,0.14358,0.071053,0.013436,0.00033322,0.006113
0.074179,0.12942,0.29764,0.25208,0.14249,0.078789,0.0040257,0.021381,0.22986,0.33071,0.25816,0.07648,0.074251,0.023198,0.00050959,0.0068321
0.071924,0.15835,0.27422,0.28357,0.12887,0.056388,0.010129,0.016554,0.26754,0.2994,0.20511,0.11869,0.058009,0.033542,0.0029009,0.014804
0.066691,0.15756,0.28429,0.28571,0.11919,0.072388,0.00045295,0.013717,0.20221,0.33283,0.28404,0.085634,0.054875,0.032722,0.00093856,0.0067408
0.067372,0.17388,0.27341,0.27571,0.099575,0.098343,0.00010705,0.011604,0.24463,0.27305,0.31009,0.092835,0.056471,0.021234,0.0010128,0.00067251
0.064347,0.15863,0.26514,0.26914,0.15147,0.080708,0.00033264,0.010235,0.1763,0.26411,0.32073,0.12641,0.077774,0.03364,7.333e-006,0.0010335
0.064919,0.14413,0.30377,0.28269,0.1281,0.059542,0.0046659,0.012199,0.24027,0.29039,0.23135,0.13675,0.043347,0.04476,0.0097098,0.0034263
0.068926,0.11655,0.33392,0.25603,0.10299,0.099524,0.0057071,0.016361,0.19819,0.32661,0.25019,0.12394,0.059019,0.02741,0.0096193,0.0050233
0.071914,0.12287,0.31985,0.30898,0.087292,0.076559,0.00027502,0.012259,0.23097,0.31871,0.21539,0.10973,0.077279,0.034099,0.00091577,0.012903
0.060849,0.14724,0.35201,0.27141,0.098152,0.043078,0.0023344,0.024923,0.25095,0.29853,0.20202,0.12489,0.075603,0.043024,0.0027919,0.0021886
0.047465,0.16821,0.24799,0.30221,0.13087,0.067275,0.0038965,0.032077,0.19883,0.29605,0.23906,0.1253,0.084635,0.050295,7.336e-005,0.0057495
0.050288,0.18487,0.25991,0.28815,0.12598,0.076127,0.002226,0.012438,0.18449,0.33402,0.25506,0.10679,0.065213,0.047759,0.0031234,0.0035406
0.051417,0.1487,0.29351,0.30956,0.13886,0.040628,0.0016283,0.015697,0.16752,0.34151,0.2607,0.11032,0.082474,0.027861,0.0024558,0.0071609
0.070956,0.15991,0.27432,0.28089,0.13501,0.062086,0.0017911,0.015037,0.14005,0.41106,0.20244,0.12674,0.088237,0.021162,0.0044542,0.0058646
0.084528,0.1594,0.30688,0.26285,0.1078,0.053281,0.00027533,0.024986,0.18986,0.34638,0.26175,0.093439,0.067059,0.035428,0.0028802,0.0032073
0.043314,0.19568,0.32116,0.24185,0.10287,0.072021,0.00051842,0.022577,0.20612,0.30899,0.24753,0.11141,0.081772,0.033174,0.003448,0.0075501
0.045903,0.2005,0.33955,0.24476,0.096312,0.061898,8.0142e-005,0.010992,0.22696,0.33995,0.22295,0.10679,0.05648,0.020209,0.0074057,0.019265
0.057796,0.15938,0.30325,0.2737,0.11392,0.065176,7.859e-007,0.026779,0.21124,0.33539,0.2185,0.13591,0.071132,0.020439,0.0011659,0.0062133
0.077959,0.18292,0.27385,0.25685,0.12404,0.074663,7.1024e-006,0.0097178,0.19931,0.33605,0.21366,0.13699,0.070427,0.021916,0.0036403,0.017999
0.083539,0.17082,0.28939,0.24367,0.13815,0.047863,0.0010128,0.025554,0.19391,0.30963,0.26966,0.12405,0.05908,0.035486,0.0024845,0.0057064
0.066451,0.17005,0.31468,0.21303,0.14668,0.067864,0.0002533,0.020994,0.16222,0.35147,0.29526,0.11993,0.036368,0.03016,0.0023251,0.002254
0.090755,0.16716,0.25202,0.30773,0.095602,0.058043,0.00010713,0.028575,0.18649,0.30333,0.24036,0.14084,0.075774,0.035476,0.0037952,0.013928
0.06858,0.17389,0.29783,0.2754,0.10798,0.05027,0.0049987,0.02105,0.24434,0.29734,0.25202,0.10206,0.058691,0.032354,0.00030567,0.012885
0.061299,0.17581,0.2757,0.28432,0.093816,0.09505,0.0008541,0.013158,0.28042,0.25373,0.24706,0.097268,0.077683,0.028912,0.0042733,0.010642
0.078844,0.17833,0.27229,0.27906,0.10225,0.065839,0.00075623,0.02263,0.26082,0.33661,0.20096,0.098614,0.065003,0.029756,0.0021483,0.0060933
0.089067,0.16314,0.29989,0.29748,0.07848,0.059519,3.9812e-007,0.012423,0.22115,0.25409,0.27176,0.11703,0.079568,0.039674,0.0001054,0.01662
0.071969,0.162,0.3041,0.31336,0.081211,0.054759,0.00014985,0.012455,0.24957,0.28381,0.24795,0.11322,0.06758,0.0289,0.0022295,0.0067383
0.10303,0.16143,0.29108,0.27314,0.082322,0.068886,1.813e-005,0.020091,0.23663,0.30399,0.19894,0.14486,0.062946,0.035275,0.0090161,0.0083442
0.064033,0.20942,0.27604,0.31378,0.070762,0.044364,0.00063691,0.02097,0.21464,0.32832,0.21221,0.13021,0.08591,0.02455,1.7858e-005,0.0041422
0.04458,0.15228,0.33552,0.27111,0.10964,0.061984,6.368e-010,0.024893,0.24018,0.28001,0.288,0.081931,0.076957,0.020125,0.0025015,0.010289
0.035805,0.1751,0.29651,0.28495,0.12051,0.079971,2.8063e-006,0.0071602,0.22949,0.26054,0.274,0.094425,0.080823,0.040844,0.0001741,0.019699
0.046345,0.12337,0.29138,0.28698,0.1605,0.069023,0.00050052,0.021888,0.22274,0.2575,0.27166,0.13816,0.076362,0.021518,0.0042371,0.0078245
0.073824,0.13292,0.29162,0.25657,0.14659,0.082196,2.4424e-006,0.016277,0.18468,0.33967,0.28576,0.10319,0.044874,0.034228,0.00081429,0.0067914
0.062871,0.14998,0.28412,0.27286,0.15013,0.065435,0.00020056,0.014397,0.20311,0.34873,0.22155,0.096728,0.085226,0.030543,0.0022189,0.01189
0.060367,0.13275,0.22608,0.36382,0.12921,0.074563,0.00054354,0.012664,0.22623,0.32921,0.21891,0.096011,0.076603,0.024394,0.017871,0.010764
0.060489,0.15454,0.26313,0.32732,0.11438,0.072089,0.00027047,0.0077901,0.23018,0.34228,0.1809,0.11314,0.11271,0.014354,6.5747e-005,0.0063623
0.070665,0.13783,0.35314,0.27878,0.10251,0.041775,6.0314e-006,0.015296,0.23255,0.30799,0.21921,0.11543,0.10502,0.017926,0.00095485,0.00091272
0.082182,0.15309,0.31255,0.27105,0.10682,0.057892,0.0070162,0.0094041,0.23363,0.30144,0.20695,0.16281,0.062174,0.02565,0.0012539,0.0060967
0.064282,0.14948,0.32085,0.27022,0.12404,0.057081,0.0019301,0.012116,0.33482,0.23891,0.2167,0.11184,0.062342,0.0301,1.712e-007,0.0052867
0.057828,0.16117,0.24666,0.30665,0.16628,0.048409,0.0017674,0.011226,0.24296,0.32792,0.25692,0.078073,0.076729,0.013347,4.69e-005,0.0040042
0.055129,0.15102,0.27168,0.3448,0.11716,0.047728,0.0058256,0.0066593,0.26664,0.30249,0.26355,0.098563,0.05524,0.012727,0.00020985,0.00057515
0.053946,0.17735,0.29733,0.31253,0.10349,0.041887,0.0068469,0.0066179,0.29588,0.2197,0.29563,0.10083,0.062592,0.0094446,0.0075602,0.008353
0.042547,0.16138,0.37284,0.27354,0.098337,0.040557,0.00035542,0.010439,0.23969,0.24586,0.28939,0.12749,0.063687,0.023611,0.001139,0.0091341
0.068318,0.14194,0.35427,0.27923,0.12053,0.025662,0.00059821,0.0094548,0.23089,0.22549,0.27573,0.1535,0.038756,0.023543,0.0019609,0.050139
0.094449,0.1549,0.36169,0.22953,0.10986,0.032063,0.0011405,0.016373,0.21244,0.33901,0.22623,0.15701,0.043989,0.012687,0.00015715,0.0084739
0.077207,0.13152,0.3728,0.24913,0.1068,0.038797,0.00014282,0.023605,0.20694,0.31987,0.2247,0.14901,0.063206,0.024866,1.3663e-005,0.011394
0.081822,0.14303,0.33045,0.24891,0.13327,0.037799,0.0048458,0.019875,0.22655,0.26929,0.2371,0.15151,0.079264,0.031507,3.7101e-005,0.0047408
0.074512,0.12505,0.29082,0.2956,0.15022,0.046227,0.0035863,0.013976,0.19145,0.30907,0.2599,0.1481,0.062894,0.024206,0.0020807,0.0022993
0.079534,0.1448,0.253,0.30233,0.13212,0.062919,0.010171,0.01513,0.26277,0.25609,0.23847,0.12908,0.060417,0.043315,0.00074352,0.0091188
0.084425,0.13465,0.3197,0.28113,0.078869,0.073895,0.0011214,0.026207,0.24232,0.23734,0.32108,0.10208,0.058431,0.021415,0.0043672,0.012983
0.098723,0.13798,0.28227,0.28237,0.12208,0.058142,0.001576,0.016865,0.21872,0.28734,0.26371,0.1343,0.056882,0.019225,0.0061782,0.013644
0.10458,0.16956,0.29532,0.20485,0.12272,0.073673,0.0084396,0.020852,0.20686,0.29834,0.26238,0.13586,0.067761,0.011622,0.0025599,0.014616
0.12632,0.16233,0.26899,0.24047,0.11606,0.055732,0.0027662,0.027327,0.22562,0.31618,0.28023,0.094064,0.056876,0.011409,0.0012946,0.01433
0.13359,0.16977,0.25551,0.23743,0.13506,0.052223,0.0016203,0.014797,0.28475,0.30636,0.19416,0.1158,0.058418,0.023308,0.0037283,0.013482
0.113,0.14873,0.27923,0.25956,0.12417,0.059879,8.1718e-005,0.015357,0.23251,0.25638,0.23851,0.1179,0.093553,0.039346,0.00032146,0.021484
0.10555,0.14045,0.28976,0.26502,0.12654,0.055576,0.00097283,0.016129,0.25038,0.29708,0.20251,0.10311,0.090174,0.04148,0.0048336,0.010431
0.082842,0.12528,0.2641,0.28697,0.12544,0.080101,0.012296,0.022965,0.29376,0.26964,0.20232,0.10783,0.073616,0.036495,0.00087655,0.01545
0.072643,0.19429,0.28582,0.25206,0.10286,0.067704,0.0052336,0.019393,0.28804,0.25932,0.26473,0.08567,0.059657,0.0281,0.0010579,0.013428
0.057477,0.16818,0.29748,0.25575,0.12794,0.076535,0.00058451,0.016061,0.20172,0.35766,0.2355,0.091761,0.082124,0.021229,0.0078526,0.0021545
0.056591,0.15283,0.28368,0.3155,0.10741,0.071028,0.001163,0.011803,0.23616,0.33158,0.20873,0.088426,0.10578,0.02321,0.0045538,0.0015528
0.074114,0.1701,0.29195,0.27113,0.10914,0.063994,0.00029688,0.019275,0.23874,0.30138,0.24543,0.098498,0.074977,0.026055,0.00022338,0.014699
0.090146,0.16192,0.32776,0.2725,0.079315,0.046439,0.00024674,0.021675,0.21909,0.32821,0.17768,0.11126,0.10848,0.04307,8.1703e-005,0.012142
0.069493,0.1549,0.33265,0.28585,0.092798,0.046318,8.7664e-005,0.017898,0.22442,0.34924,0.1837,0.081046,0.093224,0.063405,0.0028649,0.0021095
0.083112,0.16526,0.29524,0.31042,0.085328,0.044978,0.0050469,0.01062,0.27381,0.32279,0.18399,0.094402,0.060071,0.058361,0.004865,0.0017126
0.093343,0.16776,0.2856,0.28253,0.097614,0.057773,0.00094389,0.014433,0.2538,0.26032,0.28835,0.10824,0.060747,0.026691,0.00074719,0.0011036
0.075794,0.1618,0.2537,0.27362,0.12614,0.068703,0.016654,0.023592,0.31969,0.21034,0.25809,0.10329,0.075826,0.027162,0.00027638,0.0053261
0.06715,0.17972,0.30928,0.25837,0.1098,0.051644,0.0036924,0.020353,0.27254,0.25788,0.23302,0.13027,0.079471,0.015596,0.00070235,0.01052
0.072474,0.1652,0.33287,0.24045,0.082766,0.070938,0.0027311,0.032579,0.26998,0.33496,0.17046,0.11374,0.08921,0.0076038,0.0018717,0.01217
0.081218,0.17841,0.28319,0.26181,0.098444,0.068689,0.0055795,0.022668,0.24238,0.31391,0.20368,0.13598,0.074286,0.0044074,0.0067144,0.018642
0.084866,0.155,0.32505,0.26313,0.10024,0.052415,0.0012006,0.018103,0.25661,0.29517,0.22575,0.17128,0.028399,0.0099634,0.0068451,0.0059801
0.057796,0.18794,0.29807,0.27421,0.10378,0.05219,0.0090481,0.016964,0.22093,0.30731,0.21405,0.16829,0.045286,0.042887,0.00090046,0.00035684
0.052214,0.1658,0.36718,0.25102,0.10316,0.045742,0.0011747,0.013706,0.23843,0.30083,0.26604,0.13594,0.041275,0.012743,0.0032171,0.0015323
0.075823,0.13043,0.30948,0.32646,0.09292,0.047848,0.0026322,0.0144,0.19943,0.31023,0.25508,0.1476,0.061274,0.024138,0.00036429,0.0018836
0.088735,0.12998,0.29599,0.30834,0.12116,0.040957,0.0050204,0.0098263,0.26802,0.28193,0.19373,0.15385,0.075233,0.022768,0.00022796,0.0042398
0.074448,0.15622,0.28895,0.24752,0.13666,0.063878,0.013009,0.019314,0.29326,0.28343,0.15608,0.12813,0.09388,0.031084,0.0024019,0.011722
0.079276,0.13309,0.35031,0.24761,0.10109,0.058531,0.008111,0.021974,0.27158,0.29727,0.24843,0.08887,0.045384,0.016381,0.023803,0.0082886
0.07123,0.12499,0.319,0.31306,0.10842,0.041304,0.0039344,0.018062,0.24329,0.31227,0.26595,0.066141,0.08297,0.017766,0.00021886,0.011395
0.070971,0.13169,0.31049,0.2895,0.11332,0.040944,0.0025634,0.040522,0.17528,0.34057,0.29436,0.057086,0.090003,0.022482,0.010863,0.0093561
0.08493,0.083219,0.36239,0.29813,0.10227,0.039689,0.0052175,0.024148,0.18697,0.30231,0.28623,0.087921,0.096215,0.035218,0.0037754,0.0013527
0.071268,0.084281,0.28896,0.34078,0.13292,0.05186,0.0027603,0.027174,0.15991,0.34314,0.29275,0.11708,0.06855,0.0080683,0.0052255,0.0052715
0.095943,0.10978,0.28538,0.30148,0.10035,0.068773,0.020649,0.017647,0.24053,0.30515,0.25199,0.11306,0.064679,0.015164,0.00077556,0.0086554
0.061685,0.12519,0.30597,0.29836,0.12644,0.060008,0.011151,0.011197,0.19438,0.32955,0.23376,0.13183,0.077516,0.0269,0.0013409,0.0047203
0.079513,0.14595,0.29891,0.28026,0.11127,0.062972,0.012896,0.008223,0.2113,0.29228,0.23016,0.1634,0.076953,0.023006,0.00018384,0.0027152
0.079961,0.17634,0.24821,0.32114,0.092865,0.057072,0.0054392,0.01897,0.26607,0.27949,0.1805,0.1511,0.08605,0.024263,0.0045183,0.0080141
0.068446,0.16265,0.25084,0.31382,0.1234,0.061785,0.0013406,0.017724,0.2371,0.30285,0.15947,0.19193,0.072284,0.025401,0.0062415,0.0047301
0.048609,0.14426,0.29397,0.27135,0.15395,0.059589,0.00033897,0.027932,0.27331,0.29056,0.16823,0.14073,0.0642,0.048364,0.0010423,0.01356
0.060128,0.13419,0.30313,0.28825,0.1519,0.044214,0.0064642,0.011719,0.26424,0.31426,0.18491,0.15464,0.061351,0.014245,0.0010479,0.005306
0.065326,0.16177,0.27437,0.28182,0.13098,0.067763,0.0032829,0.014678,0.25934,0.31462,0.24095,0.093623,0.051372,0.029118,2.1665e-006,0.010974
0.090597,0.15806,0.25542,0.29452,0.1251,0.04416,0.0013731,0.030769,0.2749,0.31906,0.20714,0.10764,0.049799,0.023772,0.010788,0.0069018
0.11393,0.098642,0.26699,0.30053,0.14005,0.061212,0.0014094,0.017244,0.18758,0.34478,0.25091,0.13592,0.055753,0.017067,0.006583,0.0014048
0.079617,0.16173,0.24535,0.26074,0.16098,0.074206,0.00070541,0.016673,0.19672,0.28997,0.26922,0.14253,0.076125,0.012136,0.00086604,0.012438
0.058389,0.11078,0.28975,0.32154,0.12051,0.074628,0.0035694,0.020835,0.26801,0.22694,0.26696,0.13265,0.091109,0.013754,0.00022289,0.00036585
0.07605,0.1374,0.33827,0.26475,0.11182,0.05341,0.003668,0.014641,0.25154,0.27595,0.21782,0.12639,0.10712,0.0082861,6.0117e-005,0.012822
0.071052,0.14346,0.27759,0.27313,0.14681,0.050594,0.0023175,0.035048,0.24684,0.27628,0.23633,0.14121,0.057086,0.027686,0.0047235,0.009846
0.093122,0.13216,0.27741,0.30977,0.13784,0.025197,0.00027053,0.024231,0.25285,0.25891,0.23395,0.16467,0.061751,0.019051,0.00038733,0.0084338
0.090555,0.14925,0.3539,0.24986,0.12928,0.016733,0.00013333,0.010282,0.25049,0.2472,0.29391,0.13299,0.036913,0.034493,0.00218,0.0018181
0.10124,0.18222,0.28688,0.26794,0.083853,0.060172,0.0062591,0.011434,0.31227,0.28253,0.21651,0.11117,0.040976,0.033107,0.00027249,0.0031653
0.098978,0.17785,0.28706,0.28807,0.094639,0.036109,0.0065844,0.010707,0.26374,0.265,0.25116,0.14256,0.044436,0.026205,1.8393e-005,0.0068931
0.088145,0.15594,0.25147,0.32402,0.13058,0.029861,0.010443,0.009542,0.27666,0.2774,0.249,0.10017,0.059724,0.024497,0.0043552,0.0081982
0.088697,0.16802,0.28134,0.27755,0.12137,0.032002,0.00041595,0.030604,0.25973,0.32346,0.21581,0.076262,0.066702,0.053125,0.00060099,0.00431
0.072927,0.17691,0.28015,0.27902,0.13648,0.029157,0.0054634,0.019891,0.24078,0.34048,0.20289,0.10503,0.068933,0.018136,0.0065834,0.017167
0.072906,0.18161,0.29298,0.27412,0.14274,0.022033,0.0044691,0.0091317,0.2349,0.35764,0.17602,0.12881,0.058072,0.025682,0.010434,0.0084308
0.088689,0.14883,0.31476,0.25238,0.15511,0.019123,0.0040346,0.017078,0.22479,0.32213,0.25668,0.12035,0.046311,0.026166,0.00051178,0.0030586
0.073264,0.14785,0.34952,0.26908,0.085513,0.034175,0.00080977,0.039787,0.28971,0.29837,0.23051,0.098976,0.041988,0.027732,0.010262,0.0024512
0.076994,0.18069,0.28416,0.25481,0.12853,0.043765,0.00026217,0.030776,0.2525,0.25288,0.25083,0.1368,0.073616,0.02899,0.0014291,0.0029616
0.037726,0.19858,0.29477,0.27602,0.12737,0.046047,0.0020847,0.017398,0.27773,0.24883,0.19874,0.12862,0.092944,0.043059,0.0051009,0.0049671
0.064087,0.19146,0.24605,0.32036,0.11156,0.044359,0.00014606,0.021979,0.3201,0.22704,0.18926,0.12337,0.074567,0.049925,0.0023847,0.013358
0.085858,0.16051,0.24619,0.30169,0.11792,0.058972,0.0017022,0.02716,0.26449,0.2886,0.23062,0.12024,0.04495,0.043861,0.002957,0.0042767
0.075932,0.15849,0.28301,0.29999,0.12432,0.038717,0.0019518,0.017588,0.27487,0.26919,0.26816,0.094409,0.064952,0.020579,0.0057359,0.0020996
0.088515,0.1474,0.2547,0.31351,0.11594,0.053795,3.3491e-005,0.026108,0.28227,0.24923,0.22021,0.10619,0.099046,0.024794,0.00025545,0.018007
0.05758,0.17252,0.30211,0.28472,0.11004,0.058911,0.00084363,0.013266,0.21041,0.28758,0.25808,0.10564,0.091319,0.028434,4.8741e-005,0.018495
0.061742,0.17596,0.2951,0.26708,0.13242,0.05865,0.0011504,0.0079005,0.22099,0.25869,0.2469,0.13871,0.087272,0.039909,0.00089748,0.0066233
0.063843,0.14823,0.31739,0.27621,0.12685,0.046156,0.006203,0.015113,0.21739,0.32398,0.21832,0.083512,0.11958,0.033496,0.002267,0.0014647
0.11127,0.15454,0.30029,0.25501,0.10608,0.055211,0.0019888,0.015617,0.17898,0.33707,0.24827,0.10797,0.077188,0.035213,0.0032326,0.012074
0.081582,0.16084,0.26624,0.28143,0.12869,0.057869,0.0082981,0.015049,0.20107,0.29836,0.24228,0.15313,0.088197,0.0080884,0.00015462,0.0087295
0.06812,0.16336,0.21974,0.31152,0.14447,0.066135,0.0071236,0.019536,0.25493,0.2941,0.19582,0.13058,0.097837,0.010271,0.0057325,0.010724
0.085437,0.14329,0.29382,0.26989,0.12892,0.052306,0.0060176,0.020318,0.18945,0.27672,0.27231,0.11564,0.092554,0.025963,0.014752,0.012613
0.1032,0.19624,0.24514,0.25607,0.10682,0.052718,0.00065,0.039157,0.17269,0.31325,0.25183,0.12597,0.11094,0.017439,0.0013451,0.0065224
0.12245,0.17996,0.27565,0.24338,0.1187,0.035999,0.0046153,0.019248,0.18133,0.30012,0.28189,0.12217,0.073577,0.019945,0.0025384,0.018438
0.1033,0.14843,0.3356,0.2316,0.11042,0.054114,0.0053158,0.011217,0.20555,0.25229,0.28321,0.14468,0.076902,0.026927,0.0018692,0.0085675
0.07423,0.12501,0.37462,0.24096,0.097716,0.054428,0.0032547,0.029783,0.24363,0.28823,0.20731,0.14227,0.079189,0.020518,0.0031672,0.015691
0.075878,0.16917,0.33452,0.23665,0.093602,0.054286,0.0041934,0.031704,0.20046,0.32313,0.23976,0.13475,0.068811,0.028152,0.0011055,0.0038449
0.066873,0.1696,0.32279,0.27417,0.11097,0.039383,0.0012467,0.014965,0.22094,0.29801,0.23841,0.12424,0.078507,0.03182,0.00036788,0.0077118
0.075442,0.17187,0.29613,0.26838,0.091616,0.072642,0.0060354,0.017885,0.21452,0.35092,0.18419,0.11771,0.066817,0.052996,0.0022283,0.010625
0.064856,0.17905,0.30803,0.25304,0.097101,0.08036,0.0027751,0.01478,0.22984,0.32722,0.18105,0.13825,0.095983,0.024993,0.0006174,0.0020511
0.074277,0.12178,0.33481,0.2786,0.10806,0.068578,0.0014949,0.012409,0.21918,0.2748,0.18329,0.19866,0.077669,0.013505,0.0040726,0.028822
0.09735,0.13487,0.29808,0.27546,0.12102,0.061658,0.0032699,0.0082891,0.28195,0.26194,0.18563,0.12542,0.073255,0.024244,0.012036,0.035526
0.091765,0.15284,0.25886,0.31516,0.10233,0.062134,0.004904,0.012,0.24601,0.2571,0.23343,0.13669,0.078799,0.030536,0.0077732,0.0096621
0.071688,0.14983,0.26841,0.31823,0.11699,0.061624,3.1566e-005,0.013201,0.24773,0.28168,0.18649,0.12798,0.11399,0.030429,0.0028298,0.0088768
0.056952,0.17819,0.27854,0.26364,0.12046,0.081673,0.00167,0.018874,0.21195,0.29618,0.23136,0.13993,0.098397,0.012964,0.0032719,0.0059383
0.11133,0.14894,0.29109,0.29757,0.081793,0.055332,0.00032606,0.013615,0.22684,0.2702,0.24073,0.16638,0.059378,0.03544,0.00019393,0.00083866
0.11087,0.13207,0.27579,0.30565,0.11117,0.04949,0.00068382,0.014278,0.24214,0.26602,0.22656,0.13258,0.098972,0.023273,0.00029579,0.010167
0.1031,0.14231,0.28133,0.2701,0.13333,0.059054,7.5424e-005,0.010703,0.23527,0.32678,0.20292,0.13652,0.084524,0.0059383,0.0032713,0.0047779
0.079381,0.16668,0.2874,0.24513,0.14081,0.071438,8.5234e-005,0.0090763,0.20605,0.32802,0.19715,0.14929,0.095132,0.01928,0.0037648,0.0013152
0.10102,0.1722,0.29936,0.18446,0.14865,0.070112,0.00083989,0.023347,0.28579,0.29615,0.21072,0.11227,0.061266,0.020512,1.7937e-005,0.013276
0.079238,0.1259,0.34036,0.25975,0.097817,0.073476,0.00013121,0.023331,0.23637,0.33773,0.20597,0.14023,0.047451,0.028679,5.6969e-005,0.0035128
0.052326,0.15611,0.31915,0.25662,0.11997,0.072354,1.2529e-005,0.023452,0.23768,0.27818,0.26952,0.11499,0.060484,0.029882,0.0015354,0.0077361
0.063539,0.17156,0.31184,0.26652,0.10866,0.068098,0.00046969,0.009306,0.27151,0.28751,0.25688,0.11162,0.050164,0.0099504,0.0044482,0.0079164
0.081831,0.15473,0.32753,0.25971,0.088523,0.073687,0.0030745,0.010915,0.2491,0.33009,0.24841,0.092328,0.043531,0.019983,0.0010736,0.015485
0.069051,0.19115,0.29601,0.26812,0.1121,0.046275,0.0025773,0.014703,0.23452,0.3176,0.25686,0.11898,0.048067,0.0074277,0.00011024,0.016444
0.062253,0.17108,0.33016,0.24609,0.1109,0.055679,0.0026426,0.021189,0.26201,0.30166,0.28437,0.10413,0.031938,0.01219,0.001426,0.0022738
0.10258,0.15264,0.28817,0.25087,0.12074,0.060391,0.0017763,0.022832,0.18661,0.30381,0.30567,0.093586,0.072796,0.032438,2.0219e-006,0.0050957
0.079779,0.15949,0.29913,0.27136,0.12558,0.052586,0.00041426,0.011659,0.21775,0.3004,0.28593,0.095684,0.073491,0.020207,1.104e-005,0.006522
0.083482,0.13833,0.29101,0.31815,0.10006,0.053006,0.0032638,0.012706,0.25697,0.26729,0.24565,0.10002,0.085158,0.023264,0.0029109,0.018739
0.079458,0.1601,0.27853,0.29544,0.089671,0.068412,0.00015664,0.028227,0.24701,0.35352,0.21589,0.08937,0.070096,0.01718,0.0013567,0.0055741
0.070767,0.19227,0.33579,0.25791,0.065133,0.06064,0.00011866,0.017378,0.22923,0.35821,0.20023,0.088764,0.091021,0.030073,0.0015417,0.00092482
0.094559,0.13845,0.32603,0.29114,0.080789,0.044946,0.00015086,0.02394,0.22862,0.3407,0.24823,0.075093,0.079493,0.023163,0.00070053,0.0039986
0.076231,0.14389,0.3221,0.25339,0.12836,0.047861,0.0036493,0.024515,0.26625,0.26316,0.23424,0.10584,0.10285,0.01523,0.0079735,0.0044517
0.079586,0.17949,0.27575,0.24655,0.13359,0.063428,0.0012378,0.02038,0.25145,0.32172,0.22427,0.089177,0.072709,0.024171,0.0090321,0.0074628
0.070546,0.16524,0.31673,0.26863,0.1267,0.042547,0.00012128,0.0094868,0.25262,0.33025,0.2065,0.10811,0.06056,0.028588,0.0037472,0.0096132
0.071932,0.18647,0.31026,0.27419,0.078296,0.064454,0.0023276,0.012073,0.20922,0.30876,0.25434,0.094253,0.078339,0.043841,0.0029497,0.0082985
0.057236,0.16458,0.28426,0.29799,0.11021,0.070543,0.0012361,0.013945,0.23683,0.27072,0.24698,0.11323,0.083506,0.033893,0.0069074,0.0079362
0.075505,0.16295,0.2966,0.2467,0.11415,0.086105,0.0035229,0.014465,0.25237,0.27294,0.27924,0.073064,0.063755,0.035923,0.0025987,0.020105
0.084664,0.17259,0.29434,0.2626,0.08929,0.074555,0.0041686,0.017786,0.25489,0.29489,0.2669,0.10338,0.064409,0.010706,0.0019763,0.0028459
0.079311,0.17251,0.30099,0.25808,0.11284,0.045255,0.0063043,0.024714,0.2522,0.31372,0.2572,0.10077,0.05737,0.012655,0.00016365,0.005923
0.1075,0.1981,0.25594,0.2601,0.11277,0.047468,0.0023914,0.015721,0.21798,0.30997,0.21599,0.12023,0.11261,0.018165,0.00016223,0.0049042
0.080558,0.15887,0.28623,0.27191,0.12332,0.052712,0.0033798,0.02302,0.17762,0.31196,0.24656,0.12361,0.10102,0.03464,2.6188e-005,0.0045672
0.094064,0.13214,0.25059,0.30913,0.12773,0.067734,0.0043414,0.014274,0.20857,0.26867,0.23337,0.15041,0.10666,0.024078,0.00041675,0.007833
0.10182,0.15358,0.25183,0.32189,0.087482,0.064224,0.0030679,0.016115,0.2476,0.24221,0.21515,0.15828,0.08,0.050046,0.0012381,0.0054768
0.090629,0.1455,0.27263,0.29563,0.096754,0.073155,0.0042344,0.021468,0.23737,0.23737,0.25033,0.14523,0.078501,0.047132,5.9429e-005,0.0040108
0.07131,0.12255,0.29897,0.31849,0.092241,0.077509,0.0047577,0.014161,0.20413,0.32094,0.23482,0.13968,0.060888,0.02601,0.0018546,0.011675
0.063777,0.17996,0.24445,0.29204,0.13206,0.05933,0.0035034,0.024883,0.23848,0.33482,0.21663,0.11651,0.045723,0.037184,0.0039964,0.0066578
0.052258,0.16677,0.26295,0.27853,0.10697,0.092879,0.0091125,0.030533,0.22807,0.36403,0.20318,0.098984,0.060107,0.037212,0.0016564,0.006764
0.083254,0.14439,0.31449,0.28484,0.072467,0.074701,0.005272,0.020588,0.22747,0.28721,0.23164,0.11601,0.096131,0.034848,0.00068852,0.006016
0.082548,0.17489,0.28874,0.22315,0.10945,0.076474,0.017388,0.027355,0.24575,0.31543,0.17681,0.13548,0.096204,0.024773,0.00024106,0.0053093
0.077642,0.16517,0.26084,0.29648,0.11277,0.062831,0.0096734,0.01459,0.2176,0.28804,0.27541,0.10979,0.067587,0.023059,4.7439e-005,0.018465
0.14272,0.14189,0.28021,0.27284,0.094324,0.037506,0.015571,0.014939,0.28698,0.27256,0.21363,0.11458,0.088213,0.018166,0.00023721,0.0056421
0.10866,0.15237,0.31382,0.27271,0.085994,0.04165,0.0047568,0.020035,0.26902,0.28622,0.25768,0.11871,0.047174,0.01327,1.6322e-005,0.0079096
0.11659,0.18091,0.33628,0.21162,0.092089,0.042293,0.0029618,0.017257,0.18908,0.2853,0.30272,0.15124,0.055963,0.010625,5.8251e-007,0.0050808
0.091298,0.16166,0.35719,0.21472,0.096001,0.056799,0.0013961,0.020938,0.21334,0.28578,0.25402,0.1395,0.05665,0.033643,0.00028868,0.016778
0.072607,0.15634,0.31893,0.27949,0.1054,0.035932,0.0056195,0.02568,0.25078,0.25217,0.27459,0.14235,0.043035,0.023933,0.00086219,0.012289
0.061243,0.19697,0.32052,0.25426,0.10481,0.035192,0.0085949,0.018415,0.21733,0.31904,0.25973,0.12161,0.055064,0.011966,7.28e-006,0.015252
0.07108,0.18547,0.32668,0.26825,0.079129,0.040197,0.016012,0.013178,0.22098,0.21433,0.28796,0.1515,0.095373,0.022181,0.0016531,0.0060273
0.083505,0.18716,0.28205,0.26156,0.1248,0.047894,0.0009104,0.012116,0.22398,0.20712,0.29977,0.14097,0.087558,0.03634,0.00033157,0.0039261
0.064142,0.16015,0.34356,0.23472,0.11701,0.053455,0.00099636,0.025968,0.24852,0.25018,0.22951,0.13903,0.078977,0.048677,0.0010481,0.0040577
0.066135,0.14096,0.32551,0.29714,0.098109,0.043059,0.0011174,0.027973,0.23517,0.29755,0.21306,0.13469,0.084447,0.02396,0.0021391,0.0089829
0.058363,0.14611,0.31187,0.31271,0.089867,0.057331,0.0020966,0.021652,0.21986,0.28365,0.2222,0.13999,0.073714,0.036558,0.0056433,0.018375
0.043315,0.14793,0.33498,0.24595,0.12357,0.08535,0.00048026,0.018432,0.20747,0.30963,0.22103,0.14912,0.069862,0.022394,0.01603,0.0044639
0.088663,0.11975,0.28238,0.30836,0.11622,0.06382,0.0011195,0.019704,0.21779,0.29381,0.21308,0.14742,0.082708,0.010053,0.020045,0.015099
0.069909,0.12634,0.28931,0.32234,0.093594,0.0696,0.0034292,0.025473,0.20251,0.27646,0.23746,0.1556,0.063421,0.028799,0.0077431,0.028018
0.074968,0.1548,0.30013,0.29225,0.096176,0.058961,0.018695,0.0040197,0.17762,0.26341,0.28055,0.1848,0.064774,0.018936,4.9749e-005,0.0098559
0.076862,0.14138,0.33202,0.31568,0.073053,0.04619,0.0034977,0.011318,0.17975,0.27472,0.34176,0.13855,0.053427,0.0068445,0.0018851,0.0030655
0.085003,0.11109,0.35831,0.27579,0.08778,0.062526,0.0004994,0.019003,0.1725,0.26656,0.29436,0.13504,0.08693,0.030512,0.0011344,0.012961
0.070465,0.17322,0.32506,0.27136,0.091766,0.050063,0.00053086,0.017535,0.20808,0.27213,0.30216,0.13812,0.046421,0.028416,8.4281e-005,0.0045816
0.055801,0.16112,0.34091,0.26006,0.11459,0.051623,0.0015119,0.01439,0.2564,0.25837,0.26321,0.1436,0.057759,0.016842,0.0025853,0.0012261
0.070308,0.14873,0.2939,0.30596,0.13399,0.032967,0.0060363,0.008113,0.24582,0.24338,0.25823,0.13066,0.064783,0.052092,0.00038043,0.0046622
0.084146,0.16239,0.28989,0.28341,0.1042,0.06404,0.00052957,0.011402,0.20752,0.28913,0.27385,0.098203,0.097993,0.026587,0.00054688,0.0061745
0.064275,0.16913,0.30105,0.25099,0.11933,0.08084,0.00017086,0.014215,0.24073,0.24865,0.30606,0.096911,0.074615,0.027349,0.0013702,0.0043012
0.047703,0.15836,0.29981,0.26011,0.14553,0.064184,0.00013718,0.024172,0.24736,0.29003,0.31068,0.069111,0.045996,0.015488,0.00032084,0.021016
0.084789,0.16153,0.26349,0.25382,0.12968,0.073582,0.0044927,0.028621,0.23569,0.19707,0.373,0.070839,0.096848,0.0061872,0.0017433,0.018631
0.059016,0.14531,0.29294,0.27672,0.11281,0.078809,0.0047103,0.029677,0.20199,0.24438,0.27946,0.15259,0.097343,0.017522,0.0028651,0.0038463
0.067876,0.15678,0.29978,0.24991,0.1196,0.080817,0.0020866,0.023146,0.21538,0.28321,0.26855,0.1246,0.056147,0.04443,0.0045061,0.0031793
0.042439,0.1555,0.33568,0.26302,0.10147,0.078802,0.00042501,0.022664,0.21036,0.2866,0.26911,0.11455,0.074151,0.03808,3.1047e-005,0.0071313
0.05761,0.16435,0.33334,0.25177,0.11308,0.062831,0.00029571,0.016711,0.2751,0.28135,0.24468,0.10878,0.057689,0.021848,0.0048471,0.0057137
0.087737,0.14457,0.39184,0.22491,0.084424,0.048799,0.001404,0.016316,0.22658,0.31332,0.2413,0.13959,0.051208,0.023262,0.00029002,0.0044496
0.074943,0.13583,0.29826,0.26255,0.134,0.079197,0.00034076,0.014877,0.17603,0.30251,0.29691,0.11189,0.074029,0.025649,0.00057924,0.012396
0.070225,0.13899,0.37251,0.2284,0.10783,0.059266,0.0005323,0.022244,0.17189,0.2877,0.28468,0.14145,0.072586,0.026798,0.00055337,0.014343
0.091152,0.15147,0.2672,0.25885,0.15185,0.068593,0.0005575,0.010331,0.27728,0.222,0.24549,0.12448,0.070106,0.052758,0.0001385,0.0077457
0.11213,0.15601,0.29268,0.25491,0.11258,0.056762,3.0625e-009,0.014924,0.24104,0.18269,0.25668,0.18715,0.061039,0.056428,0.00069271,0.014278
0.091712,0.15201,0.27599,0.30771,0.09958,0.05062,0.001439,0.020936,0.27225,0.20392,0.24739,0.14652,0.068728,0.053926,0.0022224,0.005038
0.12712,0.12045,0.29411,0.27278,0.10164,0.066901,3.1161e-006,0.016993,0.23262,0.259,0.29105,0.11385,0.072372,0.026567,0.00019845,0.0043462
0.08136,0.18995,0.23408,0.30935,0.1227,0.040476,0.0034856,0.018597,0.22906,0.26446,0.2524,0.15249,0.078989,0.013657,0.0041705,0.0047705
0.10081,0.14857,0.29435,0.2901,0.10717,0.043687,0.00056466,0.014746,0.23166,0.31419,0.19894,0.088105,0.09182,0.05301,0.0014479,0.020832
0.088733,0.16244,0.3431,0.25491,0.08093,0.05138,0.00040453,0.018101,0.17151,0.29788,0.26813,0.14638,0.078902,0.026722,0.0049159,0.0055467
0.10058,0.11927,0.30817,0.27064,0.080236,0.076542,0.0079247,0.036638,0.15739,0.23568,0.26107,0.22556,0.079073,0.022016,0.0073303,0.011877
0.1147,0.11114,0.29036,0.30423,0.09537,0.057082,0.0032528,0.023869,0.14996,0.19944,0.30701,0.22626,0.065988,0.019293,0.01186,0.020189
0.064045,0.1074,0.33145,0.27504,0.12509,0.071331,0.00042087,0.025234,0.14454,0.28392,0.26038,0.19488,0.086094,0.011136,0.00073,0.018312
0.11173,0.11442,0.2923,0.27263,0.12159,0.052092,0.00035964,0.034882,0.18006,0.27906,0.27678,0.15076,0.084102,0.023329,0.003129,0.00278
0.094921,0.11799,0.29834,0.28986,0.10765,0.062091,0.0033981,0.025744,0.16851,0.26075,0.33478,0.14261,0.05384,0.028581,0.0012245,0.0097187
0.06084,0.15502,0.35262,0.29718,0.067264,0.059459,0.00093457,0.0066737,0.20056,0.28693,0.24512,0.12751,0.087049,0.028916,0.0016066,0.022311
0.040909,0.19757,0.3789,0.24168,0.091907,0.03575,0.0035316,0.0097588,0.18716,0.26527,0.24478,0.16522,0.078517,0.039791,0.00031661,0.018943
0.040416,0.16068,0.32658,0.28773,0.13479,0.038015,0.0030716,0.0087204,0.23965,0.33676,0.24453,0.11472,0.051446,0.011743,0.00020475,0.00094424
0.067694,0.18104,0.31934,0.29674,0.077482,0.039563,0.0057087,0.012431,0.22271,0.34549,0.24375,0.10122,0.073112,0.010591,0.0011131,0.002007
0.076831,0.17101,0.30994,0.29891,0.092391,0.031738,0.004275,0.014901,0.19854,0.31721,0.262,0.12048,0.082235,0.017709,6.7009e-005,0.0017677
0.076953,0.15413,0.29655,0.29923,0.10572,0.044814,0.0035671,0.019043,0.21949,0.28186,0.25548,0.12278,0.087994,0.027486,0.0029035,0.0020035
0.099119,0.17935,0.2659,0.30421,0.084843,0.05616,0.0035748,0.0068367,0.24294,0.25743,0.23602,0.14244,0.082347,0.035886,0.00014538,0.0027893
0.076063,0.18931,0.25288,0.28433,0.12171,0.059297,0.0024395,0.013969,0.26457,0.29568,0.19455,0.17747,0.038232,0.026714,0.00044284,0.0023465
0.066601,0.19164,0.2874,0.27806,0.10732,0.055223,0.0080885,0.0056732,0.28866,0.27801,0.18215,0.15467,0.071,0.021941,9.2982e-006,0.0035648
0.057164,0.15907,0.24504,0.30635,0.15773,0.050707,0.010661,0.013275,0.22798,0.30391,0.21365,0.13515,0.069833,0.045529,0.0025816,0.0013577
0.048247,0.1632,0.30228,0.30106,0.11839,0.047907,0.0066018,0.012324,0.26793,0.32119,0.18278,0.10672,0.070129,0.031616,0.0072198,0.012405
0.11575,0.15315,0.26555,0.30474,0.081963,0.07182,0.00034838,0.0066808,0.25023,0.29559,0.23511,0.10817,0.079407,0.024799,0.00036161,0.0063358
0.080187,0.19565,0.23002,0.30541,0.087336,0.076606,0.0081732,0.016615,0.23589,0.30077,0.25204,0.097066,0.056385,0.038043,0.0013598,0.018439
0.090366,0.18587,0.22176,0.31377,0.069807,0.084178,0.0030378,0.03121,0.15272,0.27912,0.26704,0.19191,0.057388,0.044347,0.001375,0.0061024
0.079545,0.17664,0.30011,0.30262,0.062188,0.059009,0.0062959,0.013594,0.22281,0.27706,0.26309,0.13376,0.075545,0.025715,0.001028,0.00097532
0.078115,0.14994,0.28132,0.29117,0.075118,0.096937,0.0074539,0.019945,0.27105,0.23181,0.24167,0.14,0.096621,0.01709,5.1663e-005,0.0017167
0.0888,0.12314,0.29395,0.30548,0.11127,0.060794,0.0031892,0.013376,0.27221,0.21398,0.26362,0.17333,0.052979,0.01999,0.00062658,0.0032692
0.072282,0.14262,0.30071,0.27598,0.1022,0.083025,0.0042193,0.018972,0.1899,0.25955,0.28584,0.17171,0.070455,0.013323,0.0058307,0.0033859
0.081977,0.15082,0.30565,0.27476,0.091105,0.068919,0.01184,0.014922,0.18026,0.31356,0.25314,0.17618,0.070659,0.0036681,0.00010465,0.0024249
0.070235,0.14167,0.31864,0.28393,0.090826,0.072942,0.0032894,0.018472,0.18327,0.3014,0.20432,0.17959,0.10435,0.014571,0.0020907,0.010417
0.071879,0.15065,0.33104,0.24941,0.10198,0.054799,0.0017682,0.038486,0.21436,0.3104,0.19897,0.15382,0.081707,0.015575,0.0058975,0.019269
0.052812,0.16717,0.30494,0.28264,0.10543,0.050429,0.00041663,0.036166,0.25028,0.23459,0.25619,0.12226,0.07865,0.026258,0.01076,0.021002
0.086298,0.17138,0.31987,0.27983,0.078961,0.03733,0.00098896,0.025343,0.2636,0.28081,0.24946,0.10596,0.069227,0.023588,0.0017989,0.005567
0.068334,0.14002,0.30891,0.25535,0.15343,0.042359,0.0049948,0.026603,0.21678,0.30917,0.2702,0.090638,0.08143,0.019332,0.0013402,0.011108
0.067842,0.14449,0.32122,0.28326,0.11322,0.047824,0.0046579,0.017489,0.29334,0.31944,0.2209,0.087443,0.042364,0.017655,0.010941,0.0079212
0.065992,0.13008,0.34303,0.27995,0.13032,0.032473,0.00085948,0.017286,0.32939,0.24677,0.1753,0.13224,0.060455,0.030713,0.01495,0.01018
0.067264,0.16269,0.31739,0.28154,0.094655,0.061171,0.00039694,0.014893,0.1812,0.29499,0.22214,0.1554,0.096904,0.037127,0.0080891,0.0041392
0.076315,0.14079,0.32102,0.32355,0.079343,0.034097,0.00020349,0.024683,0.1741,0.3287,0.2516,0.14134,0.079691,0.018898,0.00080764,0.0048736
0.072509,0.13899,0.32123,0.31253,0.095402,0.041099,0.0050584,0.013171,0.221,0.27022,0.29586,0.098817,0.071855,0.036274,0.0028877,0.0030937
0.069731,0.16927,0.34623,0.26349,0.093739,0.042068,0.0030644,0.012404,0.2209,0.27771,0.26674,0.10472,0.060074,0.059712,0.0030949,0.0070359
0.086241,0.1176,0.33968,0.2966,0.093468,0.047311,0.00020448,0.018899,0.2111,0.29654,0.26404,0.10384,0.063501,0.050848,4.9106e-005,0.010075
0.079064,0.11648,0.33735,0.32162,0.078321,0.046628,0.0016319,0.018904,0.25107,0.26109,0.28051,0.070714,0.095691,0.026751,0.00010357,0.014073
0.11106,0.084609,0.36113,0.28977,0.081048,0.038155,5.8539e-005,0.03418,0.25569,0.29096,0.27175,0.092768,0.054867,0.023039,0.00079248,0.010137
0.1112,0.10817,0.31378,0.29274,0.10392,0.055664,0.00077027,0.013747,0.24367,0.24472,0.28448,0.14342,0.04427,0.023983,0.0095483,0.0059056
0.13511,0.099268,0.29216,0.31519,0.11284,0.029355,0.00088768,0.01519,0.21855,0.31987,0.25675,0.11834,0.062786,0.018768,4.0624e-005,0.0049022
0.10322,0.090138,0.3183,0.33144,0.10586,0.030918,0.00015488,0.019977,0.2336,0.30012,0.23414,0.12989,0.057194,0.037984,1.1968e-006,0.0070721
0.11311,0.14,0.33607,0.25072,0.10399,0.018013,0.0041996,0.033894,0.19825,0.24372,0.27629,0.12012,0.11965,0.038282,0.00141,0.0022821
0.053485,0.11326,0.36251,0.2841,0.1119,0.049635,0.00044705,0.024666,0.16499,0.32509,0.28283,0.10232,0.062066,0.050225,0.0020351,0.010448
0.07129,0.12945,0.38854,0.26613,0.089434,0.03418,0.0035344,0.017435,0.14334,0.3806,0.25108,0.12006,0.065768,0.028673,3.999e-005,0.010435
0.056198,0.16228,0.30851,0.2926,0.09896,0.049847,0.0039623,0.027647,0.23811,0.32167,0.27592,0.093066,0.053735,0.0075577,0.0059338,0.0040077
0.051991,0.14222,0.30918,0.3271,0.09801,0.053273,6.5801e-005,0.01816,0.23517,0.25908,0.28422,0.11826,0.077309,0.020659,0.0037473,0.0015607
0.10025,0.11319,0.27576,0.35819,0.095636,0.041051,0.0010595,0.014867,0.23968,0.26956,0.29001,0.12025,0.045341,0.026429,0.0021938,0.0065393
0.10752,0.11709,0.25957,0.33812,0.095393,0.059739,0.00034872,0.022216,0.22616,0.2813,0.24126,0.18086,0.053044,0.015353,0.00048999,0.0015307
0.10613,0.1117,0.28091,0.3017,0.11755,0.058881,0.0026104,0.020504,0.22746,0.31213,0.20748,0.13979,0.069138,0.03193,7.9586e-007,0.012059
0.0658,0.17253,0.28143,0.28729,0.12866,0.036349,0.0034253,0.02451,0.21118,0.33816,0.18592,0.17639,0.0606,0.02473,5.6043e-007,0.0030226
0.075028,0.15954,0.34804,0.30128,0.060643,0.035803,0.0015929,0.018071,0.22703,0.33143,0.20524,0.15326,0.062626,0.016026,7.223e-005,0.0043321
0.071002,0.10209,0.36471,0.32895,0.088832,0.022646,0.0027012,0.019067,0.25365,0.2792,0.23067,0.16753,0.063204,0.0042376,7.3543e-005,0.0014316
0.078009,0.13437,0.3447,0.30411,0.072282,0.029824,0.0059849,0.030727,0.22705,0.30584,0.29214,0.094153,0.070191,0.0050502,9.4752e-007,0.005584
0.079364,0.11845,0.32741,0.29715,0.10788,0.047805,0.0014251,0.020517,0.22453,0.30517,0.2617,0.13348,0.054332,0.0089895,5.4858e-009,0.011786
0.092615,0.14723,0.3402,0.26865,0.089891,0.049166,0.0010855,0.011161,0.24739,0.30172,0.21175,0.16054,0.073525,0.0025601,9.0239e-008,0.0025107
0.091833,0.10436,0.35921,0.28279,0.11575,0.029176,2.1195e-007,0.016875,0.23729,0.29393,0.26069,0.10962,0.075339,0.016036,0.0041131,0.0029804
0.067455,0.12754,0.32293,0.30373,0.10669,0.038346,0.00041445,0.0329,0.21575,0.34291,0.22995,0.12951,0.054645,0.016664,0.0040743,0.0065009
0.10303,0.15365,0.29812,0.27698,0.081902,0.055363,0.0015082,0.029449,0.23613,0.29078,0.24731,0.12716,0.072043,0.011266,0.0073945,0.0079055
0.10719,0.1426,0.25478,0.27337,0.13353,0.068778,0.00019447,0.019564,0.28049,0.25665,0.22308,0.092093,0.078759,0.053865,0.0059434,0.0091116
0.076094,0.14139,0.30046,0.28236,0.13752,0.04848,0.0011153,0.012584,0.20934,0.31673,0.22558,0.1106,0.094776,0.015125,0.014835,0.01302
0.093694,0.13052,0.32314,0.26733,0.097444,0.048887,0.0041343,0.034863,0.26626,0.2293,0.23876,0.13425,0.094299,0.028345,0.00040924,0.0083744
0.081989,0.1364,0.39614,0.21109,0.10357,0.057615,0.0011726,0.012019,0.22484,0.26795,0.30693,0.099509,0.074177,0.015065,0.0070154,0.004517
0.083222,0.14405,0.3248,0.24334,0.12438,0.07015,0.00094896,0.0091061,0.22658,0.32589,0.23511,0.078351,0.075588,0.045349,0.0068819,0.0062539
0.084595,0.14136,0.34432,0.19478,0.15806,0.065286,0.00062459,0.010962,0.24933,0.28632,0.25841,0.087211,0.072776,0.018573,0.0014485,0.025933
0.07042,0.14459,0.28671,0.33035,0.09803,0.05668,0.0010722,0.012155,0.24489,0.28408,0.23194,0.11633,0.094261,0.026616,0.00017591,0.0017131
0.070094,0.1776,0.31956,0.24571,0.11155,0.054839,0.0026417,0.01801,0.2917,0.27029,0.18954,0.12825,0.080597,0.019706,0.0086537,0.011262
0.088245,0.13559,0.31939,0.23834,0.15488,0.032954,0.0039926,0.026605,0.23748,0.29798,0.23402,0.12992,0.066024,0.019455,0.0017801,0.013348
0.068569,0.15153,0.35044,0.21985,0.14607,0.055733,0.00024257,0.0075644,0.25113,0.24283,0.24777,0.12171,0.083393,0.041124,0.002917,0.0091324
0.072077,0.18682,0.33681,0.2272,0.10022,0.060522,0.0018191,0.01453,0.28324,0.25424,0.24674,0.13149,0.06124,0.014649,0.0006601,0.0077345
0.065622,0.1307,0.29582,0.30279,0.10349,0.085766,0.0039729,0.011844,0.2586,0.27142,0.2307,0.12911,0.069642,0.029956,0.005406,0.0051708
0.071836,0.16254,0.35378,0.21757,0.072968,0.09503,0.0016996,0.024573,0.29377,0.22828,0.22691,0.14639,0.085589,0.0078718,0.0028987,0.0082973
0.087196,0.16478,0.28615,0.27161,0.082495,0.093228,0.0018688,0.01268,0.30101,0.22501,0.22919,0.12052,0.1005,0.012502,0.0016212,0.0096567
0.066051,0.16382,0.29179,0.28914,0.091826,0.083302,0.00038973,0.013681,0.24689,0.27507,0.23825,0.14253,0.082009,0.012787,1.1778e-005,0.0024479
0.070481,0.18036,0.30763,0.27132,0.088471,0.072079,0.0015937,0.008067,0.19031,0.34766,0.25057,0.15179,0.047916,0.0033703,1.3565e-005,0.0083725
0.074077,0.17385,0.29727,0.26482,0.13224,0.043179,0.00026255,0.014299,0.24363,0.33523,0.20801,0.121,0.069079,0.019403,0.00027409,0.003371
0.050376,0.17302,0.32933,0.25923,0.096921,0.07012,0.002317,0.018688,0.19003,0.33965,0.26043,0.11755,0.070655,0.017972,0.00016132,0.0035492
0.054639,0.20052,0.3361,0.26573,0.074944,0.044844,0.00022306,0.023,0.22134,0.31531,0.23841,0.10919,0.086243,0.027731,0.00095362,0.00082922
0.056691,0.17557,0.31993,0.2928,0.077957,0.05269,0.0038532,0.020519,0.19222,0.30121,0.22735,0.14213,0.1055,0.016726,0.0036889,0.011167
0.063065,0.14556,0.32861,0.28504,0.081038,0.053649,0.0047415,0.0383,0.23404,0.30105,0.20738,0.15513,0.070046,0.022097,0.00023725,0.010017
0.057394,0.10596,0.37824,0.30839,0.075842,0.05758,0.0032184,0.013376,0.22568,0.34349,0.19369,0.15623,0.048468,0.026008,0.0019635,0.0044719
0.064698,0.15523,0.36669,0.28135,0.064558,0.049835,0.0031253,0.014517,0.22399,0.35508,0.23854,0.10681,0.04304,0.019309,0.0039662,0.0092526
0.073682,0.16469,0.3499,0.26114,0.069952,0.064125,0.0029344,0.013577,0.22088,0.34955,0.1948,0.13528,0.048488,0.040882,0.0020165,0.0080977
0.093934,0.1571,0.31211,0.24672,0.12943,0.033922,0.0022885,0.02448,0.25237,0.3033,0.23782,0.088829,0.0663,0.040662,0.0031493,0.0075743
0.08736,0.14478,0.28613,0.29988,0.10585,0.048654,0.0033672,0.023977,0.22707,0.31663,0.20727,0.11053,0.083045,0.033987,0.007819,0.013647
0.10459,0.15115,0.29491,0.32865,0.075279,0.034089,0.00064996,0.010686,0.21444,0.29619,0.2278,0.13261,0.085672,0.029648,0.0036954,0.0099374
0.1025,0.15493,0.29392,0.27296,0.097981,0.05938,0.0010403,0.017279,0.21584,0.32813,0.22808,0.10084,0.078662,0.040566,0.0016329,0.0062529
0.11382,0.17796,0.32994,0.19126,0.12407,0.048881,0.0012548,0.012818,0.2068,0.27429,0.22095,0.14319,0.10782,0.043268,0.0010377,0.00264
0.087764,0.11717,0.36494,0.253,0.074446,0.068963,0.016735,0.016985,0.25131,0.23827,0.22644,0.1203,0.098451,0.051294,0.006604,0.0073213
0.11987,0.13044,0.26479,0.30718,0.10307,0.057861,1.5927e-005,0.016775,0.22557,0.25425,0.26535,0.11959,0.064632,0.055644,0.0042132,0.010744
0.13093,0.14072,0.30331,0.29441,0.089011,0.0090087,0.0044241,0.028199,0.19694,0.29423,0.27896,0.10206,0.084779,0.028315,0.0031856,0.011538
0.082995,0.15556,0.32491,0.28784,0.094401,0.023642,0.00056866,0.030092,0.20642,0.31919,0.26288,0.10769,0.076241,0.026268,0.00038168,0.000932
0.10349,0.20778,0.32399,0.25668,0.070214,0.031638,0.00017021,0.006041,0.24377,0.33061,0.20068,0.15801,0.043132,0.020502,0.00079316,0.0025055
0.11057,0.15205,0.29502,0.29015,0.099344,0.034853,0.0010319,0.016987,0.28446,0.24581,0.2629,0.11214,0.070437,0.022421,8.8935e-005,0.0017431
0.10723,0.17031,0.33245,0.29064,0.052075,0.024462,0.0042778,0.018543,0.23458,0.28537,0.26457,0.09615,0.092306,0.020891,0.0001767,0.0059613
0.07766,0.15427,0.33821,0.2964,0.086375,0.027641,0.00012496,0.019319,0.26969,0.29953,0.23745,0.087278,0.074012,0.016073,0.0005968,0.015371
0.066732,0.19373,0.3199,0.26417,0.10512,0.036117,0.0022219,0.012011,0.26111,0.23805,0.18537,0.17495,0.11208,0.017019,0.0019222,0.0095076
0.082551,0.17909,0.29644,0.27779,0.087151,0.055403,0.0013262,0.020249,0.24657,0.25845,0.21454,0.15868,0.085366,0.015462,0.0012454,0.019691
0.091416,0.14037,0.31192,0.25336,0.10917,0.071011,0.010299,0.012458,0.26598,0.27863,0.17923,0.16649,0.062364,0.025835,0.0089865,0.012482
0.067404,0.15163,0.32732,0.25,0.11531,0.078642,0.002181,0.0075087,0.28097,0.28307,0.19292,0.15523,0.054747,0.026391,0.00056332,0.0061073
0.070329,0.17625,0.36305,0.19159,0.10254,0.077884,0.0048372,0.013511,0.23375,0.34646,0.21809,0.095943,0.062096,0.039091,0.0018259,0.0027399
0.049029,0.15047,0.33937,0.23754,0.12193,0.082378,0.0041408,0.015134,0.22221,0.3546,0.22605,0.09929,0.062782,0.027969,0.0012436,0.0058508
0.074137,0.13893,0.28324,0.30773,0.12532,0.058453,2.348e-005,0.012164,0.23661,0.33818,0.20106,0.12195,0.076893,0.020625,0.0016236,0.0030638
0.089597,0.16758,0.30151,0.26336,0.10579,0.055446,0.0025649,0.014151,0.26062,0.32806,0.21573,0.11189,0.060337,0.015958,0.0002147,0.0071973
0.065896,0.15087,0.28803,0.29912,0.11091,0.062497,0.0023121,0.020369,0.25943,0.27378,0.19819,0.14448,0.07002,0.032593,0.0075829,0.013919
0.085316,0.14014,0.30836,0.28249,0.10974,0.051395,0.0016244,0.020934,0.21968,0.33743,0.23626,0.10841,0.074818,0.021786,9.5444e-006,0.0016102
0.079655,0.16748,0.26011,0.29661,0.11349,0.066024,0.0015618,0.015068,0.21291,0.311,0.22268,0.13467,0.082634,0.020127,0.0061649,0.0098097
0.058238,0.15266,0.3305,0.30993,0.087927,0.049599,0.00053795,0.010617,0.21374,0.30483,0.25976,0.12987,0.062826,0.020255,0.0010664,0.0076574
0.070762,0.19119,0.29174,0.28766,0.094573,0.046284,0.0038097,0.013979,0.25848,0.26429,0.26664,0.094959,0.063602,0.042299,0.00089759,0.0088236
0.10417,0.18445,0.27406,0.30318,0.078518,0.046661,0.00028846,0.0086699,0.24164,0.27867,0.26465,0.092384,0.089152,0.027318,0.00041183,0.0057688
0.083002,0.12717,0.29893,0.28812,0.10894,0.085007,2.1945e-006,0.008827,0.23316,0.33434,0.18963,0.11236,0.063926,0.048724,0.0070537,0.010802
0.08961,0.09336,0.308,0.30775,0.11341,0.062652,0.00065628,0.024552,0.20578,0.2708,0.24723,0.11541,0.086541,0.034241,0.0018211,0.038177
0.065857,0.16074,0.30743,0.26916,0.098697,0.083533,0.0044756,0.010097,0.23385,0.30418,0.23305,0.10846,0.073731,0.023625,0.0079503,0.015152
0.055135,0.13888,0.34106,0.25686,0.12106,0.058874,0.0002279,0.027898,0.22164,0.29004,0.2317,0.10887,0.083486,0.019833,0.012407,0.032026
0.081583,0.17556,0.35192,0.23482,0.096058,0.035768,0.0010138,0.023281,0.19951,0.34359,0.18616,0.13057,0.072218,0.046378,0.0076492,0.013927
0.085922,0.17435,0.29586,0.25701,0.12753,0.048384,0.00040045,0.010542,0.22654,0.33058,0.23609,0.10889,0.062485,0.026303,0.0039703,0.0051413
0.080122,0.17888,0.33483,0.2508,0.098857,0.043586,0.00060621,0.012327,0.1796,0.35145,0.23585,0.13628,0.064477,0.02749,0.0013764,0.0034679
0.075952,0.18483,0.29483,0.27733,0.10517,0.037183,4.2669e-006,0.024696,0.15912,0.37161,0.22623,0.12594,0.070686,0.029985,0.0080156,0.0084021
0.091256,0.15736,0.28232,0.26638,0.13543,0.052739,0.0030175,0.011494,0.2034,0.32337,0.22837,0.11624,0.089431,0.027533,0.0046321,0.0070302
0.063004,0.18585,0.32128,0.25776,0.10765,0.048233,0.0024312,0.013788,0.19354,0.32866,0.21117,0.17782,0.05251,0.022276,0.0049929,0.0090235
0.079013,0.2086,0.27805,0.25226,0.10397,0.063367,0.002249,0.012488,0.21228,0.28839,0.21294,0.17661,0.0573,0.034515,0.0025597,0.015411
0.086388,0.13056,0.29668,0.31881,0.092885,0.057187,0.00040759,0.01708,0.20264,0.30357,0.2631,0.13029,0.056594,0.034586,0.0012255,0.0079935
0.08059,0.14103,0.27328,0.34587,0.083362,0.055515,0.0019307,0.018428,0.24367,0.34184,0.18791,0.13766,0.068715,0.011969,5.8112e-005,0.0081787
0.084139,0.18097,0.28969,0.28109,0.09771,0.039187,0.0023047,0.024915,0.22564,0.32237,0.22825,0.11756,0.080018,0.012114,0.0027414,0.01131
0.095674,0.13314,0.29734,0.31987,0.084242,0.047187,4.7434e-007,0.022551,0.2289,0.27816,0.28726,0.10868,0.07785,0.012976,0.00076163,0.0054065
0.061901,0.18285,0.29322,0.28452,0.10315,0.047443,0.0013158,0.025598,0.23258,0.26352,0.30238,0.09212,0.082424,0.024115,0.00020918,0.0026499
0.059569,0.16434,0.30155,0.29848,0.10834,0.038972,0.0046555,0.024092,0.23363,0.31382,0.26505,0.098024,0.055934,0.022098,0.0035083,0.0079374
0.065891,0.17814,0.25489,0.30239,0.11812,0.054743,0.00058192,0.025238,0.20173,0.30314,0.29206,0.081692,0.066307,0.034438,0.00329,0.017343
0.053712,0.19628,0.27378,0.29447,0.11191,0.054966,0.0022085,0.01267,0.22432,0.29151,0.19541,0.13872,0.099637,0.018396,0.015365,0.016644
0.066252,0.20457,0.23941,0.30862,0.091805,0.082558,0.0036313,0.0031465,0.24807,0.3212,0.21318,0.089748,0.095483,0.022562,0.00088757,0.0088715
0.068408,0.18068,0.23494,0.34571,0.086406,0.065566,0.0017782,0.016507,0.19688,0.31177,0.2282,0.09564,0.11792,0.024605,0.012204,0.012788
0.07103,0.18946,0.23832,0.32366,0.093563,0.068812,0.0041777,0.010971,0.20707,0.30422,0.21326,0.1114,0.10127,0.035556,0.018713,0.0085169
0.081205,0.16907,0.29876,0.24607,0.13316,0.05563,0.00059276,0.01552,0.22558,0.30106,0.22034,0.11307,0.086351,0.016212,0.021278,0.016101
0.075188,0.18848,0.23429,0.29476,0.13584,0.052563,0.0045926,0.014286,0.20446,0.26242,0.27359,0.12411,0.10123,0.025391,0.0012754,0.0075316
0.05578,0.15679,0.28784,0.27752,0.13655,0.060663,0.0015869,0.023274,0.30853,0.2329,0.20519,0.1085,0.076138,0.054391,0.00055233,0.01381
0.05615,0.1403,0.31338,0.28717,0.13268,0.058633,0.0016172,0.010068,0.28414,0.26697,0.18665,0.13088,0.062312,0.049739,0.0009819,0.018316
0.060764,0.17086,0.30613,0.30152,0.094426,0.055187,0.0018942,0.0092181,0.25061,0.29911,0.19679,0.16162,0.051523,0.031139,0.0023186,0.0068878
0.081211,0.13355,0.30035,0.31811,0.085177,0.06338,0.0038348,0.014386,0.25196,0.25441,0.19056,0.14509,0.089457,0.041123,0.010543,0.016855
0.077779,0.1209,0.26858,0.33133,0.092329,0.078909,0.0017738,0.028396,0.24503,0.25817,0.2159,0.14316,0.11133,0.0172,0.00034004,0.0088761
0.092848,0.2218,0.23129,0.29597,0.067925,0.055445,0.0027767,0.03195,0.23851,0.26016,0.22347,0.12834,0.11944,0.009425,0.014056,0.0066119
0.073893,0.17765,0.24195,0.32416,0.10495,0.064193,0.00023256,0.012973,0.19795,0.30219,0.24298,0.15152,0.062927,0.019363,0.00089053,0.022182
0.071326,0.14628,0.30635,0.29269,0.12064,0.034267,0.0034615,0.024989,0.2095,0.40419,0.19904,0.09179,0.055502,0.014189,0.0003092,0.025479
0.045397,0.15994,0.31789,0.29201,0.099975,0.04412,0.0089238,0.031738,0.23841,0.35301,0.19257,0.12388,0.061965,0.020264,0.00034744,0.0095602
0.060402,0.15821,0.3077,0.30383,0.10389,0.049191,0.00054658,0.016232,0.24647,0.32342,0.23831,0.10248,0.059684,0.01936,0.0025171,0.0077593
0.10791,0.15211,0.29484,0.28236,0.1158,0.034647,6.3447e-005,0.012271,0.26492,0.30328,0.24271,0.10183,0.06577,0.0077924,0.00065417,0.013049
0.033518,0.16715,0.32553,0.29819,0.11035,0.047886,0.00011245,0.017265,0.27787,0.29277,0.20149,0.1243,0.071329,0.023156,0.00059373,0.0084976
0.058224,0.15441,0.30644,0.27168,0.1374,0.04574,0.0016731,0.024417,0.24603,0.326,0.21146,0.10316,0.071081,0.034762,0.0016062,0.0059007
0.095341,0.17029,0.29011,0.2763,0.090517,0.050908,0.00044859,0.026094,0.20266,0.29944,0.26243,0.10883,0.085978,0.03125,0.0037499,0.0056615
0.078442,0.16928,0.32159,0.26324,0.086356,0.0553,1.3575e-005,0.025782,0.22619,0.32509,0.24925,0.10074,0.077487,0.018798,0.0012677,0.0011798
0.066328,0.14535,0.30115,0.3242,0.089683,0.049242,0.0015913,0.022456,0.23521,0.29688,0.25849,0.090353,0.055226,0.051609,0.00022843,0.012002
0.085105,0.18366,0.29414,0.2806,0.096892,0.051875,0.00077283,0.0069555,0.22251,0.29362,0.25261,0.098427,0.069215,0.048598,0.0040707,0.010948
0.10907,0.17387,0.25912,0.29982,0.10459,0.042058,0.0017017,0.0097816,0.25862,0.27191,0.24543,0.090721,0.099743,0.030388,0.00044536,0.0027384
0.10575,0.20077,0.2498,0.26585,0.092857,0.067522,0.001605,0.015843,0.23672,0.27677,0.24028,0.12092,0.071487,0.037208,0.011624,0.0049931
0.056589,0.15076,0.31782,0.29218,0.10843,0.064852,0.00041711,0.0089569,0.23845,0.31351,0.25092,0.11332,0.054722,0.018995,0.0058031,0.0042836
0.060707,0.154,0.33614,0.28906,0.086152,0.045407,0.0014835,0.027045,0.30128,0.30874,0.15506,0.13597,0.063281,0.028813,5.2846e-005,0.0068069
0.064428,0.16044,0.32937,0.28596,0.11137,0.029268,0.0020766,0.017085,0.2023,0.31836,0.22825,0.14635,0.06787,0.03139,0.00023597,0.0052445
0.071442,0.17374,0.29407,0.26097,0.14848,0.034644,0.0031424,0.01351,0.21664,0.26755,0.2197,0.13484,0.090776,0.040977,0.0059534,0.023562
0.068089,0.15545,0.35279,0.26538,0.10437,0.037728,0.00079517,0.015397,0.21202,0.30202,0.25332,0.11008,0.059151,0.05818,0.0025868,0.0026407
0.1029,0.16115,0.2925,0.24102,0.14504,0.037945,0.00092999,0.018505,0.15748,0.33642,0.26539,0.1015,0.083069,0.031792,0.016335,0.0080174
0.068786,0.19594,0.30845,0.24718,0.10946,0.054974,0.0027402,0.012472,0.17675,0.36621,0.18768,0.11444,0.091501,0.029333,0.0092658,0.02482
0.069274,0.21948,0.26372,0.27204,0.10756,0.046251,0.00097915,0.020701,0.21865,0.30915,0.21597,0.15582,0.06013,0.018131,0.0022703,0.019873
0.10385,0.20057,0.30181,0.2763,0.069364,0.036273,0.00010825,0.011733,0.20803,0.26018,0.22634,0.16495,0.078412,0.043876,0.0077558,0.010461
0.042377,0.15103,0.30575,0.36407,0.072554,0.052846,0.00022049,0.011153,0.25188,0.31284,0.14398,0.15728,0.069249,0.037198,0.005193,0.022375
0.070946,0.11875,0.27821,0.37067,0.08478,0.044139,0.0010682,0.031433,0.25608,0.31606,0.18097,0.12346,0.062639,0.044864,0.00057979,0.015348
0.086113,0.16099,0.26716,0.30847,0.082013,0.056362,0.0032771,0.035608,0.2467,0.28796,0.2192,0.12023,0.084494,0.014514,0.0048097,0.022095
0.079545,0.15464,0.31629,0.27969,0.10683,0.048719,0.0024462,0.011839,0.21435,0.3028,0.21049,0.15392,0.089267,0.013082,0.0042725,0.011819
0.084604,0.14505,0.28221,0.3281,0.0938,0.044791,8.9724e-005,0.021351,0.2163,0.33055,0.20354,0.13805,0.063746,0.038564,0.0034886,0.0057652
0.087364,0.12941,0.29862,0.28585,0.11774,0.060143,0.001471,0.019413,0.20367,0.30675,0.22703,0.1515,0.054457,0.050661,0.0033984,0.002526
0.078572,0.15915,0.32456,0.26745,0.099508,0.062522,0.0018707,0.0063716,0.23746,0.27178,0.2673,0.12699,0.064446,0.027041,0.0040376,0.00094572
0.060703,0.17967,0.29028,0.26543,0.12763,0.048354,0.0020619,0.025866,0.21843,0.32029,0.23907,0.13657,0.070217,0.010183,0.0012002,0.0040318
0.08098,0.14321,0.27737,0.28122,0.14131,0.063214,0.00057481,0.012129,0.19524,0.29331,0.27953,0.12079,0.056361,0.040137,3.0157e-005,0.014598
0.10425,0.16676,0.26149,0.2777,0.089394,0.074358,0.0094301,0.016627,0.16617,0.36032,0.235,0.11157,0.06943,0.051042,6.0311e-006,0.0064687
0.076413,0.13741,0.32056,0.29015,0.11316,0.05306,0.0019184,0.0073323,0.21528,0.2786,0.25904,0.13663,0.062837,0.043139,0.00014962,0.0043169
0.08112,0.12642,0.29817,0.29962,0.117,0.058082,0.0003187,0.019273,0.19498,0.29958,0.28554,0.15468,0.032977,0.022263,0.0015744,0.0084078
0.096539,0.1419,0.32277,0.24984,0.10828,0.04857,0.0048658,0.02724,0.19671,0.33319,0.23524,0.12996,0.077607,0.024187,0.00096645,0.0021331
0.071809,0.19826,0.29676,0.25558,0.12127,0.046293,0.0025531,0.0074677,0.19259,0.29811,0.25027,0.11103,0.10676,0.035462,0.0034975,0.002275
0.09189,0.16642,0.3291,0.26061,0.11747,0.023048,0.0013842,0.010094,0.20272,0.35983,0.24706,0.091259,0.070263,0.011721,0.0015067,0.015637
0.10116,0.17035,0.30305,0.26834,0.10478,0.029115,0.004283,0.018928,0.19885,0.30742,0.24905,0.12502,0.080687,0.021342,0.0026143,0.01503
0.088034,0.15382,0.32562,0.28921,0.062467,0.046194,0.015472,0.019184,0.26648,0.28689,0.2254,0.087375,0.072195,0.021963,0.015884,0.023812
0.097036,0.1707,0.33412,0.2627,0.079036,0.028353,0.0091513,0.018912,0.22864,0.26128,0.29771,0.082002,0.091833,0.035093,0.0009982,0.0024359
0.11183,0.19864,0.29215,0.25632,0.071489,0.053321,0.0040987,0.012158,0.25775,0.25021,0.25081,0.13066,0.083937,0.020317,0.002247,0.004068
0.084658,0.16443,0.3113,0.279,0.081136,0.045919,0.0058487,0.027711,0.2631,0.26685,0.22754,0.13649,0.072141,0.032844,0.00047861,0.00055939
0.061027,0.21002,0.26535,0.29371,0.093971,0.040699,0.0019123,0.033314,0.26123,0.31002,0.20724,0.12016,0.076429,0.013078,8.3955e-006,0.011841
0.072295,0.18374,0.25197,0.34668,0.090607,0.039213,0.00017209,0.015318,0.23713,0.30422,0.21482,0.13037,0.076791,0.024974,0.00053005,0.011162
0.062778,0.16524,0.31857,0.28565,0.11128,0.024047,0.00014391,0.032308,0.19765,0.29051,0.30393,0.11287,0.059902,0.027416,0.0037565,0.0039691
0.078642,0.17744,0.30343,0.30126,0.10968,0.015303,0.0041239,0.010125,0.20726,0.28895,0.24482,0.14607,0.072057,0.038892,0.00013615,0.0018128
0.056802,0.15639,0.38041,0.27507,0.08263,0.021093,0.0020824,0.025529,0.23918,0.33181,0.24791,0.11208,0.041156,0.020802,0.0041974,0.0028691
0.072091,0.13812,0.38904,0.25393,0.12027,0.017338,0.0008333,0.0083752,0.27768,0.29725,0.23846,0.089901,0.058223,0.027114,0.0035889,0.0077786
0.090047,0.10773,0.34567,0.26908,0.1251,0.038601,0.0039793,0.019795,0.24916,0.35749,0.26425,0.069625,0.038602,0.013631,0.00023517,0.0070009
0.080194,0.12838,0.29686,0.3131,0.11741,0.042198,0.00031483,0.021534,0.26159,0.30646,0.26002,0.090981,0.057425,0.018065,0.0016098,0.0038398
0.06084,0.17667,0.30311,0.27679,0.099006,0.063506,0.0023147,0.017769,0.26032,0.28835,0.22281,0.11655,0.056068,0.031178,0.0035129,0.021205
0.053387,0.15766,0.26612,0.30372,0.12631,0.07629,0.00057015,0.015937,0.24499,0.2723,0.26932,0.089341,0.084927,0.027805,0.0011459,0.010171
0.070434,0.15495,0.35319,0.27526,0.079292,0.047206,0.001483,0.018184,0.25735,0.29619,0.24745,0.071349,0.092724,0.028464,1.587e-005,0.006455
0.053466,0.16334,0.31701,0.29672,0.091516,0.062104,0.00084785,0.014992,0.30476,0.27621,0.18376,0.10834,0.084665,0.032796,0.00039668,0.0090664
0.048859,0.15463,0.31922,0.27381,0.1144,0.053656,0.0057018,0.029727,0.24465,0.21919,0.26989,0.131,0.07553,0.049818,0.00049196,0.0094208
0.055137,0.16995,0.3265,0.28984,0.093899,0.048,0.0039697,0.012709,0.22671,0.22424,0.28682,0.14911,0.054444,0.052541,0.00015579,0.0059804
0.085489,0.17115,0.28849,0.28154,0.097689,0.048895,0.0043653,0.022384,0.26433,0.22526,0.25604,0.127,0.097523,0.02432,0.0020522,0.0034744
0.10241,0.18511,0.27603,0.25159,0.11058,0.049988,0.00058076,0.023721,0.21923,0.27418,0.295,0.121,0.063715,0.022004,4.8901e-005,0.0048192
0.072865,0.17399,0.30686,0.28505,0.08678,0.047035,0.0075794,0.019845,0.21959,0.30368,0.28221,0.12141,0.050129,0.01858,1.4458e-005,0.0043881
0.079626,0.16194,0.24953,0.33593,0.069444,0.055341,0.017828,0.030358,0.23507,0.33483,0.25514,0.11899,0.040802,0.01404,6.9317e-005,0.0010605
0.08606,0.20652,0.23513,0.33418,0.07263,0.02563,0.0044907,0.035359,0.21209,0.30616,0.24424,0.15234,0.06399,0.016459,0.00073344,0.0039935
0.048016,0.19216,0.30618,0.25951,0.12766,0.049468,0.0039712,0.013033,0.22014,0.31314,0.22131,0.14224,0.072341,0.029902,3.4843e-006,0.0009232
0.050392,0.18609,0.33001,0.25336,0.10447,0.050397,0.00216,0.023121,0.21885,0.27007,0.26856,0.14751,0.075229,0.016925,4.0899e-005,0.0028082
0.035986,0.18598,0.30337,0.31507,0.10492,0.041795,0.00058567,0.012287,0.2332,0.30836,0.25125,0.12227,0.058128,0.015565,3.7137e-007,0.011224
0.040906,0.15198,0.36661,0.26255,0.10824,0.050343,0.0094036,0.009961,0.22846,0.3198,0.23721,0.11882,0.056851,0.028978,0.0012664,0.0086177
0.057568,0.15781,0.34592,0.25793,0.092929,0.064057,0.0030996,0.020689,0.22127,0.2799,0.25109,0.13877,0.078883,0.01597,0.00021644,0.013892
0.0775,0.14994,0.31629,0.27421,0.12491,0.047481,0.0015009,0.0081616,0.2447,0.30571,0.1971,0.16948,0.059287,0.016978,0.0001986,0.0065374
0.077622,0.17631,0.31077,0.24655,0.1162,0.04737,0.0061987,0.018983,0.23296,0.26264,0.23886,0.16515,0.071516,0.014746,0.004456,0.0096766
0.047628,0.143,0.32499,0.31795,0.11053,0.038958,0.0011071,0.015845,0.21886,0.30046,0.22486,0.13469,0.078543,0.036575,0.0002455,0.0057625
0.065118,0.10404,0.33406,0.33554,0.10464,0.025633,0.0070842,0.023881,0.14043,0.31853,0.2784,0.17863,0.04387,0.038593,0.00065642,0.00090355
0.0585,0.17055,0.27938,0.32506,0.09519,0.036111,0.0053836,0.029834,0.20483,0.32074,0.23416,0.13782,0.073985,0.027503,0.00066045,0.00030394
0.043756,0.16154,0.32806,0.26602,0.1232,0.050549,0.0049514,0.021921,0.2309,0.30101,0.22944,0.11337,0.080141,0.03103,0.0074276,0.0066755
0.086499,0.12537,0.29726,0.31765,0.11955,0.030124,0.0023455,0.021191,0.27093,0.24421,0.22745,0.10925,0.073981,0.063795,1.9084e-005,0.010363
0.098779,0.14189,0.34798,0.25406,0.089105,0.047123,0.0045705,0.016487,0.27036,0.27752,0.21877,0.14401,0.059336,0.028892,3.6247e-005,0.0010697
0.10646,0.14773,0.29647,0.26816,0.10064,0.046548,0.0041802,0.029817,0.2661,0.29074,0.237,0.10712,0.063789,0.027685,0.0035195,0.0040477
0.1122,0.13688,0.31156,0.26972,0.097689,0.040314,0.01583,0.015807,0.18888,0.32547,0.2238,0.15914,0.07165,0.029559,0.001131,0.00037155
0.088877,0.14887,0.31865,0.26375,0.09967,0.04882,0.0061199,0.025244,0.16097,0.30923,0.24025,0.19071,0.068532,0.023053,0.0022387,0.0050151
0.094676,0.10811,0.30605,0.29539,0.1256,0.046829,0.010198,0.013153,0.16299,0.3223,0.22544,0.20296,0.06278,0.019409,3.1052e-005,0.0040946
0.073157,0.14936,0.27988,0.31582,0.11276,0.049992,0.002839,0.016189,0.22358,0.27898,0.21377,0.18448,0.066045,0.026047,0.0033125,0.0037918
0.069624,0.12705,0.29516,0.33423,0.10734,0.036086,0.0070376,0.023472,0.25491,0.23814,0.27491,0.15354,0.058615,0.016361,0.00026086,0.0032746
0.078696,0.14045,0.28821,0.3019,0.14135,0.040491,0.00097252,0.0079302,0.23563,0.17702,0.31721,0.13924,0.084167,0.04298,0.0019667,0.0017926
0.098881,0.15427,0.29648,0.31104,0.095717,0.026403,0.00017482,0.017038,0.19932,0.18069,0.3481,0.16042,0.081045,0.024043,0.0027913,0.0035803
0.094555,0.11246,0.2723,0.30952,0.11382,0.069361,0.0015243,0.026459,0.15388,0.24301,0.35344,0.14939,0.050684,0.04086,0.0004521,0.0082839
0.079402,0.11669,0.30597,0.3123,0.10763,0.058578,0.00264,0.016789,0.22734,0.22625,0.30697,0.1424,0.055722,0.025534,0.0031364,0.012654
0.056541,0.16308,0.33393,0.26765,0.10349,0.06157,7.6765e-005,0.013659,0.23452,0.27155,0.27559,0.12532,0.049814,0.032897,0.00057379,0.0097243
0.065989,0.17438,0.31689,0.27782,0.091819,0.055468,0.00050412,0.017135,0.19004,0.30746,0.25854,0.13007,0.071155,0.033964,0.00041506,0.0083547
0.094657,0.15649,0.26932,0.29917,0.11384,0.04896,0.0014572,0.016114,0.25191,0.23659,0.28766,0.11726,0.074675,0.025802,0.00044307,0.0056699
0.058212,0.17821,0.33612,0.2915,0.068553,0.045771,0.00013353,0.021503,0.27105,0.24979,0.23623,0.13288,0.080565,0.028657,0.00011487,0.00071961
0.052443,0.19832,0.2844,0.31461,0.093682,0.043101,0.002101,0.011339,0.22188,0.32374,0.20018,0.1326,0.090427,0.028795,0.0023085,7.3274e-005
0.061805,0.20528,0.25723,0.29085,0.10719,0.06937,0.0045409,0.0037266,0.23045,0.26269,0.2246,0.19065,0.065281,0.018228,0.0021976,0.0058995
0.075572,0.18513,0.26094,0.29382,0.1148,0.051255,0.00018794,0.018286,0.25124,0.28382,0.20501,0.13474,0.079516,0.038147,7.1856e-005,0.0074558
0.074065,0.16157,0.29118,0.30776,0.10992,0.026589,0.00040545,0.02852,0.265,0.24411,0.21706,0.1717,0.064639,0.023036,0.0054531,0.0090097
0.08322,0.12861,0.29162,0.33191,0.10127,0.032554,0.0022503,0.028568,0.20201,0.2522,0.23378,0.15061,0.11574,0.031584,0.00089666,0.013173
0.078021,0.15088,0.32095,0.30915,0.088029,0.038156,0.00017709,0.014639,0.1983,0.27754,0.25974,0.1424,0.080861,0.03669,0.002504,0.0019659
0.096837,0.14775,0.32867,0.26009,0.10628,0.038961,0.0014389,0.019969,0.23367,0.30203,0.22099,0.13688,0.055824,0.043245,0.0041138,0.0032481
0.082757,0.1193,0.3121,0.34751,0.091251,0.030251,0.001455,0.015369,0.2089,0.32916,0.22956,0.11775,0.076751,0.019272,0.0093862,0.0092258
0.074019,0.15873,0.26822,0.36721,0.071213,0.045923,0.00080319,0.013886,0.23741,0.28918,0.25285,0.12416,0.062813,0.025404,0.0018481,0.0063311
0.056012,0.16207,0.28741,0.35065,0.10117,0.025638,0.0016662,0.015394,0.22839,0.27817,0.2334,0.13032,0.081016,0.030503,0.0069537,0.011245
0.10182,0.12326,0.26509,0.31928,0.11503,0.040043,3.0838e-007,0.035474,0.20339,0.35429,0.23484,0.10633,0.04722,0.035254,0.0095719,0.0091046
0.08834,0.16701,0.29091,0.30267,0.084137,0.041475,2.4068e-009,0.025453,0.22858,0.28195,0.25711,0.097247,0.075951,0.025105,0.0053034,0.028746
0.11256,0.19369,0.2401,0.28668,0.11173,0.035814,0.0036515,0.015766,0.18556,0.32001,0.21108,0.17896,0.075594,0.018195,0.0017686,0.008831
0.11474,0.1314,0.27862,0.29347,0.12711,0.045761,8.3607e-006,0.008902,0.22324,0.28715,0.25332,0.13298,0.056046,0.031055,0.0023165,0.013894
0.084468,0.16447,0.28542,0.28118,0.12111,0.04982,0.00045797,0.013063,0.21998,0.27139,0.27366,0.12013,0.077966,0.016989,0.0017414,0.018146
0.051972,0.16368,0.3289,0.27841,0.091837,0.057126,0.00019991,0.027867,0.22516,0.31318,0.21842,0.14393,0.074295,0.013451,0.005752,0.0058116
0.062183,0.1294,0.3268,0.29598,0.10238,0.061187,0.0065614,0.015509,0.20272,0.30814,0.25763,0.13325,0.080923,0.014048,0.0012341,0.0020471
0.079177,0.13069,0.31337,0.33421,0.082469,0.044886,0.0088392,0.00636,0.21908,0.26274,0.27617,0.13729,0.082001,0.018356,0.0024737,0.0018845
0.089188,0.17528,0.32175,0.27505,0.067673,0.040843,0.0025178,0.027702,0.22195,0.31458,0.26413,0.12529,0.05266,0.017445,0.0013474,0.0026027
0.075111,0.14613,0.33422,0.29327,0.095332,0.046896,1.7698e-006,0.0090365,0.23064,0.31308,0.2217,0.17155,0.037019,0.023483,0.00027007,0.0022633
0.094409,0.17438,0.28752,0.27385,0.11578,0.040974,0.00069966,0.012386,0.23411,0.26072,0.27021,0.14182,0.066786,0.024797,4.9534e-005,0.001508
0.056827,0.15949,0.35139,0.24396,0.12646,0.042902,0.00014936,0.01883,0.21882,0.23364,0.28935,0.14987,0.070269,0.028261,0.0024995,0.0072908
0.072606,0.18784,0.33422,0.24005,0.10595,0.043128,0.00082255,0.015387,0.23923,0.27376,0.24216,0.16646,0.043716,0.025685,0.00075102,0.0082359
0.095085,0.17823,0.29554,0.27236,0.10805,0.025605,0.0013029,0.02382,0.25524,0.28302,0.25409,0.1139,0.03718,0.040465,0.0080803,0.0080212
0.074771,0.14773,0.2663,0.33479,0.11574,0.05087,0.0060268,0.0037763,0.2609,0.27093,0.26547,0.11624,0.047065,0.030823,0.001131,0.0074524
0.090122,0.18849,0.29258,0.27214,0.082751,0.055424,0.012033,0.0064577,0.21564,0.28886,0.28752,0.12933,0.040044,0.024572,7.577e-007,0.014037
0.066803,0.16538,0.32765,0.28331,0.088338,0.049259,0.0069502,0.012306,0.17945,0.34708,0.27757,0.11016,0.055125,0.014268,0.00039729,0.01594
0.069105,0.172,0.25858,0.29723,0.12805,0.054126,0.0014297,0.019474,0.1967,0.31052,0.22845,0.13617,0.080595,0.028645,0.0027405,0.01617
0.06164,0.15238,0.31292,0.29085,0.098554,0.074039,0.00015541,0.0094545,0.19988,0.29444,0.23695,0.16324,0.08393,0.015324,0.0034649,0.0027693
0.054305,0.16323,0.30691,0.31712,0.085676,0.055401,0.0014632,0.015892,0.23738,0.29666,0.24553,0.11258,0.089722,0.013644,0.003086,0.0013941
0.043857,0.17271,0.29594,0.33826,0.097126,0.042003,0.00024427,0.0098634,0.16787,0.34643,0.27805,0.063427,0.093516,0.043783,0.0042323,0.0026849
0.052328,0.17272,0.27763,0.30303,0.099468,0.080132,0.0024513,0.012243,0.24958,0.27473,0.27133,0.10753,0.058108,0.031574,0.0043187,0.0028404
0.082253,0.13809,0.30636,0.31994,0.089469,0.054223,0.0014861,0.0081807,0.23725,0.24047,0.24665,0.14519,0.094707,0.026605,0.0014745,0.0076455
0.047949,0.16291,0.31423,0.30253,0.1087,0.035404,0.0011939,0.027086,0.17368,0.29107,0.23479,0.15925,0.094472,0.029072,0.0012613,0.016404
0.036942,0.13491,0.34327,0.30004,0.13387,0.029726,0.0030451,0.01819,0.21519,0.30819,0.2576,0.10914,0.062316,0.021967,0.013155,0.012446
0.052505,0.16071,0.28901,0.32334,0.11827,0.030114,0.0008388,0.025209,0.20665,0.29634,0.28906,0.12401,0.060163,0.013614,0.0016238,0.0085468
0.049064,0.19678,0.31557,0.31771,0.074372,0.032458,1.7907e-005,0.014024,0.18907,0.32568,0.25968,0.11515,0.07122,0.022577,2.4042e-005,0.016598
0.028857,0.18545,0.32555,0.26351,0.13006,0.029087,0.00074056,0.036751,0.19797,0.30225,0.28086,0.13465,0.047616,0.022742,1.6039e-006,0.013913
0.06173,0.208,0.31984,0.25594,0.10498,0.020286,5.6999e-005,0.029179,0.19329,0.27066,0.21734,0.18578,0.057809,0.051408,7.217e-007,0.023711
0.068459,0.17884,0.316,0.26947,0.10583,0.040258,0.00056822,0.020581,0.21164,0.29115,0.29145,0.10609,0.071939,0.020115,0.00095822,0.006644
0.082027,0.17498,0.3001,0.26788,0.11688,0.042332,9.3505e-005,0.015713,0.18213,0.29218,0.29655,0.10856,0.066058,0.038868,0.0044615,0.011199
0.08871,0.18114,0.3156,0.28148,0.10325,0.021718,0.0003374,0.0077603,0.20421,0.29478,0.28433,0.11449,0.081044,0.017832,0.0010982,0.002219
0.068707,0.13811,0.33186,0.30276,0.11701,0.024512,0.0044364,0.012602,0.26032,0.27164,0.28661,0.092347,0.055395,0.032226,0.0013019,0.00015655
0.077471,0.15459,0.29332,0.34805,0.070314,0.02025,0.0014112,0.034594,0.19689,0.31396,0.30194,0.097217,0.066056,0.012472,0.010427,0.001036
0.065141,0.16504,0.31083,0.33364,0.077741,0.030687,0.0032689,0.013645,0.17556,0.29742,0.25253,0.12993,0.09801,0.036502,0.0029505,0.0070895
0.068168,0.13957,0.31652,0.31623,0.097742,0.03348,0.00072494,0.027566,0.19782,0.3058,0.24143,0.11462,0.095019,0.026332,0.0051842,0.0138
0.085762,0.14922,0.30894,0.29065,0.10608,0.032345,0.00071311,0.026298,0.19874,0.28645,0.27726,0.11662,0.060034,0.030365,0.0010038,0.029513
0.075857,0.14673,0.36367,0.2557,0.1044,0.032324,0.0040394,0.017287,0.18325,0.34461,0.22991,0.12351,0.066569,0.029622,0.00497,0.01756
0.086597,0.15141,0.26658,0.2786,0.16505,0.021472,0.0037413,0.026556,0.17648,0.3069,0.31005,0.12247,0.057205,0.021606,0.0020345,0.003257
0.090235,0.18681,0.28635,0.28013,0.10366,0.028184,0.0049329,0.019697,0.20056,0.2772,0.23551,0.16364,0.062456,0.052561,0.0015274,0.0065441
0.072005,0.14868,0.31611,0.32137,0.073517,0.037164,0.0022372,0.028918,0.23785,0.31453,0.23266,0.10783,0.046602,0.041103,0.0030227,0.016405
0.077364,0.1623,0.34455,0.30699,0.064752,0.018082,3.8199e-005,0.02592,0.24497,0.32933,0.24542,0.093477,0.056553,0.015539,0.0090154,0.0057041
0.06345,0.19905,0.29396,0.30172,0.10657,0.02622,0.0001061,0.0089352,0.22542,0.33214,0.24149,0.10115,0.075998,0.011758,0.00579,0.0062573
0.076425,0.1903,0.31007,0.29117,0.078223,0.034665,0.0013764,0.017769,0.21351,0.34139,0.20365,0.11763,0.095623,0.017247,0.00019007,0.010756
0.068338,0.14105,0.3435,0.28988,0.071752,0.05739,0.0012998,0.026793,0.20014,0.31912,0.24329,0.11096,0.082169,0.034319,0.00018197,0.0098133
0.085304,0.11978,0.31976,0.28774,0.067875,0.10414,0.00070918,0.014689,0.24911,0.29281,0.23169,0.11309,0.075021,0.032334,0.00032685,0.0056265
0.12522,0.13347,0.26773,0.29525,0.083897,0.066729,0.00015358,0.027558,0.20581,0.26966,0.27112,0.11174,0.070893,0.057873,0.00070996,0.012194
0.052742,0.13305,0.38137,0.24293,0.096277,0.076662,0.0012374,0.015728,0.18968,0.27398,0.25769,0.13673,0.086534,0.044661,0.0052266,0.0055002
0.068807,0.1124,0.40452,0.23757,0.11703,0.032669,0.0039758,0.023034,0.24955,0.2399,0.24978,0.15406,0.071977,0.028563,0.00022118,0.0059535
0.071562,0.10661,0.34462,0.27736,0.13115,0.039957,0.0012623,0.027473,0.24735,0.29296,0.25046,0.12525,0.059645,0.020865,0.00073216,0.0027346
0.074623,0.12458,0.28858,0.25667,0.17275,0.056874,0.009272,0.01665,0.20356,0.27726,0.26249,0.1374,0.08398,0.025469,0.0026909,0.0071549
0.07946,0.13687,0.3042,0.28841,0.11677,0.058568,0.001103,0.014619,0.26315,0.28595,0.22562,0.13319,0.064362,0.015765,0.010924,0.0010381
0.090998,0.12597,0.28737,0.29705,0.11144,0.074461,0.00057296,0.012141,0.22204,0.34107,0.25922,0.10911,0.055883,0.0074787,0.0015668,0.0036314
0.071041,0.099506,0.31355,0.31508,0.099653,0.067921,0.001869,0.031381,0.22174,0.28787,0.26564,0.094148,0.10169,0.028147,0.00020475,0.00055951
0.086624,0.10139,0.32286,0.29804,0.10206,0.071608,0.00033957,0.017074,0.23345,0.29255,0.27971,0.11328,0.040001,0.026961,0.0020573,0.011984
0.098752,0.083477,0.32662,0.29028,0.096665,0.085853,0.0015047,0.016849,0.22504,0.29858,0.25447,0.13217,0.045126,0.035219,0.0035648,0.0058307
0.074868,0.1004,0.34587,0.31431,0.089539,0.057152,0.007274,0.010588,0.23466,0.25245,0.27313,0.14497,0.044967,0.021536,0.0036578,0.024639
0.06673,0.10328,0.37619,0.29221,0.088994,0.045482,0.00011393,0.026999,0.19052,0.32345,0.30117,0.10713,0.048937,0.022075,0.0013747,0.0053546
0.079341,0.17523,0.30918,0.27457,0.083032,0.065546,1.8612e-005,0.013083,0.2265,0.3023,0.30507,0.0961,0.040232,0.017149,0.00093683,0.01172
0.064671,0.1509,0.27769,0.33638,0.099551,0.053233,0.00032778,0.017254,0.20169,0.31374,0.28899,0.12673,0.044326,0.022542,0.0012787,0.00070674
0.071791,0.15736,0.28228,0.31148,0.088228,0.056279,0.0042821,0.028296,0.21372,0.30783,0.23733,0.14151,0.076301,0.015466,0.0021431,0.0056991
0.071845,0.15531,0.33305,0.27889,0.084873,0.04892,0.00066729,0.026448,0.20413,0.27693,0.30109,0.11328,0.076363,0.013963,0.00092852,0.013323
0.066566,0.17593,0.28513,0.27691,0.1114,0.069544,0.0042279,0.010286,0.24308,0.28859,0.22103,0.11819,0.072453,0.03673,0.0012483,0.018679
0.053801,0.20607,0.28091,0.26364,0.11516,0.067258,0.00020575,0.012942,0.21229,0.29434,0.23412,0.14187,0.056338,0.038166,0.0087354,0.01413
0.061957,0.16887,0.29228,0.25897,0.13084,0.070311,0.0057052,0.011067,0.21644,0.33226,0.21695,0.11388,0.10807,0.010439,0.0011772,0.00080074
0.061129,0.16481,0.33975,0.28089,0.097146,0.037107,0.002385,0.016782,0.19379,0.32464,0.2713,0.12122,0.073479,0.0081807,0.00084676,0.0065465
0.07413,0.12574,0.32497,0.29759,0.086314,0.069622,0.0031063,0.018523,0.18505,0.31802,0.29912,0.089762,0.091091,0.015523,0.00011598,0.0013219
0.06884,0.11936,0.37364,0.28131,0.09336,0.055277,5.3692e-005,0.008157,0.17528,0.33705,0.24101,0.12717,0.1048,0.013462,0.0006575,0.0005746
0.074253,0.13173,0.33997,0.28659,0.081798,0.066949,0.0041251,0.014588,0.18385,0.30398,0.25768,0.12752,0.092672,0.027646,1.8576e-005,0.0066261
0.064932,0.14318,0.31568,0.29837,0.11189,0.044764,0.0048512,0.016327,0.18889,0.35811,0.24204,0.115,0.060645,0.028486,0.00088379,0.0059544
0.052934,0.15863,0.33366,0.2977,0.11141,0.025639,0.00033307,0.019687,0.1972,0.28573,0.27771,0.1289,0.082635,0.016776,0.0025167,0.0085314
0.065863,0.13319,0.31104,0.32915,0.11478,0.037539,0.00043649,0.007996,0.21628,0.27276,0.28825,0.13931,0.055842,0.024744,0.00021181,0.0025941
0.082372,0.1316,0.34005,0.25459,0.10435,0.049377,0.0012092,0.036445,0.19696,0.31606,0.27134,0.10622,0.068705,0.025386,0.011877,0.0034611
0.092179,0.14602,0.32483,0.26185,0.10473,0.05322,0.0010659,0.016099,0.22272,0.31496,0.24299,0.11178,0.089163,0.013102,0.0026007,0.0026817
0.062782,0.17048,0.29936,0.26402,0.13052,0.048167,0.0072139,0.017455,0.20048,0.33414,0.25802,0.10205,0.078875,0.017495,0.00084669,0.0080995
0.070836,0.15452,0.29145,0.34343,0.082153,0.039831,0.00020514,0.017574,0.19745,0.32348,0.2311,0.080854,0.092864,0.060651,0.00012683,0.013473
0.065335,0.10867,0.37216,0.29035,0.079215,0.060701,0.001397,0.022165,0.16259,0.27236,0.30083,0.095646,0.10713,0.047106,3.1031e-005,0.014314
0.11195,0.11519,0.28742,0.29019,0.08979,0.085133,0.0024625,0.017873,0.21205,0.28073,0.24423,0.1653,0.061827,0.026531,0.00057369,0.0087623
0.084563,0.13908,0.3116,0.2823,0.076243,0.081645,0.00075254,0.02382,0.24861,0.24739,0.24957,0.14355,0.07617,0.019807,0.0046368,0.010263
0.09225,0.11637,0.30965,0.28446,0.1233,0.060853,0.00068056,0.012436,0.25425,0.25379,0.23055,0.11612,0.099818,0.027738,0.0035305,0.014205
0.091687,0.15185,0.30321,0.28367,0.11499,0.046657,0.00099082,0.006937,0.28199,0.24884,0.24027,0.10173,0.077232,0.047768,1.29e-005,0.0021561
0.083405,0.11148,0.30106,0.32069,0.10683,0.048533,0.0012509,0.026748,0.27838,0.2819,0.24391,0.11321,0.049785,0.02432,4.848e-005,0.0084426
0.086978,0.11998,0.31788,0.29153,0.11065,0.054124,0.00027169,0.018585,0.23649,0.30218,0.19884,0.15169,0.078455,0.028023,1.4017e-006,0.0043195
0.088566,0.1357,0.31531,0.2735,0.10438,0.060938,0.0060285,0.01558,0.21062,0.27379,0.2785,0.1275,0.070766,0.024062,8.2464e-007,0.01476
0.12145,0.13493,0.27873,0.27954,0.094088,0.065105,0.0038385,0.022326,0.21873,0.3059,0.28183,0.10067,0.069152,0.013023,4.9856e-007,0.010693
0.090799,0.13098,0.30577,0.24623,0.13092,0.071741,0.00044161,0.023111,0.22384,0.32849,0.24028,0.12733,0.053692,0.016291,0.0011581,0.0089121
0.14717,0.12629,0.31787,0.26079,0.093456,0.042199,0.0013481,0.01088,0.23116,0.26407,0.24789,0.12887,0.072651,0.043124,0.0017271,0.010521
0.095728,0.13005,0.31374,0.29516,0.10901,0.038161,0.00017343,0.017974,0.19272,0.33289,0.24041,0.13719,0.062135,0.029992,0.0014754,0.0031962
0.083162,0.14279,0.30197,0.27946,0.12054,0.057056,0.0010982,0.013931,0.20289,0.31275,0.21729,0.14266,0.064625,0.038738,0.0042981,0.016746
0.084249,0.15678,0.27879,0.2854,0.12476,0.059589,0.0026991,0.0077394,0.20001,0.30295,0.27017,0.12592,0.063755,0.022344,0.0058911,0.0089672
0.099393,0.15146,0.26742,0.29107,0.12058,0.044436,0.0043546,0.021294,0.26175,0.30698,0.21291,0.12509,0.06351,0.024388,0.0050079,0.00035766
0.07592,0.16476,0.29854,0.27834,0.12923,0.029577,0.0054443,0.018193,0.23552,0.31202,0.20377,0.14517,0.053409,0.025086,0.010567,0.014465
0.088841,0.17786,0.26975,0.26878,0.13298,0.045764,0.002986,0.013033,0.18316,0.29107,0.26485,0.15491,0.061215,0.030911,0.00079968,0.013083
0.083482,0.14128,0.23497,0.35589,0.12128,0.027393,0.0037364,0.031977,0.20795,0.31809,0.25709,0.10257,0.068344,0.025458,0.0037687,0.016721
0.09665,0.12695,0.28478,0.29479,0.12064,0.055742,0.0025799,0.017859,0.20948,0.3261,0.24119,0.10842,0.082114,0.020526,0.0039431,0.008229
0.082902,0.18004,0.26775,0.27258,0.11133,0.072916,0.00032763,0.01215,0.21071,0.25964,0.28553,0.12634,0.070743,0.039553,0.0045599,0.0029196
0.066005,0.13473,0.33783,0.27739,0.10873,0.053304,0.00056534,0.02144,0.22592,0.26027,0.24684,0.14708,0.073009,0.029338,0.00099925,0.01654
0.055924,0.18016,0.34226,0.25116,0.11336,0.04122,0.0001935,0.015716,0.25214,0.23655,0.26384,0.12058,0.070222,0.030699,0.0035515,0.022407
0.075564,0.14028,0.32745,0.30217,0.092039,0.040658,0.0010795,0.020755,0.19973,0.29704,0.26174,0.123,0.097195,0.0094138,0.0016715,0.010206
0.080324,0.13624,0.31058,0.30943,0.093192,0.056631,0.00046246,0.013142,0.17279,0.31375,0.2677,0.13774,0.086741,0.014774,0.0024445,0.0040577
0.078486,0.17127,0.2569,0.28996,0.091237,0.086247,5.2012e-005,0.025837,0.23168,0.3276,0.23241,0.12395,0.062703,0.011782,0.00022924,0.0096514
0.068138,0.16708,0.30346,0.28045,0.1069,0.064513,0.0020666,0.0073976,0.23916,0.29086,0.20292,0.1556,0.05825,0.022013,0.0081058,0.023091
0.074045,0.1648,0.2755,0.24157,0.12597,0.090266,0.0017045,0.026149,0.19029,0.32614,0.24795,0.15077,0.049047,0.02589,0.0041415,0.0057802
0.078879,0.17035,0.31745,0.25559,0.080047,0.080399,0.0070357,0.010245,0.2301,0.30966,0.2561,0.093517,0.045141,0.033452,0.0012383,0.030795
0.080494,0.17049,0.26757,0.2917,0.11457,0.052532,0.0062225,0.016418,0.2412,0.29951,0.24548,0.097311,0.068488,0.042876,0.00014691,0.0049912
0.049013,0.13798,0.3259,0.29965,0.097589,0.0596,0.016271,0.013994,0.22686,0.31931,0.23287,0.11038,0.072682,0.013533,0.013924,0.010449
0.062015,0.14499,0.30036,0.25324,0.14611,0.063015,0.0022225,0.028045,0.1855,0.31648,0.28702,0.10237,0.0418,0.040489,0.0078041,0.01854
0.097802,0.15064,0.28644,0.2844,0.094668,0.047431,0.003795,0.03483,0.18703,0.29283,0.25898,0.12556,0.077487,0.044368,0.006036,0.0077052
0.088335,0.18298,0.2495,0.2525,0.14256,0.045042,0.00024112,0.038849,0.27701,0.29412,0.24825,0.078983,0.062213,0.02644,0.0028795,0.010107
0.082001,0.14809,0.23231,0.30049,0.11855,0.10859,0.00075395,0.0092116,0.28198,0.29135,0.19892,0.12575,0.036551,0.044385,0.00042314,0.020649
0.093182,0.14865,0.26414,0.29549,0.10827,0.07517,0.0013862,0.013718,0.28577,0.27433,0.21528,0.080228,0.070713,0.052086,0.007772,0.013822
0.0471,0.14841,0.312,0.31101,0.096741,0.072917,0.0013611,0.010464,0.25673,0.31493,0.22499,0.073794,0.061621,0.043956,0.00090296,0.023071
0.10147,0.17209,0.26689,0.28171,0.10847,0.046887,0.006592,0.015894,0.22768,0.26983,0.25456,0.13278,0.089315,0.019577,0.0042175,0.0020447
0.065938,0.13414,0.3133,0.2749,0.12111,0.070422,0.0096231,0.010559,0.19172,0.30671,0.25253,0.11684,0.07446,0.024927,0.007627,0.025187
0.059884,0.12458,0.36318,0.23816,0.12919,0.075775,0.0001735,0.0090491,0.18402,0.27933,0.28694,0.14852,0.046917,0.036713,0.0018645,0.015703
0.049902,0.17718,0.33156,0.25571,0.096063,0.072074,0.0039739,0.013531,0.18857,0.34668,0.23993,0.1178,0.036304,0.053802,0.0029066,0.014003
0.043824,0.1502,0.33159,0.27945,0.11314,0.041747,0.001492,0.038563,0.22139,0.30561,0.21867,0.15597,0.0412,0.045662,0.0032926,0.0082111
0.065658,0.15037,0.32184,0.25814,0.13385,0.052309,0.0019156,0.015923,0.18501,0.343,0.25306,0.14214,0.044499,0.010641,0.0031639,0.018488
0.062349,0.14313,0.27268,0.30121,0.11735,0.064522,0.0058602,0.032908,0.16024,0.35488,0.2508,0.14775,0.061294,0.013681,0.0072887,0.0040607
0.057222,0.17695,0.28113,0.28793,0.12302,0.058897,0.0066815,0.0081696,0.16492,0.30891,0.28683,0.13577,0.0849,0.011733,0.00015785,0.0067707
0.063617,0.17674,0.27948,0.28827,0.10846,0.071996,0.00052356,0.010911,0.21388,0.28147,0.23181,0.1524,0.088636,0.025117,0.0012252,0.0054568
0.061908,0.21666,0.29124,0.24245,0.10645,0.07349,0.001199,0.0065972,0.19669,0.30675,0.28295,0.10054,0.077935,0.019151,0.0018488,0.014131
0.094885,0.16114,0.29718,0.25903,0.086981,0.079286,0.0004011,0.0211,0.22976,0.34215,0.22198,0.085918,0.081382,0.025961,0.0026938,0.010161
0.095656,0.16469,0.32355,0.2627,0.061892,0.06279,0.0088317,0.019895,0.21077,0.37322,0.22375,0.085679,0.055304,0.033932,0.013607,0.0037365
0.079859,0.16733,0.29245,0.27486,0.08039,0.072507,0.0013629,0.03125,0.28452,0.31476,0.24659,0.068933,0.050888,0.027415,0.0045823,0.0023126
0.080774,0.1769,0.2849,0.28107,0.06791,0.071941,0.0011191,0.03539,0.23683,0.32674,0.22218,0.10407,0.07139,0.027489,0.0022874,0.0090177
0.055518,0.14996,0.27395,0.29818,0.11096,0.092736,0.0015127,0.017176,0.21236,0.37214,0.22646,0.10115,0.037374,0.040936,0.0023067,0.0072684
0.095886,0.16755,0.29854,0.26755,0.092608,0.057246,0.0037727,0.016843,0.27718,0.29825,0.2301,0.066759,0.063143,0.04686,0.0015058,0.016209
0.09552,0.18055,0.29394,0.24485,0.10528,0.06188,0.00075974,0.017222,0.20644,0.32228,0.26399,0.063656,0.091918,0.033716,0.0050518,0.01295
0.062087,0.12721,0.35548,0.27011,0.073327,0.09016,0.01171,0.0099146,0.19721,0.27644,0.26965,0.14376,0.087713,0.020577,0.00090206,0.0037511
0.065652,0.13003,0.32395,0.26893,0.099976,0.06997,0.0023685,0.039126,0.23348,0.23445,0.26658,0.1435,0.087337,0.013257,0.0082635,0.013133
0.084918,0.11629,0.29962,0.29069,0.087133,0.1018,0.0045628,0.014992,0.17804,0.22079,0.3192,0.15002,0.10041,0.015417,0.0048384,0.011279
0.075693,0.13432,0.2695,0.30666,0.11325,0.076889,0.0024741,0.021217,0.1881,0.30875,0.2834,0.10173,0.058125,0.042357,0.01449,0.0030421
0.093414,0.15472,0.26164,0.31477,0.096266,0.06422,0.00024829,0.014718,0.16821,0.33318,0.26698,0.13352,0.069376,0.023442,0.00043629,0.004862
0.073465,0.18422,0.26891,0.31439,0.089519,0.04253,0.0021154,0.024855,0.1274,0.33091,0.2868,0.16088,0.053128,0.029303,0.00017561,0.011396
0.074337,0.18706,0.29265,0.2819,0.10508,0.034969,0.00032286,0.023672,0.15668,0.32973,0.30707,0.091272,0.096172,0.010822,0.00041347,0.0078345
0.079644,0.1581,0.3128,0.31235,0.082205,0.029788,0.0062851,0.018827,0.21787,0.32481,0.24559,0.084467,0.11049,0.0131,0.0022796,0.0013967
0.070869,0.1567,0.33688,0.2466,0.11146,0.055698,0.0012558,0.020535,0.20338,0.35589,0.24604,0.087114,0.070429,0.026501,0.0037604,0.0068908
0.073042,0.15332,0.31353,0.26419,0.10637,0.078364,0.00034718,0.010827,0.17181,0.34669,0.28113,0.08779,0.083703,0.022746,4.222e-005,0.0060903
0.066759,0.15505,0.33822,0.23305,0.11576,0.073275,0.0004318,0.017457,0.24572,0.28301,0.22756,0.13056,0.075554,0.027871,0.0011643,0.0085658
0.066778,0.15771,0.28924,0.28777,0.11551,0.069005,0.0012283,0.012757,0.2479,0.25529,0.22744,0.11998,0.1229,0.022003,0.00022761,0.0042601
0.10072,0.14697,0.32216,0.27021,0.094567,0.049294,0.00046281,0.015628,0.26996,0.28075,0.22931,0.091582,0.093916,0.018481,0.0021726,0.01383
0.057003,0.13054,0.31335,0.30117,0.10272,0.082394,0.0013165,0.011514,0.21966,0.24553,0.26725,0.13167,0.095276,0.034785,3.5465e-005,0.0057955
0.049437,0.17909,0.30735,0.27023,0.11158,0.057136,0.0093848,0.015798,0.22186,0.33549,0.26456,0.062513,0.089581,0.021919,0.00024226,0.0038322
0.066998,0.15757,0.30631,0.27687,0.10873,0.047981,0.0014689,0.034069,0.2452,0.35076,0.21321,0.066713,0.10663,0.014323,0.00034149,0.0028176
0.047969,0.12448,0.31484,0.32608,0.11535,0.050415,0.0058299,0.01505,0.19719,0.32489,0.29636,0.072588,0.077138,0.027793,0.00097767,0.0030646
0.054691,0.13338,0.31445,0.27899,0.12898,0.064143,0.012205,0.013161,0.21746,0.22257,0.31054,0.10663,0.11211,0.024328,0.0044764,0.001899
0.067475,0.13033,0.3074,0.29633,0.1023,0.079264,0.001653,0.015248,0.21,0.27324,0.2556,0.10134,0.10816,0.037039,0.0037325,0.010883
0.072605,0.13921,0.31595,0.28731,0.088844,0.080713,0.0016626,0.013708,0.21337,0.29702,0.22586,0.11283,0.094275,0.049235,0.0022352,0.005175
0.09982,0.13227,0.28664,0.32013,0.088014,0.049279,0.0011946,0.022644,0.19685,0.30819,0.267,0.12409,0.071469,0.025868,0.00044285,0.006087
0.080163,0.17377,0.3034,0.28798,0.08398,0.047905,0.002787,0.020023,0.20137,0.31853,0.30805,0.097575,0.059717,0.012109,0.00030429,0.0023452
0.060397,0.16052,0.30664,0.28362,0.11609,0.048676,0.0053563,0.018695,0.24503,0.29696,0.28108,0.078412,0.080978,0.010896,1.1911e-005,0.0066299
0.067632,0.1626,0.33255,0.26142,0.10646,0.049506,0.0053748,0.014457,0.21548,0.28224,0.27365,0.095409,0.11007,0.012974,0.0051993,0.0049816
0.092255,0.13898,0.31783,0.26196,0.11407,0.062921,0.0014787,0.010508,0.18676,0.25971,0.28644,0.11245,0.12635,0.015383,0.00098191,0.011926
0.08238,0.15333,0.2962,0.28214,0.10424,0.068688,0.0021485,0.010879,0.228,0.27004,0.31829,0.086298,0.073192,0.014026,6.941e-005,0.010086
0.090413,0.13527,0.29391,0.26281,0.1258,0.081334,0.0022371,0.0082238,0.25472,0.2506,0.27951,0.10115,0.073179,0.026191,0.0018923,0.01276
0.11484,0.1542,0.29024,0.26173,0.11409,0.050404,0.0005437,0.013941,0.21549,0.26092,0.2567,0.12233,0.12577,0.0099259,3.0317e-005,0.0088383
0.11961,0.16494,0.25088,0.29535,0.096014,0.052432,0.0040327,0.016748,0.22888,0.22143,0.24639,0.14435,0.096416,0.038536,0.0040506,0.019956
0.10882,0.13902,0.26916,0.31801,0.071871,0.049964,0.0031014,0.040052,0.21015,0.33612,0.22309,0.11392,0.083598,0.024527,0.0010818,0.0075114
0.096531,0.15753,0.23135,0.33033,0.11207,0.048987,0.0096459,0.013553,0.20348,0.31228,0.30418,0.088468,0.05932,0.017387,0.0040496,0.010841
0.095972,0.16127,0.26789,0.26636,0.111,0.062277,0.015276,0.01995,0.16856,0.35016,0.29071,0.11331,0.064821,0.010682,0.00061085,0.0011421
0.06984,0.17455,0.28334,0.28201,0.11665,0.047022,0.0082299,0.018367,0.21439,0.29419,0.25509,0.10995,0.10474,0.012307,0.0044545,0.0048726
0.054675,0.18062,0.31398,0.25389,0.11722,0.052824,0.0029076,0.023881,0.2427,0.27597,0.20879,0.14112,0.080252,0.039859,0.0041861,0.0071193
0.064965,0.14663,0.2935,0.31312,0.096575,0.069346,0.0022741,0.013595,0.17411,0.28597,0.2908,0.10714,0.081515,0.049337,1.1829e-005,0.011122
0.086764,0.1576,0.30158,0.26912,0.12915,0.034679,0.0095529,0.011554,0.20913,0.31161,0.30604,0.078197,0.06948,0.015813,0.0022922,0.0074393
0.097098,0.16519,0.24789,0.3217,0.13126,0.023324,0.0043611,0.0091813,0.19643,0.31434,0.27526,0.13104,0.055517,0.014351,0.00030182,0.012755
0.098829,0.16756,0.23925,0.30793,0.11639,0.054678,0.004451,0.010909,0.23271,0.30381,0.19913,0.14167,0.066645,0.043611,0.00016311,0.012252
0.066749,0.17364,0.34263,0.2686,0.10087,0.037929,0.0013574,0.0082308,0.21242,0.32419,0.26004,0.13181,0.043174,0.025842,4.4252e-005,0.0024964
0.079956,0.1748,0.30053,0.31498,0.086409,0.031314,0.00095212,0.011059,0.20737,0.30482,0.21814,0.12247,0.093791,0.039901,0.010898,0.0026098
0.09813,0.12529,0.28352,0.31716,0.10401,0.043035,0.0054009,0.023457,0.24914,0.31309,0.20087,0.12167,0.091653,0.021109,8.3959e-006,0.0024629
0.11712,0.11862,0.32021,0.30816,0.078522,0.043236,0.0042567,0.0098775,0.25085,0.34121,0.22282,0.077226,0.079565,0.020792,0.0054137,0.0021262
0.10275,0.15889,0.30325,0.30115,0.070394,0.037603,0.0087821,0.017181,0.22729,0.33577,0.2029,0.11224,0.075215,0.028567,0.0043034,0.013701
0.083689,0.12219,0.23046,0.34691,0.10873,0.082621,0.0071155,0.018283,0.19359,0.29825,0.27047,0.14176,0.04489,0.01384,0.012317,0.024895
0.070992,0.10528,0.28834,0.3445,0.10728,0.062594,0.0012409,0.019776,0.21735,0.27425,0.30671,0.10726,0.078431,0.0085833,0.0022366,0.0051769
0.076683,0.13446,0.32157,0.29292,0.093867,0.049851,0.0032453,0.027403,0.20946,0.28855,0.19655,0.1439,0.092224,0.044673,0.0056596,0.018992
0.065441,0.1578,0.28454,0.3028,0.1157,0.055474,0.0076162,0.010637,0.21048,0.3098,0.26866,0.095958,0.090418,0.0093499,0.0031046,0.01222
0.066442,0.16614,0.30312,0.30198,0.090032,0.058362,0.0011168,0.012813,0.17828,0.32115,0.28232,0.14948,0.054807,0.0051962,0.0020336,0.0067355
0.10608,0.13027,0.26749,0.33587,0.09186,0.049967,0.0031284,0.015335,0.22611,0.2652,0.25311,0.15105,0.072179,0.014556,0.0065861,0.011199
0.09043,0.11183,0.34916,0.29123,0.092949,0.043349,0.0050634,0.015994,0.20303,0.29693,0.2936,0.11978,0.056069,0.011854,0.0041566,0.014579
0.093379,0.11506,0.33059,0.32387,0.08685,0.037779,0.0055743,0.006899,0.23062,0.27761,0.25187,0.14574,0.068538,0.020546,0.0022069,0.0028752
0.076676,0.12006,0.33128,0.28753,0.11639,0.047271,0.0030833,0.017703,0.26368,0.24495,0.2687,0.11775,0.079977,0.0084365,0.0099538,0.0065584
0.07278,0.17511,0.31259,0.22271,0.12804,0.070804,0.0064646,0.011508,0.18369,0.23212,0.32751,0.15652,0.058479,0.026209,0.0052295,0.010248
0.097089,0.15143,0.33737,0.24185,0.12721,0.030393,0.0042307,0.010425,0.18251,0.2654,0.33315,0.10469,0.069924,0.033129,0.005327,0.0058778
0.061356,0.14839,0.33448,0.24719,0.13725,0.054645,0.0089902,0.0077003,0.23828,0.26607,0.29169,0.088863,0.074274,0.033785,0.0011207,0.0059208
0.075059,0.17315,0.35275,0.27594,0.081639,0.032164,0.0012506,0.0080404,0.24596,0.29858,0.29938,0.064056,0.058429,0.025635,0.0027384,0.0052144
0.059252,0.11533,0.33334,0.27975,0.13498,0.057033,0.0039935,0.016323,0.24097,0.28261,0.25205,0.068474,0.085279,0.054868,0.0050979,0.010644
0.06906,0.16006,0.27609,0.29162,0.12228,0.051924,0.0040572,0.024904,0.18947,0.29653,0.28199,0.10473,0.10786,0.014605,0.00052491,0.0042942
0.071285,0.16396,0.2965,0.2881,0.1004,0.051419,0.018226,0.010105,0.2016,0.3455,0.28068,0.085228,0.05868,0.022233,0.0018317,0.0042535
0.082539,0.13326,0.33835,0.27708,0.067941,0.062226,0.021725,0.016876,0.21562,0.35901,0.23531,0.091892,0.069236,0.0223,0.0041444,0.0024804
0.069766,0.19702,0.29274,0.25452,0.099956,0.050103,0.011579,0.024308,0.23948,0.27401,0.25861,0.11376,0.07393,0.02727,0.0058025,0.0071395
0.093239,0.19317,0.2742,0.2325,0.11139,0.067585,0.0008759,0.027053,0.25398,0.31939,0.2414,0.069344,0.072238,0.028179,0.0036238,0.011838
0.084713,0.179,0.29991,0.21321,0.12318,0.080782,0.00067283,0.018529,0.18468,0.31248,0.30283,0.11545,0.061646,0.014439,0.0038397,0.004628
0.076175,0.16453,0.29268,0.26432,0.099679,0.08142,0.0013057,0.019887,0.21027,0.31998,0.24183,0.12997,0.068179,0.021523,0.001546,0.0067035
0.087791,0.16295,0.28947,0.25672,0.10824,0.075919,0.0043133,0.014592,0.24125,0.28039,0.25784,0.12247,0.056307,0.032658,0.00079099,0.0083005
0.073863,0.13992,0.32288,0.26694,0.12443,0.052692,0.0069134,0.012356,0.1976,0.34006,0.25877,0.10005,0.075085,0.023673,0.00070425,0.0040548
0.090543,0.15757,0.2813,0.28391,0.10045,0.072769,0.0012217,0.012231,0.1305,0.34805,0.33299,0.10709,0.045746,0.025331,0.004618,0.0056809
0.10534,0.18541,0.24491,0.28823,0.096107,0.064305,0.00040368,0.015307,0.19901,0.288,0.30033,0.087072,0.097836,0.024589,0.00021013,0.0029553
0.08981,0.17527,0.2678,0.27542,0.11611,0.067128,0.00062937,0.0078397,0.22943,0.23422,0.32192,0.10122,0.092483,0.016293,0.00070475,0.0037341
0.076137,0.16306,0.27532,0.28649,0.10294,0.077657,0.0023433,0.016055,0.27513,0.26988,0.24455,0.09247,0.080817,0.034136,0.0024346,0.00058384
0.068405,0.19756,0.36363,0.22532,0.089339,0.03874,3.1612e-005,0.016973,0.27613,0.31355,0.24937,0.080913,0.052247,0.021094,0.0012672,0.0054266
0.067842,0.20602,0.31018,0.20258,0.11411,0.079363,0.00092924,0.018971,0.30824,0.25975,0.25891,0.099856,0.042194,0.016807,0.010629,0.0036147
0.059001,0.19087,0.31241,0.22359,0.1424,0.049517,0.00010985,0.022101,0.23887,0.30239,0.24029,0.12474,0.05902,0.025793,0.0038252,0.0050698
0.073627,0.17155,0.34103,0.22495,0.11859,0.063553,0.0019666,0.0047348,0.22986,0.29113,0.18735,0.158,0.090889,0.029404,0.011536,0.0018375
0.060301,0.1798,0.34239,0.26007,0.093847,0.046427,0.00047501,0.016685,0.20557,0.29385,0.25172,0.14826,0.064923,0.031677,0.0020027,0.0020001
0.070101,0.18244,0.30055,0.28505,0.094963,0.057902,0.00046183,0.0085246,0.2047,0.30451,0.21279,0.13155,0.074441,0.059894,0.0089734,0.0031369
0.069767,0.20226,0.25537,0.28987,0.087209,0.079274,8.4133e-008,0.016248,0.22655,0.3055,0.23498,0.12497,0.05935,0.030828,0.0036396,0.014174
0.074096,0.17139,0.287,0.27342,0.13337,0.034957,5.0084e-005,0.02571,0.1977,0.3272,0.26244,0.094474,0.067862,0.031869,0.0024151,0.016036
0.068775,0.17555,0.32509,0.26298,0.11835,0.037651,0.0001247,0.011487,0.19882,0.2719,0.2831,0.11484,0.080909,0.041916,0.0032178,0.005301
0.07674,0.17536,0.31411,0.26485,0.10692,0.040179,0.00013225,0.021707,0.28019,0.23321,0.31453,0.078071,0.056816,0.02136,0.0020756,0.013755
0.064654,0.14116,0.30394,0.30493,0.13819,0.030622,0.0028236,0.013677,0.22909,0.23775,0.27517,0.097499,0.12005,0.036124,0.00028164,0.0040364
0.071805,0.15356,0.26912,0.31209,0.11857,0.049077,0.0034708,0.022306,0.21136,0.28964,0.26418,0.094021,0.10616,0.027143,0.0031919,0.0043054
0.072917,0.14835,0.26163,0.33836,0.11489,0.033,0.0012047,0.029643,0.21837,0.27807,0.2296,0.14077,0.087518,0.036948,0.0017429,0.0069772
0.08787,0.14548,0.28226,0.32008,0.11368,0.034511,1.1725e-005,0.016106,0.22329,0.32478,0.23584,0.099651,0.060171,0.043133,0.010431,0.0027036
0.087381,0.15376,0.28775,0.27754,0.1368,0.033417,0.00020186,0.02315,0.25026,0.29329,0.25518,0.08057,0.076737,0.028183,0.0038193,0.011961
0.057333,0.15754,0.31734,0.27193,0.14458,0.037141,0.00038489,0.013748,0.22559,0.31012,0.2601,0.088422,0.068063,0.038117,0.0027671,0.0068218
0.063954,0.1839,0.30396,0.28211,0.10407,0.036157,0.0024364,0.023417,0.25174,0.29561,0.26546,0.08543,0.056102,0.029946,0.00042218,0.015288
0.085836,0.16999,0.34051,0.23808,0.11067,0.037681,0.0030875,0.014139,0.25563,0.31708,0.2603,0.066319,0.043346,0.036533,0.00011574,0.020675
0.1011,0.14211,0.3045,0.30048,0.097931,0.036107,0.004478,0.013303,0.24877,0.28666,0.28841,0.089265,0.037178,0.038497,0.0007383,0.01048
0.083311,0.15577,0.26381,0.36922,0.074962,0.038322,0.0048138,0.0097946,0.23803,0.31468,0.24549,0.13579,0.048971,0.015366,0.00055546,0.0011155
0.086855,0.17446,0.26687,0.33004,0.093006,0.035746,0.0040344,0.0089828,0.18064,0.3484,0.22713,0.1372,0.067447,0.031836,1.6208e-005,0.007333
0.10287,0.15355,0.28088,0.29035,0.10958,0.047183,0.0017018,0.013882,0.1831,0.32029,0.26879,0.12895,0.060661,0.030541,0.0027855,0.0048929
0.078111,0.14805,0.30487,0.28938,0.11586,0.026531,0.0042842,0.032914,0.21016,0.33126,0.27481,0.11452,0.038964,0.027865,0.00061242,0.0018078
0.083572,0.16033,0.33103,0.25137,0.12704,0.027124,0.0018205,0.017719,0.23533,0.32426,0.22269,0.13342,0.054472,0.027966,1.3467e-006,0.0018567
0.11018,0.12745,0.2718,0.3115,0.12266,0.03736,0.00085657,0.018208,0.27153,0.29601,0.17558,0.13404,0.082745,0.030561,0.001984,0.0075537
0.091598,0.18871,0.25605,0.31402,0.10372,0.030346,0.00059847,0.014964,0.24437,0.26718,0.23709,0.16194,0.066232,0.014603,8.0092e-006,0.0085843
0.075784,0.1502,0.32078,0.27955,0.1102,0.056217,0.0011861,0.0060851,0.22931,0.33544,0.16649,0.13745,0.093888,0.024709,0.0015325,0.011187
0.075077,0.14729,0.33006,0.29597,0.10704,0.032062,6.9474e-005,0.01243,0.21234,0.38188,0.20127,0.12832,0.048987,0.017875,0.0019753,0.0073564
0.061243,0.12209,0.34125,0.29946,0.12516,0.034138,1.1338e-005,0.016643,0.16837,0.3731,0.27084,0.10963,0.052897,0.020694,0.0028103,0.0016584
0.064309,0.13071,0.30993,0.28565,0.15707,0.033281,0.00049884,0.01855,0.16793,0.32882,0.29927,0.1247,0.035968,0.033479,0.0037719,0.0060561
0.089789,0.14657,0.33394,0.25176,0.1261,0.036785,1.6157e-005,0.015034,0.21151,0.26368,0.28184,0.12192,0.058742,0.046155,0.01014,0.0060216
0.06802,0.1394,0.32965,0.22417,0.15885,0.073328,0.00039678,0.0061825,0.21236,0.29217,0.24899,0.16438,0.039028,0.037542,0.0023054,0.0032227
0.038449,0.15849,0.27717,0.27883,0.17554,0.050678,0.0031055,0.017731,0.29377,0.25316,0.25519,0.1101,0.057992,0.022779,0.00032089,0.0066804
0.06262,0.10413,0.33623,0.31537,0.11787,0.047431,0.00042653,0.015926,0.23211,0.34523,0.19256,0.14856,0.065611,0.010503,0.0033234,0.0020979
0.11202,0.13353,0.25797,0.27596,0.13239,0.061113,0.00031778,0.026709,0.24668,0.32002,0.1902,0.15226,0.06364,0.015243,0.0038384,0.0081181
0.072889,0.12423,0.30706,0.3063,0.11367,0.057554,0.00058737,0.017714,0.21987,0.34868,0.22064,0.13917,0.052969,0.011715,0.0026414,0.0043175
0.12094,0.13781,0.28961,0.27951,0.10178,0.053605,0.0030083,0.013737,0.22564,0.32261,0.26662,0.12003,0.049803,0.0093295,0.00017993,0.0057827
0.12377,0.12665,0.24671,0.31204,0.097851,0.062201,0.0018648,0.028906,0.21477,0.34686,0.24933,0.12895,0.036969,0.021812,0.00064705,0.00065737
0.097128,0.11007,0.2821,0.29246,0.11856,0.088367,0.00083415,0.010492,0.20545,0.30261,0.22912,0.17836,0.048902,0.02935,0.00088228,0.0053268
0.098012,0.1323,0.29309,0.29836,0.10533,0.063614,0.0015782,0.0077258,0.2389,0.30698,0.23037,0.1113,0.045969,0.057777,3.903e-005,0.0086684
0.078683,0.15086,0.26063,0.30358,0.10758,0.073034,0.0068499,0.018788,0.2718,0.26248,0.21633,0.16335,0.035646,0.047842,9.7687e-007,0.0025519
0.091437,0.19588,0.21066,0.31504,0.10647,0.05644,0.0074506,0.016629,0.20404,0.283,0.2064,0.21,0.05614,0.036748,0.00049758,0.0031569
0.085378,0.19016,0.27104,0.26112,0.12823,0.043797,0.0052528,0.015027,0.23407,0.33092,0.21146,0.13207,0.079267,0.011814,2.9634e-008,0.0004046
0.049164,0.20147,0.29076,0.26598,0.12377,0.048865,0.0041885,0.015808,0.18349,0.33892,0.3306,0.088753,0.041469,0.010496,0.00061009,0.0056571
0.070441,0.16545,0.2889,0.28197,0.1344,0.041442,0.0048656,0.012539,0.18068,0.34368,0.27439,0.11545,0.068924,0.014397,0.00022141,0.002268
0.062942,0.17143,0.31601,0.25951,0.12063,0.048526,0.001951,0.01899,0.18115,0.31501,0.26692,0.11929,0.085535,0.030191,0.00095558,0.00094372
0.088672,0.19034,0.26901,0.25454,0.11722,0.070116,0.0013324,0.0087666,0.19405,0.25886,0.27279,0.13711,0.09639,0.024369,0.00046635,0.015956
0.068677,0.22068,0.26652,0.27011,0.095675,0.062391,0.0017958,0.014137,0.18427,0.30548,0.26547,0.15208,0.064601,0.022016,0.001794,0.0042885
0.064108,0.14146,0.31532,0.26209,0.13676,0.067429,0.0060957,0.006738,0.22022,0.33235,0.26504,0.10801,0.053378,0.015455,0.0024866,0.0030574
0.060073,0.19649,0.25951,0.29626,0.10992,0.045283,0.0055184,0.026942,0.20343,0.32873,0.24685,0.12128,0.067626,0.02,4.7147e-006,0.012085
0.07968,0.17405,0.30001,0.26247,0.11751,0.035766,0.00056381,0.029958,0.21669,0.26876,0.25857,0.14112,0.088056,0.020634,0.0028789,0.0032891
0.10183,0.15735,0.29711,0.23604,0.13757,0.043335,0.0016046,0.025172,0.20726,0.32413,0.22701,0.14673,0.061511,0.023385,0.0073584,0.0026009
0.11222,0.15959,0.32662,0.23857,0.09526,0.048558,0.0023188,0.016864,0.25181,0.23813,0.24429,0.17765,0.037703,0.021395,0.016869,0.012159
0.10358,0.13494,0.28292,0.25881,0.10453,0.086107,0.0056008,0.023508,0.29858,0.23917,0.28232,0.11151,0.041008,0.013808,0.00061949,0.012982
0.067926,0.14391,0.27037,0.32038,0.13353,0.049498,0.0065663,0.0078176,0.25077,0.27994,0.24565,0.14375,0.039314,0.029095,0.00075076,0.010723
0.089226,0.14465,0.25154,0.32211,0.1458,0.037667,0.0008428,0.008166,0.27564,0.23135,0.23498,0.1802,0.031157,0.034638,0.005561,0.0064664
0.089631,0.18489,0.23387,0.23998,0.13682,0.084631,0.0022331,0.02795,0.28403,0.24873,0.22434,0.12618,0.045676,0.063993,0.00062958,0.0064188
0.10266,0.1997,0.24451,0.26956,0.098172,0.073276,0.0013542,0.010764,0.26905,0.25709,0.24104,0.12809,0.051235,0.037206,0.005147,0.011148
0.074052,0.16168,0.26158,0.29901,0.11479,0.072607,4.8883e-005,0.016232,0.20945,0.29597,0.31147,0.084728,0.059118,0.028903,0.0015014,0.0088667
0.097892,0.17093,0.24764,0.2697,0.11813,0.07945,0.0081064,0.0081506,0.15328,0.32756,0.27444,0.13204,0.059008,0.041096,0.0064487,0.0061341
0.048997,0.1482,0.31342,0.26009,0.14443,0.072544,0.0049355,0.0073828,0.17395,0.30523,0.28105,0.13963,0.054176,0.037395,0.0036457,0.0049206
0.062647,0.16016,0.30743,0.27203,0.12645,0.053308,0.0060727,0.01189,0.17945,0.3279,0.29999,0.12273,0.033729,0.027528,0.0012842,0.0073912
0.050431,0.15514,0.28733,0.28642,0.13648,0.063419,0.0051268,0.015655,0.22323,0.32401,0.23528,0.1389,0.05011,0.01083,0.012652,0.0049984
0.05301,0.18814,0.26382,0.30684,0.11271,0.044802,0.013592,0.017086,0.19495,0.27368,0.31597,0.1431,0.057853,0.01009,0.0014208,0.0029375
0.099637,0.15674,0.25656,0.26518,0.1037,0.094588,0.0071142,0.016484,0.15846,0.28089,0.30221,0.13527,0.081066,0.030617,0.0093953,0.0020927
0.092538,0.13376,0.31316,0.26868,0.11715,0.058954,0.0071131,0.0086497,0.21468,0.36018,0.19926,0.12173,0.069246,0.033822,0.00031859,0.00076775
0.067678,0.16028,0.36829,0.27676,0.06358,0.052065,0.0014608,0.0098916,0.22954,0.26514,0.23867,0.14286,0.092894,0.022345,0.00388,0.0046675
0.093591,0.14549,0.30556,0.28749,0.10266,0.043123,0.0019414,0.020144,0.20321,0.28281,0.31135,0.10054,0.069465,0.025661,0.0013686,0.0056024
0.10019,0.12908,0.27351,0.32056,0.11534,0.03919,0.0029967,0.01913,0.21196,0.331,0.24445,0.11802,0.066548,0.021092,0.0041657,0.0027658
0.068127,0.17783,0.27741,0.30532,0.12607,0.028337,0.0026514,0.014249,0.23573,0.28916,0.23039,0.12066,0.07652,0.040287,0.00036987,0.0068852
0.078023,0.17247,0.24948,0.2914,0.14476,0.042098,0.009062,0.012715,0.22712,0.25637,0.29025,0.07412,0.082878,0.059417,0.0026953,0.007154
0.07128,0.11111,0.30767,0.31979,0.11349,0.058627,0.00028614,0.017742,0.21217,0.29133,0.23215,0.11713,0.10182,0.041407,0.0014027,0.0026039
0.040403,0.14694,0.40499,0.25153,0.091939,0.044515,0.00070433,0.018982,0.2563,0.29337,0.21671,0.090616,0.10726,0.019364,0.012576,0.0038047
0.07525,0.13273,0.33048,0.29289,0.087288,0.063018,5.0967e-005,0.018291,0.27509,0.2815,0.23898,0.092078,0.085726,0.022897,0.00045955,0.0032789
0.080537,0.18286,0.27506,0.26459,0.13973,0.037459,0.001315,0.018452,0.23163,0.33224,0.2346,0.08887,0.087966,0.016047,1.0905e-005,0.0086403
0.076746,0.20737,0.30416,0.2309,0.10223,0.060288,0.0024383,0.015868,0.26086,0.25283,0.23681,0.1617,0.061502,0.019785,0.00011171,0.006397
0.081462,0.1831,0.30332,0.2308,0.15136,0.042523,0.00047277,0.0069553,0.24107,0.23822,0.26763,0.14162,0.076,0.027278,0.00025743,0.0079262
0.081251,0.14983,0.31192,0.28511,0.11082,0.046154,0.0015118,0.0134,0.2738,0.24279,0.28066,0.13349,0.038863,0.018864,1.612e-006,0.011525
0.085522,0.12525,0.28645,0.29482,0.14429,0.042123,0.00092959,0.020613,0.2931,0.22007,0.22193,0.15869,0.050281,0.037924,0.0056659,0.012342
0.069817,0.14504,0.32081,0.3027,0.088982,0.054951,0.00078319,0.01692,0.26993,0.23238,0.25574,0.11008,0.079549,0.042032,0.0061029,0.0041977
0.080609,0.15775,0.28179,0.30485,0.099801,0.050849,0.00043372,0.023908,0.22075,0.238,0.26621,0.11643,0.11685,0.037238,1.0724e-007,0.0045172
0.08746,0.15552,0.3174,0.23052,0.08373,0.085802,0.0015671,0.038,0.22097,0.24712,0.28787,0.13772,0.070101,0.030911,0.00067901,0.0046278
0.060495,0.14012,0.35236,0.28448,0.084243,0.05851,0.0014773,0.018316,0.24049,0.24757,0.24484,0.13682,0.10417,0.023049,0.0016307,0.0014366
0.10587,0.18074,0.3072,0.23299,0.12125,0.033386,0.0024636,0.016102,0.2449,0.25483,0.29831,0.08807,0.096414,0.015061,0.0011765,0.0012358
0.089076,0.17169,0.29939,0.2614,0.12535,0.044532,0.0014759,0.0070861,0.22442,0.26499,0.27081,0.13781,0.07668,0.018222,0.0005856,0.0064844
0.089667,0.18704,0.28203,0.24813,0.13307,0.041423,0.005089,0.01355,0.2317,0.2565,0.23,0.1632,0.073545,0.032741,0.0027101,0.009614
0.073939,0.1617,0.32099,0.26296,0.099877,0.05144,0.0096133,0.019482,0.1781,0.32814,0.24973,0.1465,0.058826,0.026873,0.00046137,0.011357
0.066911,0.15133,0.30258,0.26392,0.10106,0.068627,0.0069009,0.038677,0.19635,0.28009,0.22269,0.17962,0.064842,0.042786,0.0094876,0.0041346
0.051308,0.17175,0.34238,0.25722,0.10597,0.036592,0.0015545,0.03322,0.22905,0.30999,0.22192,0.11547,0.058031,0.046718,0.0074053,0.011404
0.056805,0.17529,0.34804,0.24743,0.10842,0.048525,0.0051356,0.01036,0.21263,0.30386,0.22245,0.12101,0.091195,0.032493,0.0088294,0.0075255
0.039956,0.14421,0.39455,0.23887,0.11949,0.037416,0.014828,0.010678,0.21198,0.29784,0.27846,0.12284,0.057126,0.026375,0.0017184,0.0036614
0.051097,0.17669,0.3105,0.25562,0.13039,0.050691,0.00149,0.023526,0.20946,0.30087,0.27184,0.096594,0.072314,0.035548,0.0083647,0.0050114
0.045451,0.19633,0.32903,0.24667,0.11023,0.034049,0.0055673,0.032676,0.18748,0.32412,0.25514,0.09783,0.095379,0.0235,0.0039117,0.012633
0.051605,0.1788,0.35298,0.26767,0.10924,0.033925,0.00028383,0.0055051,0.23082,0.27721,0.22705,0.11371,0.1057,0.032935,0.00017228,0.012401
0.080716,0.12799,0.35962,0.30015,0.07743,0.040282,0.00058793,0.013222,0.22863,0.26976,0.25621,0.13153,0.067075,0.045124,0.00047308,0.0011969
0.052696,0.17813,0.33086,0.28165,0.10155,0.043181,0.00061353,0.011321,0.181,0.29538,0.29449,0.12451,0.067317,0.033327,0.0016106,0.0023735
0.055789,0.12629,0.34107,0.28966,0.11757,0.049333,0.0060776,0.014211,0.19714,0.23191,0.33391,0.1155,0.097308,0.014397,2.8026e-006,0.0098262
0.045089,0.11148,0.32684,0.31236,0.14315,0.040603,0.0012276,0.019265,0.1989,0.27088,0.32131,0.08619,0.1022,0.016381,0.0011194,0.0030186
0.053625,0.12919,0.31003,0.28554,0.13871,0.06906,8.1685e-009,0.01384,0.26238,0.3082,0.22815,0.11571,0.069837,0.011274,2.6638e-006,0.0044426
0.091425,0.17704,0.2784,0.27294,0.10036,0.060573,0.0007553,0.018502,0.21629,0.28766,0.24745,0.15371,0.066355,0.025086,1.4895e-008,0.0034564
0.087433,0.15846,0.27941,0.24916,0.1435,0.062688,0.0049973,0.014348,0.26865,0.27775,0.20856,0.17195,0.062314,0.0093487,0.0011931,0.00022547
0.070515,0.16128,0.28769,0.28446,0.13473,0.045771,0.0019702,0.013581,0.23787,0.27776,0.27961,0.15885,0.035772,0.0096592,3.7884e-009,0.00047962
0.062584,0.19028,0.25336,0.31376,0.1143,0.043958,0.00011555,0.021643,0.2203,0.27801,0.23082,0.17461,0.068628,0.020308,0.0026018,0.0047287
0.081176,0.14184,0.30712,0.30546,0.11243,0.039885,6.2691e-008,0.012086,0.22262,0.28279,0.26038,0.17206,0.036694,0.018512,0.0014509,0.0054979
0.050886,0.19219,0.31887,0.27246,0.089508,0.058149,0.0026783,0.015263,0.24016,0.26357,0.2646,0.11334,0.079205,0.035545,0.0014788,0.0021087
0.07717,0.15282,0.30532,0.29022,0.091078,0.056833,0.00038462,0.026177,0.26597,0.2668,0.24822,0.089493,0.0864,0.030303,0.0029162,0.0099
0.061873,0.15306,0.32511,0.28764,0.066792,0.074733,0.00177,0.029032,0.23942,0.25266,0.28569,0.10663,0.048558,0.038735,0.0047007,0.023612
0.084074,0.11419,0.36251,0.24896,0.084455,0.084341,0.00026307,0.021209,0.23405,0.29876,0.25959,0.10262,0.057664,0.038193,0.00081726,0.008302
0.064455,0.15276,0.33705,0.2657,0.090408,0.060252,0.00081006,0.028553,0.19158,0.34358,0.23669,0.11784,0.058382,0.023507,0.0039104,0.024503
0.06579,0.14337,0.30365,0.28101,0.074928,0.085158,0.0038253,0.042265,0.17702,0.33982,0.23453,0.1148,0.062864,0.028069,0.0092876,0.033609
0.043322,0.1534,0.33912,0.29375,0.099169,0.05426,0.001944,0.015036,0.19913,0.4241,0.24888,0.058962,0.047195,0.0091162,0.0027889,0.0098391
0.078077,0.16136,0.30014,0.29863,0.083332,0.055628,0.0034987,0.019335,0.21924,0.34385,0.22408,0.10515,0.064846,0.031509,0.0006805,0.010645
0.055963,0.17686,0.27407,0.29817,0.10059,0.049966,0.0065232,0.037853,0.21598,0.33015,0.21724,0.10586,0.07683,0.049718,0.00092739,0.0033015
0.090486,0.14547,0.29947,0.31978,0.08227,0.036146,0.00088495,0.025497,0.2213,0.30469,0.21065,0.10572,0.12772,0.027729,0.00010509,0.0020822
0.069648,0.17196,0.364,0.22452,0.092762,0.061641,0.0012628,0.014208,0.2647,0.28752,0.24151,0.083157,0.095142,0.021555,0.0033279,0.003091
0.10987,0.17631,0.31142,0.23729,0.10679,0.041852,0.001664,0.014805,0.22621,0.30205,0.26056,0.094427,0.077635,0.027847,0.0011523,0.010128
0.066295,0.15234,0.31629,0.26936,0.12138,0.043709,0.00095868,0.029672,0.2444,0.32301,0.2802,0.076178,0.049527,0.026382,0.00012893,0.00017131
0.04868,0.23011,0.28665,0.26752,0.098555,0.048403,0.002661,0.017414,0.23282,0.33722,0.23687,0.095505,0.072675,0.020413,0.0019717,0.0025325
0.028967,0.18374,0.29845,0.26034,0.13031,0.062837,0.00046106,0.03489,0.23027,0.34257,0.25283,0.079514,0.066729,0.020752,5.8068e-006,0.0073233
0.051932,0.18976,0.30404,0.2319,0.11572,0.079939,0.0046021,0.022096,0.25284,0.32697,0.23814,0.058597,0.087709,0.019402,0.00037779,0.015964
0.058373,0.14194,0.36608,0.23162,0.091701,0.074467,0.0060801,0.029734,0.24369,0.315,0.2488,0.066722,0.08603,0.029479,0.00031861,0.0099642
0.08569,0.16563,0.34615,0.2541,0.086923,0.046892,0.00065092,0.013959,0.24884,0.3454,0.24707,0.054759,0.078552,0.019103,0.0022268,0.0040497
0.05434,0.16351,0.35248,0.24794,0.10392,0.066066,0.0010263,0.01072,0.23682,0.28069,0.2848,0.06285,0.0874,0.038491,0.0051661,0.0037764
0.067883,0.14866,0.2908,0.30777,0.11175,0.059902,0.0025123,0.010728,0.2225,0.25686,0.32761,0.097342,0.061836,0.026101,0.0024944,0.0052519
0.047954,0.19013,0.25963,0.26981,0.12467,0.084381,0.0021119,0.021321,0.25997,0.25375,0.28136,0.10004,0.089851,0.0084777,0.0039421,0.0026082
0.058255,0.18025,0.27234,0.25615,0.10172,0.096186,0.0028853,0.032218,0.19491,0.28786,0.32004,0.10479,0.073204,0.013538,0.0030104,0.0026507
0.065596,0.14979,0.31512,0.25767,0.10751,0.08,0.0024715,0.021837,0.21355,0.27159,0.31078,0.10946,0.067984,0.015172,0.0061042,0.0053683
0.073011,0.13717,0.32117,0.29472,0.094431,0.067129,7.8847e-005,0.012291,0.20591,0.27557,0.31352,0.10511,0.078177,0.012384,0.0033201,0.0060072
0.055797,0.16142,0.27847,0.29761,0.14043,0.050654,0.00057485,0.015041,0.27141,0.23922,0.30794,0.088593,0.071255,0.0070653,0.0042928,0.01023
0.056969,0.19756,0.26599,0.28271,0.095151,0.066253,0.002623,0.032744,0.22246,0.20245,0.31876,0.12033,0.101,0.0093867,0.0056002,0.020009
0.07475,0.17074,0.22748,0.33772,0.094121,0.07706,0.0080047,0.010121,0.21816,0.26387,0.28269,0.097479,0.070185,0.021129,0.00055522,0.045938
0.062222,0.17554,0.23932,0.33809,0.123,0.047788,0.0089342,0.0050976,0.30372,0.24723,0.24626,0.086338,0.094986,0.0081872,0.0081652,0.0051076
0.061857,0.20022,0.2974,0.26418,0.098971,0.065259,0.0059679,0.0061413,0.26855,0.24958,0.27874,0.082592,0.10079,0.0090564,0.0041306,0.0065503
0.053872,0.15909,0.29964,0.30038,0.13672,0.042782,0.00041679,0.0071134,0.24761,0.28028,0.25286,0.085841,0.081761,0.033759,0.0023495,0.015537
0.047786,0.15935,0.29585,0.29522,0.12962,0.048047,8.4484e-005,0.024048,0.24578,0.27009,0.27117,0.095073,0.068517,0.03373,0.00404,0.011599
0.071198,0.13331,0.28788,0.27714,0.14583,0.071998,0.0043319,0.008304,0.21051,0.27545,0.26306,0.12242,0.079051,0.027917,0.012336,0.0092541
0.073614,0.14215,0.28269,0.28475,0.13378,0.062685,0.0031646,0.017165,0.18622,0.25342,0.24863,0.15973,0.095255,0.020279,0.014954,0.021501
0.11246,0.14708,0.30823,0.20695,0.15003,0.059934,0.0055587,0.0097453,0.20102,0.21723,0.33604,0.16229,0.074049,0.0071036,0.001473,0.0007865
0.085661,0.13287,0.35726,0.2342,0.1075,0.056556,0.0098415,0.016115,0.21717,0.27026,0.28083,0.1306,0.046699,0.017286,0.0098207,0.027343
0.065382,0.16583,0.30362,0.25931,0.13451,0.059236,0.0024103,0.0097036,0.21545,0.27721,0.26312,0.12751,0.0738,0.025831,0.0001431,0.016944
0.044812,0.13028,0.33954,0.29025,0.10793,0.074766,0.0012429,0.011171,0.25411,0.26165,0.23943,0.12553,0.071472,0.032304,0.0047717,0.01074
0.090983,0.13824,0.27939,0.28407,0.10911,0.078927,0.0098889,0.0093986,0.21028,0.27273,0.28275,0.10729,0.065232,0.057882,0.00077564,0.0030572
0.087845,0.18501,0.22983,0.2862,0.11312,0.082107,0.001587,0.014305,0.24371,0.31077,0.25474,0.088651,0.056358,0.037764,0.0024904,0.0055172
0.094367,0.16853,0.2273,0.27802,0.11249,0.080122,0.02279,0.016394,0.20248,0.29366,0.28278,0.11246,0.068215,0.030706,0.0016883,0.0080028
0.10526,0.13182,0.27063,0.29343,0.11215,0.070326,0.0070018,0.0093771,0.21392,0.30829,0.31794,0.080122,0.04866,0.023985,0.0029045,0.0041795
0.092422,0.11867,0.27994,0.31746,0.097102,0.063484,0.0029065,0.028001,0.18727,0.28084,0.30027,0.13243,0.055562,0.040651,0.00019527,0.0027885
0.10266,0.16302,0.27079,0.26006,0.12175,0.05759,0.0074633,0.016664,0.20868,0.25717,0.26429,0.20182,0.039037,0.025052,0.0011087,0.0028321
0.054807,0.14102,0.30919,0.29384,0.094094,0.086402,0.0045109,0.016132,0.18274,0.31016,0.28374,0.13935,0.064832,0.016656,1.2299e-007,0.0025156
0.058967,0.13379,0.28831,0.30257,0.10178,0.08718,0.0024792,0.024914,0.18857,0.30979,0.28144,0.098855,0.08879,0.02778,3.4632e-005,0.004742
0.08448,0.14749,0.302,0.26148,0.10536,0.063343,0.0085334,0.027307,0.21599,0.2826,0.31899,0.096812,0.047258,0.021009,0.0022737,0.015074
0.092525,0.12041,0.30258,0.27472,0.11538,0.054178,0.0026916,0.037519,0.27847,0.23176,0.28201,0.12181,0.030759,0.03614,0.0057374,0.013318
0.075921,0.14978,0.32033,0.28065,0.10417,0.046964,0.0058597,0.016324,0.18901,0.25638,0.31901,0.11843,0.073169,0.032396,0.00024719,0.011349
0.054877,0.13033,0.37409,0.27186,0.087118,0.059597,0.0034107,0.018722,0.19459,0.2831,0.28879,0.14514,0.07465,0.0072637,1.4118e-005,0.0064507
0.08261,0.14962,0.31854,0.27179,0.093931,0.067218,0.00010679,0.016189,0.18079,0.26777,0.30223,0.096034,0.1283,0.01692,0.004415,0.0035465
0.088844,0.15473,0.31354,0.29078,0.088678,0.047861,0.0023333,0.013224,0.21105,0.27854,0.25792,0.12169,0.090311,0.036297,0.00099426,0.0031932
0.07616,0.18367,0.30158,0.26107,0.083249,0.079115,0.00015528,0.015004,0.2417,0.28595,0.24219,0.13291,0.069119,0.025688,0.00033089,0.0021081
0.076696,0.17876,0.3428,0.23852,0.10214,0.047705,0.003541,0.0098351,0.22109,0.33293,0.22145,0.10986,0.07365,0.038802,0.00065289,0.0015566
0.093939,0.14275,0.28259,0.29908,0.10536,0.057657,0.00033111,0.018297,0.22493,0.36295,0.20689,0.12348,0.047324,0.029153,0.0025917,0.002675
0.088297,0.13488,0.2741,0.32882,0.10448,0.050463,0.00017173,0.018787,0.25412,0.31387,0.23639,0.10867,0.063335,0.01812,0.0013836,0.0041085
0.060126,0.12581,0.27769,0.35317,0.094631,0.077864,0.00059962,0.010113,0.30574,0.26655,0.20726,0.11238,0.07937,0.015881,4.8647e-006,0.012808
0.076335,0.12793,0.28409,0.31834,0.10781,0.072394,0.0032148,0.0098779,0.2667,0.28547,0.21858,0.13801,0.048474,0.028387,0.003798,0.010578
0.096012,0.13627,0.27382,0.29239,0.12872,0.057176,8.2188e-005,0.015525,0.26595,0.36696,0.20633,0.091232,0.046724,0.01449,0.0053829,0.0029272
0.096092,0.11642,0.30224,0.2722,0.134,0.064257,0.0026669,0.012125,0.27417,0.26611,0.25984,0.12763,0.054491,0.0068443,0.00068964,0.010211
0.087663,0.15154,0.32571,0.2297,0.13061,0.059411,0.0011753,0.014185,0.26527,0.3091,0.23128,0.11525,0.043924,0.015746,0.00043572,0.018995
0.095414,0.13914,0.31378,0.23229,0.14031,0.069883,0.0029663,0.0062114,0.18824,0.33909,0.26866,0.093007,0.06571,0.033892,0.0012463,0.010157
0.083987,0.14168,0.31689,0.28962,0.087578,0.064894,0.00017755,0.015174,0.20945,0.28439,0.2705,0.11616,0.086397,0.023286,0.0047351,0.0050841
0.052858,0.14311,0.30274,0.30782,0.10795,0.063779,0.001261,0.020477,0.15002,0.29087,0.33346,0.115,0.051064,0.038832,0.0085262,0.012231
0.043483,0.13429,0.31114,0.29339,0.13297,0.066,0.0054201,0.01331,0.18852,0.25872,0.255,0.1661,0.08862,0.026631,0.0047936,0.011619
0.084936,0.11068,0.26886,0.34913,0.098563,0.060403,0.0059842,0.021446,0.21403,0.27407,0.2789,0.11726,0.086307,0.023193,0.0011937,0.0050416
0.070759,0.14194,0.26285,0.36079,0.097207,0.055841,0.0021057,0.0085091,0.2148,0.26033,0.27955,0.13457,0.051851,0.04013,0.0079627,0.010808
0.088546,0.15051,0.32601,0.25743,0.11796,0.049931,0.0025081,0.0071026,0.20889,0.27679,0.28482,0.10333,0.093185,0.028313,0.0013744,0.0032938
0.065036,0.14287,0.25227,0.33462,0.096027,0.078943,0.0019445,0.028291,0.20485,0.29969,0.2349,0.13282,0.092407,0.025169,0.0015219,0.0086382
0.050177,0.17162,0.24703,0.3367,0.086007,0.084876,0.0021512,0.021433,0.22131,0.31408,0.19529,0.13674,0.084974,0.039219,0.0037724,0.0046098
0.039086,0.16669,0.32196,0.30392,0.1016,0.044142,0.0013312,0.021265,0.21237,0.33453,0.22099,0.12857,0.054137,0.042425,0.0026907,0.004293
0.048614,0.21599,0.24039,0.302,0.10089,0.062991,0.00023402,0.028892,0.29309,0.28038,0.21946,0.10134,0.053989,0.032576,0.001788,0.017377
0.048468,0.23172,0.27628,0.27971,0.097158,0.056101,0.0012925,0.0092716,0.30519,0.28227,0.20083,0.10752,0.077969,0.014371,0.0028342,0.0090174
0.071087,0.22046,0.23376,0.33256,0.091218,0.033524,0.0031349,0.014256,0.26148,0.30114,0.22434,0.12014,0.069486,0.012955,0.00046392,0.010002
0.064724,0.1562,0.27432,0.36805,0.093342,0.03392,0.0017246,0.0077113,0.23619,0.28024,0.20898,0.1343,0.10353,0.027508,0.002111,0.0071382
0.077099,0.17753,0.25951,0.29322,0.13564,0.045429,0.00093209,0.010638,0.27988,0.29914,0.25811,0.070251,0.057149,0.016705,0.010631,0.0081363
0.066757,0.15427,0.26144,0.31131,0.16728,0.025818,4.1467e-005,0.013085,0.20435,0.36969,0.19369,0.10504,0.093507,0.0086189,0.0037364,0.021367
0.065753,0.16683,0.29314,0.30809,0.13258,0.023248,0.00039936,0.009956,0.19633,0.31976,0.22563,0.11616,0.091704,0.038282,0.00114,0.010988
0.055977,0.15383,0.29829,0.30768,0.13901,0.019544,8.081e-006,0.025665,0.24976,0.28421,0.19912,0.11516,0.077445,0.04478,0.0087009,0.020825
0.062472,0.15796,0.28777,0.31077,0.14236,0.021519,5.1847e-006,0.017147,0.2449,0.2726,0.23624,0.11776,0.08579,0.019272,0.010414,0.013018
0.083856,0.17253,0.32146,0.26657,0.10122,0.032589,0.00049026,0.021289,0.22966,0.3303,0.19126,0.11068,0.075112,0.031359,0.0057955,0.025837
0.057784,0.18025,0.32009,0.25188,0.13623,0.040518,0.0027206,0.010522,0.27878,0.25984,0.23728,0.11257,0.069915,0.032655,0.001083,0.0078908
0.044152,0.1454,0.31995,0.33227,0.10614,0.040005,0.0013469,0.010734,0.20359,0.29319,0.22148,0.12731,0.1161,0.022972,0.0070762,0.0082742
0.061502,0.14377,0.32325,0.3343,0.098505,0.025969,0.00093106,0.011773,0.20082,0.2693,0.29156,0.12346,0.08886,0.017268,0.0015462,0.0071811
0.06972,0.17713,0.32819,0.30222,0.073829,0.0306,0.0028801,0.015431,0.22677,0.32986,0.19886,0.12356,0.07599,0.029957,0.0043926,0.010608
0.078138,0.1598,0.33978,0.27326,0.099634,0.029503,0.00024438,0.019637,0.22093,0.31123,0.19352,0.10458,0.085445,0.064925,0.0019645,0.017403
0.096306,0.15295,0.37672,0.25419,0.081553,0.027888,0.00048277,0.0099033,0.24792,0.33166,0.19789,0.096166,0.087841,0.018709,0.0052939,0.014513
0.097138,0.10889,0.32262,0.30155,0.10987,0.042384,0.002149,0.015398,0.22496,0.29338,0.23974,0.11799,0.051143,0.060911,0.0022304,0.0096447
0.077825,0.13196,0.35258,0.28273,0.093215,0.04539,0.00018958,0.016119,0.21316,0.32849,0.20238,0.14646,0.062132,0.035032,0.0043278,0.0080158
0.091207,0.13649,0.32878,0.27038,0.10563,0.04957,0.0049751,0.012963,0.24034,0.27039,0.23496,0.13245,0.045854,0.054331,0.0030227,0.018647
0.07694,0.12392,0.31913,0.29959,0.12253,0.04276,0.0076961,0.0074242,0.21844,0.34721,0.23503,0.12533,0.046373,0.021026,0.00067553,0.0059094
0.073363,0.099849,0.34527,0.32867,0.10173,0.035187,0.003221,0.012702,0.23422,0.25829,0.2319,0.15984,0.062655,0.040674,0.010151,0.0022734
0.068417,0.069705,0.39136,0.29455,0.11985,0.046476,0.0028175,0.0068339,0.22716,0.25942,0.27477,0.13315,0.05956,0.025599,0.010274,0.010073
0.052628,0.081756,0.33,0.34636,0.12657,0.036776,0.0031423,0.022768,0.22236,0.2929,0.2425,0.12995,0.078518,0.021677,0.0018652,0.010228
0.10793,0.086213,0.33359,0.28147,0.11668,0.050083,0.0066742,0.017367,0.22848,0.36118,0.20457,0.098415,0.089212,0.013951,0.00055016,0.003636
0.073709,0.14976,0.33487,0.27834,0.11073,0.038492,0.0012458,0.01285,0.21973,0.32625,0.26388,0.097259,0.060582,0.0098424,0.0025025,0.019956
0.06522,0.14915,0.31518,0.29539,0.10562,0.038331,0.0010494,0.030058,0.1755,0.36472,0.30775,0.060742,0.066799,0.0046925,0.011495,0.0082991
0.068109,0.17482,0.32842,0.27171,0.11444,0.027217,3.2909e-005,0.015256,0.16464,0.3076,0.29574,0.1158,0.087495,0.013209,0.0059641,0.0095502
0.10498,0.1375,0.35765,0.24646,0.1096,0.036108,0.0012365,0.0064645,0.23753,0.32225,0.26261,0.075703,0.083718,0.011485,0.0029718,0.0037314
0.090604,0.1202,0.35139,0.2794,0.090954,0.030049,0.0062645,0.031132,0.2052,0.3393,0.25305,0.070017,0.083359,0.037826,0.00036783,0.010881
0.080433,0.12164,0.31406,0.30984,0.11459,0.041396,0.0033671,0.014672,0.24086,0.28373,0.2605,0.084976,0.088407,0.032039,0.00091989,0.0085627
0.094652,0.13826,0.36047,0.25294,0.090823,0.032105,0.001962,0.028776,0.18353,0.31232,0.30743,0.11422,0.051765,0.021183,0.0012023,0.0083476
0.091454,0.15697,0.33773,0.24349,0.10637,0.045876,0.0017195,0.016382,0.18207,0.33489,0.26737,0.11381,0.059661,0.017328,0.0019227,0.022963
0.048502,0.17212,0.35676,0.25015,0.097019,0.040101,0.0034629,0.031888,0.2174,0.33689,0.20866,0.1013,0.070664,0.049358,0.0090288,0.0066916
0.056206,0.18051,0.31887,0.26778,0.1121,0.034648,0.0096501,0.020242,0.21329,0.34335,0.22298,0.13798,0.044123,0.0101,0.0047978,0.023381
0.064749,0.14562,0.31277,0.31165,0.092338,0.057432,0.0022197,0.013221,0.19608,0.2714,0.22455,0.18949,0.073982,0.019435,7.7754e-008,0.025058
0.028417,0.15303,0.31154,0.30865,0.14021,0.033246,0.0062176,0.018674,0.27065,0.27029,0.24355,0.13413,0.066172,0.0095775,6.6677e-006,0.0056222
0.085964,0.11111,0.29485,0.30853,0.13788,0.042981,0.0044571,0.01423,0.21092,0.26516,0.28491,0.097641,0.11627,0.020485,0.0038033,0.00081093
0.065154,0.15581,0.3072,0.25854,0.14505,0.040576,0.00046346,0.027207,0.25448,0.26938,0.28102,0.099956,0.067701,0.013295,0.007473,0.006694
0.074444,0.10788,0.3414,0.30139,0.11413,0.038958,0.0029938,0.018796,0.24483,0.32786,0.26077,0.071203,0.046856,0.019892,0.00012468,0.028462
0.069587,0.12543,0.29385,0.32359,0.11457,0.053709,5.7795e-005,0.019214,0.29104,0.25172,0.23997,0.091812,0.086249,0.022953,0.00074893,0.015507
0.08873,0.10959,0.32273,0.29402,0.093023,0.074494,4.8067e-005,0.017364,0.25576,0.26475,0.22318,0.12692,0.083451,0.034139,0.0073498,0.0044442
0.097422,0.15067,0.28953,0.30438,0.084253,0.05175,6.4618e-005,0.021923,0.2541,0.31226,0.19899,0.12043,0.072082,0.0257,0.0094287,0.0070147
0.075453,0.11536,0.31456,0.33794,0.083394,0.064896,0.00013481,0.0082604,0.25263,0.27105,0.23692,0.096367,0.10547,0.031228,0.0018624,0.0044748
0.080851,0.10868,0.36127,0.2892,0.10528,0.033723,0.00060421,0.020396,0.24045,0.34598,0.17216,0.05022,0.10612,0.066289,0.00053597,0.018256
0.071819,0.16722,0.36317,0.24943,0.094458,0.026539,0.00027811,0.027076,0.26381,0.33175,0.20463,0.07456,0.098146,0.016303,0.0051484,0.0056509
0.06481,0.17354,0.33919,0.27249,0.10032,0.035213,0.0018266,0.012615,0.23898,0.29801,0.24191,0.12456,0.067658,0.01724,0.0030865,0.0085486
0.086813,0.12925,0.29912,0.28659,0.13457,0.058979,0.0009645,0.0037146,0.22738,0.28916,0.25165,0.15173,0.056307,0.016909,0.0020991,0.0047674
0.072582,0.1437,0.33919,0.24748,0.12436,0.052249,0.0002547,0.020188,0.31348,0.23514,0.25286,0.13346,0.046123,0.007936,0.00407,0.0069326
0.056317,0.14138,0.39975,0.23529,0.11292,0.028963,8.6996e-005,0.025286,0.2942,0.24206,0.24659,0.12234,0.063068,0.01284,0.010115,0.0087858
0.06563,0.10392,0.36959,0.30242,0.092128,0.046201,0.00081655,0.019299,0.25246,0.26113,0.22763,0.15672,0.082736,0.0041553,0.0040868,0.011086
0.085401,0.1409,0.29431,0.25668,0.11475,0.068991,0.0070754,0.031891,0.21957,0.27302,0.19166,0.14936,0.10715,0.041815,0.0048074,0.012617
0.089583,0.13632,0.30432,0.28797,0.10256,0.059718,0.0028271,0.016693,0.20837,0.31888,0.19925,0.14296,0.080987,0.042894,0.0012196,0.0054288
0.096817,0.11209,0.31015,0.32451,0.094663,0.042329,0.0035315,0.015912,0.2824,0.28949,0.22764,0.090061,0.053699,0.024495,0.010929,0.021285
0.091009,0.097508,0.32095,0.34093,0.079659,0.059759,0.0013811,0.0088045,0.23355,0.35251,0.20239,0.099788,0.062266,0.03428,0.0040832,0.01114
0.10983,0.082162,0.30127,0.34035,0.07726,0.068366,0.0013198,0.019436,0.21457,0.32468,0.23627,0.13829,0.043047,0.032918,0.0061682,0.0040583
0.090569,0.090447,0.33563,0.25946,0.10078,0.09813,5.5488e-005,0.024923,0.22874,0.30151,0.23469,0.15133,0.03571,0.037992,0.0051632,0.004862
0.11348,0.14774,0.28102,0.28853,0.089276,0.063653,0.00010355,0.016201,0.21386,0.32114,0.24858,0.11384,0.040372,0.056163,0.0012156,0.0048371
0.090508,0.17181,0.26975,0.29474,0.084352,0.056052,8.0962e-005,0.032702,0.23404,0.35591,0.21624,0.10473,0.059163,0.024419,0.002429,0.0030626
0.089774,0.16063,0.29228,0.29304,0.082242,0.037136,0.0079739,0.03693,0.19133,0.28684,0.24733,0.16922,0.078814,0.011275,0.002567,0.01262
0.094706,0.15156,0.30842,0.27525,0.10106,0.045966,0.0091401,0.01389,0.20811,0.32976,0.18169,0.16984,0.081993,0.017178,0.0040883,0.007329
0.070247,0.1626,0.319,0.26685,0.12581,0.043436,0.0034366,0.0086273,0.25714,0.24995,0.18231,0.16003,0.12097,0.020801,0.0030896,0.0057104
0.063081,0.14867,0.31082,0.28412,0.11625,0.043814,0.0015473,0.031703,0.29612,0.21668,0.22472,0.15175,0.07751,0.024187,0.00034929,0.0086811
0.078609,0.16156,0.30622,0.29295,0.093572,0.044155,0.0034172,0.019518,0.27633,0.20096,0.24564,0.12395,0.084212,0.044413,0.0061724,0.018316
0.10332,0.17295,0.27473,0.26649,0.094197,0.059537,0.0020935,0.026688,0.30966,0.21125,0.227,0.10122,0.070705,0.071918,0.0016613,0.0065884
0.085587,0.12575,0.29782,0.29009,0.11465,0.071862,0.0032088,0.011029,0.22464,0.2988,0.23012,0.10518,0.074074,0.037175,0.0085923,0.021418
0.095115,0.1573,0.26464,0.29586,0.11292,0.05862,0.0044392,0.011105,0.2383,0.32568,0.23593,0.10531,0.051724,0.034067,0.0032351,0.0057574
0.071814,0.18159,0.2765,0.2964,0.10098,0.059744,0.0035512,0.009415,0.21805,0.30551,0.2495,0.090858,0.083151,0.039528,0.0083924,0.0050092
0.07345,0.14594,0.30091,0.29061,0.08872,0.069445,2.1069e-005,0.030905,0.28718,0.25997,0.21866,0.1312,0.061133,0.027773,0.0086022,0.0054866
0.081889,0.13717,0.27566,0.32216,0.10875,0.049383,0.00026768,0.024712,0.19998,0.31645,0.24452,0.14743,0.065728,0.0086655,0.0034481,0.013778
0.077429,0.15881,0.27522,0.30487,0.11951,0.042616,0.00042179,0.021127,0.20138,0.29793,0.26786,0.14695,0.062279,0.0094993,0.0019149,0.012188
0.08788,0.16512,0.27296,0.30624,0.099519,0.052539,0.00062251,0.015125,0.24601,0.35086,0.18647,0.11087,0.077561,0.017757,0.0002109,0.010266
0.084811,0.14741,0.27911,0.32508,0.11237,0.0392,0.00058812,0.011434,0.22143,0.3413,0.23154,0.10008,0.06216,0.034821,0.0027951,0.0058779
0.07908,0.19144,0.27296,0.29112,0.10311,0.049177,0.0015302,0.011583,0.16352,0.31481,0.26419,0.13695,0.086584,0.024058,0.00014344,0.0097472
0.078223,0.16088,0.30164,0.28074,0.10267,0.064807,0.0020562,0.0089901,0.17375,0.31165,0.28826,0.1424,0.034372,0.040628,0.00024219,0.0087055
0.10569,0.16848,0.26144,0.28028,0.11172,0.062524,0.0019909,0.0078765,0.22158,0.2664,0.2635,0.15921,0.046204,0.019217,0.003895,0.019989
0.086441,0.15253,0.26268,0.29799,0.10601,0.070058,0.0035512,0.02074,0.19035,0.35265,0.23812,0.12258,0.063334,0.015332,0.00039992,0.017239
0.062384,0.18949,0.2813,0.30054,0.087596,0.052313,0.00057208,0.025799,0.1755,0.38478,0.20861,0.10459,0.08591,0.030096,0.00033993,0.010179
0.055653,0.19194,0.28557,0.29029,0.11762,0.03015,0.0042766,0.0245,0.15145,0.31591,0.30311,0.11953,0.05417,0.034717,0.00011232,0.021004
0.062325,0.22785,0.31742,0.24328,0.096044,0.032066,0.0047,0.01632,0.21652,0.27368,0.30119,0.12528,0.03592,0.034487,0.00023053,0.012692
0.071636,0.20884,0.32848,0.24469,0.10269,0.028312,0.0017676,0.013594,0.22122,0.31487,0.25276,0.090875,0.056843,0.050687,0.0022186,0.010518
0.086677,0.15818,0.32058,0.27863,0.075493,0.047348,0.0035953,0.029502,0.26434,0.29421,0.25703,0.082496,0.066362,0.026387,0.0015356,0.0076421
0.08773,0.15282,0.29893,0.28179,0.086491,0.065223,0.0035979,0.023418,0.25685,0.33092,0.2272,0.099459,0.061591,0.022134,0.00046875,0.0013785
0.078844,0.16984,0.27163,0.29163,0.12509,0.033957,0.003934,0.025073,0.24377,0.36922,0.20512,0.087564,0.046787,0.038755,0.00030383,0.0084737
0.053749,0.16748,0.29995,0.29125,0.10298,0.049383,0.0056482,0.029562,0.26452,0.33861,0.18602,0.083548,0.061149,0.058998,0.0015675,0.0055905
0.059292,0.15015,0.3252,0.25909,0.14837,0.048668,0.0010887,0.0081373,0.2393,0.29275,0.24894,0.10459,0.057375,0.04068,0.0020865,0.014285
0.08472,0.1255,0.272,0.27762,0.15231,0.068028,0.0010166,0.018805,0.25648,0.29096,0.23588,0.11591,0.069025,0.026808,0.0018614,0.0030727
0.10197,0.15846,0.26226,0.29055,0.096413,0.06939,0.00034558,0.020615,0.20842,0.30279,0.27052,0.13505,0.059655,0.014501,0.0016584,0.0074127
0.08989,0.16138,0.31119,0.24639,0.095613,0.060492,0.0019412,0.033106,0.18373,0.31904,0.2425,0.13306,0.082876,0.030219,0.0034187,0.0051505
0.10455,0.11519,0.28965,0.309,0.11535,0.044898,0.0046857,0.016674,0.16113,0.3175,0.27158,0.12882,0.070455,0.03936,4.4848e-006,0.011151
0.080466,0.1609,0.32324,0.26718,0.10959,0.038931,0.0036576,0.016031,0.19149,0.28472,0.28434,0.10666,0.10176,0.028807,0.00039613,0.0018224
0.066941,0.13684,0.28628,0.3147,0.11157,0.043159,0.011164,0.029342,0.20903,0.30197,0.28023,0.089754,0.062611,0.04898,0.00066402,0.0067668
0.072754,0.14511,0.30162,0.31892,0.094433,0.047109,0.00037764,0.019677,0.1454,0.33476,0.34022,0.081459,0.049241,0.030326,0.0017158,0.016867
0.074604,0.12963,0.29045,0.31712,0.11315,0.057257,0.0019026,0.015889,0.16778,0.3142,0.30736,0.10369,0.067876,0.028166,0.003109,0.0078259
0.079502,0.12649,0.28414,0.30652,0.11673,0.064973,0.00018155,0.021453,0.19589,0.32637,0.23663,0.11721,0.093442,0.020455,6.7701e-007,0.010004
0.076625,0.18867,0.26456,0.34052,0.075793,0.031707,0.0056388,0.016494,0.23957,0.26603,0.20678,0.17781,0.077636,0.013062,0.0010917,0.018029
0.076863,0.20955,0.29755,0.26563,0.081761,0.053122,0.0017091,0.013815,0.23123,0.23198,0.25849,0.17619,0.063277,0.017315,0.005066,0.016453
0.049316,0.23403,0.30477,0.28943,0.063325,0.041328,0.0059637,0.01184,0.18782,0.26814,0.2694,0.15185,0.086684,0.020806,0.0024419,0.012862
0.083921,0.18906,0.29236,0.25757,0.087893,0.059735,0.0098971,0.019564,0.2002,0.26208,0.32839,0.1229,0.059402,0.020204,0.00029234,0.0065223
0.11268,0.15137,0.29488,0.29243,0.079496,0.052871,4.8649e-005,0.016225,0.23998,0.2496,0.30028,0.12469,0.034925,0.044077,0.00028581,0.0061667
0.12651,0.15839,0.2681,0.28484,0.096718,0.053421,0.0029825,0.0090419,0.2355,0.21847,0.25704,0.15763,0.080366,0.026827,0.00030997,0.023853
0.10432,0.17888,0.30372,0.25978,0.065561,0.076243,0.0012627,0.010234,0.25143,0.30908,0.23706,0.11967,0.056575,0.017291,0.0021703,0.0067197
0.086781,0.18232,0.33836,0.26212,0.063246,0.055942,0.00044918,0.010782,0.29283,0.30418,0.21113,0.098863,0.051319,0.034557,1.8604e-005,0.0071069
0.075614,0.16274,0.3526,0.3152,0.048466,0.038444,0.00046457,0.0064601,0.24848,0.31682,0.21052,0.13323,0.052551,0.028433,1.1375e-005,0.0099547
0.091038,0.14759,0.26876,0.35045,0.067995,0.041033,0.00053543,0.032604,0.26158,0.34907,0.20496,0.11681,0.043566,0.019211,1.9463e-006,0.004794
0.087116,0.17659,0.26513,0.3247,0.086716,0.03616,0.00079619,0.022788,0.26202,0.29889,0.25946,0.12037,0.040586,0.011222,0.00016094,0.0072934
0.10289,0.16454,0.31066,0.26971,0.10233,0.039514,0.00011383,0.010248,0.20557,0.25469,0.30445,0.11807,0.093202,0.018958,0.00098927,0.0040655
0.069685,0.14361,0.30253,0.28882,0.12797,0.043939,0.007781,0.015667,0.19472,0.30593,0.27104,0.08846,0.10989,0.028971,1.9099e-006,0.00098169
0.097373,0.14884,0.28855,0.28396,0.10334,0.046616,0.0049789,0.026342,0.17031,0.33345,0.28335,0.10498,0.066324,0.037186,8.5671e-005,0.0043229
0.075819,0.14739,0.27649,0.28007,0.1593,0.041492,0.0020567,0.017387,0.22309,0.30899,0.30645,0.083015,0.040328,0.023512,0.0040404,0.010578
0.082317,0.18524,0.27515,0.27581,0.11446,0.041561,0.0045358,0.020933,0.26943,0.26836,0.27223,0.11231,0.056892,0.016957,0.00034846,0.0034691
0.078984,0.15066,0.27656,0.30219,0.11939,0.049082,0.0015873,0.021548,0.21853,0.24035,0.31351,0.12514,0.063311,0.031886,7.1174e-005,0.0072027
0.079118,0.14359,0.30739,0.23307,0.14004,0.067193,3.6124e-005,0.029563,0.22381,0.28792,0.22277,0.14199,0.076521,0.031708,0.0016684,0.013604
0.061608,0.1676,0.33934,0.25127,0.11094,0.043992,0.0020277,0.023225,0.26841,0.27172,0.22247,0.11939,0.061348,0.031001,0.0012616,0.024396
0.068809,0.1584,0.30043,0.28174,0.11085,0.062431,0.0010825,0.016259,0.20197,0.27064,0.2381,0.13334,0.087066,0.045209,1.2913e-005,0.023664
0.10675,0.18105,0.29875,0.25282,0.077633,0.06201,0.00040841,0.020574,0.19671,0.31006,0.22994,0.1491,0.078451,0.027481,0.00089403,0.0073743
0.1004,0.17033,0.30847,0.26359,0.088744,0.052283,0.00072256,0.015459,0.18759,0.33268,0.24765,0.10008,0.090063,0.037371,0.00058275,0.0039816
0.075702,0.15681,0.29582,0.26453,0.13524,0.047654,4.8516e-005,0.02419,0.18556,0.33176,0.26834,0.1206,0.056521,0.022742,0.00024517,0.014232
0.073966,0.15977,0.30527,0.25238,0.16438,0.021158,0.00049179,0.022584,0.1768,0.34333,0.24753,0.10924,0.083889,0.03285,0.00011668,0.0062581
0.081864,0.15742,0.29678,0.30588,0.093222,0.052562,0.0039519,0.0083181,0.23071,0.28491,0.27055,0.11558,0.061699,0.03187,0.00066286,0.0040248
0.053035,0.16125,0.29655,0.31402,0.082826,0.077302,0.00098402,0.014027,0.19986,0.312,0.23502,0.10887,0.10001,0.035556,0.0024452,0.0062417
0.054794,0.1612,0.32805,0.26011,0.11191,0.060064,0.00051838,0.023357,0.1927,0.36059,0.24998,0.092932,0.061692,0.026205,0.003823,0.012078
0.069434,0.2094,0.29082,0.23674,0.10609,0.065599,5.9487e-006,0.02191,0.20367,0.31903,0.24695,0.11014,0.088601,0.02074,0.0023952,0.0084751
0.062547,0.18404,0.27231,0.2475,0.15857,0.054382,0.0032697,0.017375,0.23994,0.27487,0.26235,0.1133,0.084822,0.016125,0.0023557,0.0062369
0.067657,0.18376,0.28981,0.25428,0.13989,0.041215,0.00033961,0.023043,0.19406,0.27481,0.28118,0.12948,0.082067,0.032012,0.0027717,0.0036116
0.07876,0.13541,0.30623,0.28172,0.12821,0.04526,0.0010979,0.02332,0.2111,0.27137,0.27508,0.13732,0.05527,0.047274,0.00075485,0.0018335
0.066752,0.14747,0.30076,0.252,0.1366,0.051172,0.003938,0.041315,0.18609,0.33901,0.28305,0.10957,0.064912,0.015437,0.00050086,0.0014256
0.098079,0.14369,0.29623,0.25354,0.12068,0.047224,0.0046362,0.035933,0.20654,0.26882,0.27628,0.13816,0.080423,0.023285,0.0022498,0.0042333
0.12746,0.11042,0.26813,0.2937,0.13748,0.048381,0.001588,0.012832,0.22747,0.28481,0.24662,0.14323,0.072399,0.023449,0.00010842,0.0019103
0.10311,0.14656,0.28529,0.28713,0.12345,0.047124,0.0012083,0.0061224,0.23263,0.28658,0.19627,0.1736,0.080093,0.019073,0.00043709,0.011325
0.097351,0.11452,0.26031,0.34014,0.12262,0.050016,0.0049122,0.010126,0.18442,0.29802,0.24806,0.16999,0.064926,0.017727,0.0022886,0.01457
0.1034,0.11286,0.27473,0.29853,0.13735,0.05647,0.0009258,0.015742,0.22249,0.26583,0.26013,0.14974,0.062009,0.036561,0.00028729,0.0029583
0.094724,0.14077,0.29553,0.27755,0.1204,0.049339,0.0069295,0.014758,0.2368,0.33767,0.2194,0.13438,0.046858,0.0096187,0.00031908,0.014954
0.076852,0.13301,0.28806,0.29324,0.12335,0.057992,0.0053286,0.022163,0.23084,0.29539,0.266,0.1375,0.05483,0.011112,0.0012291,0.0030943
0.077624,0.10057,0.28213,0.25936,0.13761,0.12192,0.0016692,0.019122,0.19272,0.33951,0.26842,0.11936,0.046055,0.026397,0.0012215,0.0063311
0.086464,0.096872,0.34314,0.28196,0.10196,0.06501,0.0035409,0.021045,0.22952,0.33599,0.22624,0.11358,0.066936,0.019988,5.9545e-007,0.0077543
0.057351,0.15705,0.33698,0.21703,0.13262,0.06234,0.0027796,0.033853,0.21672,0.31765,0.23929,0.1527,0.045173,0.023843,3.1449e-005,0.0045963
0.045837,0.16727,0.37146,0.27449,0.083482,0.044402,0.0029339,0.010133,0.23325,0.28075,0.25223,0.15588,0.052324,0.015325,0.00025666,0.0099833
0.047558,0.15178,0.31813,0.27448,0.11435,0.069004,0.0058528,0.018839,0.21774,0.35301,0.19978,0.11903,0.073103,0.025142,0.0039645,0.0082346
0.051418,0.13565,0.33437,0.31754,0.1088,0.028792,0.0041722,0.019243,0.24092,0.28709,0.20276,0.11892,0.099382,0.026161,0.017679,0.0070853
0.056055,0.13646,0.30084,0.37109,0.081528,0.03522,0.0016768,0.017124,0.18709,0.3235,0.25171,0.12424,0.067579,0.023205,0.0071689,0.015517
0.051588,0.13768,0.32133,0.32842,0.083216,0.052533,0.0012637,0.023973,0.20871,0.24865,0.33785,0.12751,0.046383,0.022706,0.0041816,0.004022
0.070259,0.14602,0.36305,0.26127,0.068523,0.064252,0.0012016,0.025429,0.26366,0.26714,0.27307,0.10577,0.066536,0.019744,2.0214e-005,0.004071
0.057763,0.18782,0.33862,0.27478,0.062296,0.059131,0.00052402,0.019066,0.22132,0.25993,0.31325,0.099938,0.056442,0.041404,0.0025161,0.0052074
0.054612,0.15557,0.36711,0.25547,0.089741,0.051493,0.009452,0.016562,0.20261,0.30412,0.25035,0.14068,0.059613,0.024924,0.0027178,0.014989
0.084889,0.12953,0.30316,0.2716,0.13014,0.047365,0.012984,0.020335,0.2507,0.26247,0.30551,0.085722,0.075008,0.012986,0.0044345,0.0031738
0.071889,0.17786,0.29366,0.28923,0.10522,0.040526,0.0060875,0.015524,0.24817,0.31193,0.25379,0.11248,0.057868,0.0051021,0.0037591,0.0068932
0.082575,0.17189,0.32201,0.26712,0.080479,0.036264,0.0011708,0.038487,0.21936,0.30158,0.25934,0.10949,0.047072,0.035264,0.0040118,0.023878
0.043677,0.13288,0.31915,0.31596,0.11287,0.056523,0.00086808,0.018075,0.23038,0.33505,0.23582,0.1076,0.05054,0.035107,0.0010512,0.0044565
0.04088,0.20422,0.28761,0.25202,0.11882,0.07128,0.0026657,0.022507,0.17135,0.41809,0.17874,0.13418,0.066209,0.02367,0.0017175,0.0060447
0.058688,0.16584,0.25244,0.30575,0.11771,0.069882,0.0063227,0.023368,0.15443,0.34704,0.26191,0.13413,0.066131,0.032886,0.00089906,0.002577
0.061795,0.13629,0.32858,0.26894,0.12871,0.044991,0.0026753,0.028031,0.15966,0.34961,0.26654,0.11006,0.082129,0.029314,0.0014756,0.0012169
0.060918,0.13012,0.34246,0.29077,0.10756,0.045804,0.0039184,0.018456,0.2272,0.29448,0.28156,0.1108,0.059226,0.021165,0.0017473,0.0038131
0.076546,0.16721,0.31592,0.26016,0.11408,0.052608,0.00029606,0.013177,0.20425,0.27523,0.27015,0.14294,0.066785,0.03507,0.0013904,0.0041971
0.085099,0.18903,0.27399,0.27358,0.10602,0.058488,0.00035811,0.013444,0.20498,0.33232,0.26606,0.11417,0.054706,0.02062,9.8721e-005,0.0070341
0.077031,0.14984,0.31678,0.27847,0.092869,0.070762,0.0041348,0.010119,0.20798,0.26862,0.24501,0.16963,0.068648,0.028528,0.0013913,0.010204
0.069677,0.1711,0.31405,0.2864,0.083799,0.067552,0.0023177,0.0051015,0.21672,0.26243,0.26815,0.14624,0.063068,0.036976,0.0051386,0.0012725
0.079015,0.15704,0.34608,0.24011,0.076489,0.048347,0.0049929,0.047929,0.22091,0.3142,0.21335,0.12567,0.049847,0.051947,0.0039871,0.020083
0.13368,0.17131,0.25909,0.23131,0.12797,0.043039,0.0016553,0.031944,0.2017,0.281,0.26326,0.12549,0.068141,0.045113,0.0041974,0.011104
0.10321,0.178,0.31882,0.22952,0.091638,0.053173,0.0013418,0.024295,0.20741,0.33186,0.21791,0.16218,0.046268,0.019804,0.0026284,0.011939
0.098292,0.17271,0.24581,0.28519,0.13067,0.034938,0.0026077,0.029776,0.20438,0.30494,0.23658,0.1404,0.084454,0.013532,0.0039723,0.011745
0.088611,0.15123,0.30371,0.29503,0.11209,0.04161,0.00096746,0.0067508,0.18581,0.32196,0.21127,0.15663,0.083981,0.028389,0.00018178,0.011785
0.088922,0.18232,0.27997,0.27858,0.099243,0.055624,4.5277e-005,0.015287,0.17361,0.30093,0.24521,0.15364,0.088561,0.020785,0.0019445,0.015315
0.08123,0.13199,0.33717,0.28079,0.095363,0.054242,0.0023414,0.016878,0.16702,0.2954,0.24657,0.15292,0.09413,0.03737,0.0025034,0.0040861
0.095129,0.20436,0.28476,0.26705,0.07116,0.05086,0.0052678,0.021408,0.1504,0.32944,0.22098,0.17046,0.076698,0.050325,0.00080024,0.0009031
0.10036,0.17016,0.27453,0.28029,0.096846,0.05398,0.0075886,0.016243,0.15287,0.28498,0.25703,0.15903,0.080462,0.053633,1.9677e-005,0.011974
0.068965,0.14478,0.32486,0.27367,0.089844,0.084589,0.000647,0.012641,0.17385,0.30361,0.21219,0.17908,0.071198,0.030345,0.0023998,0.027326
0.071183,0.14849,0.30782,0.28328,0.10683,0.067549,0.00075821,0.014078,0.21812,0.28688,0.2016,0.16306,0.080194,0.022659,0.0037673,0.023724
0.093211,0.13831,0.25854,0.30479,0.13609,0.049892,0.00014012,0.019015,0.15729,0.34836,0.22767,0.1463,0.076342,0.030706,0.0013214,0.01201
0.049524,0.17701,0.29041,0.29662,0.099496,0.062362,0.0016229,0.022952,0.22917,0.33026,0.2028,0.12155,0.052064,0.036903,0.0036461,0.023606
0.062683,0.1553,0.32412,0.27473,0.11411,0.052659,0.00013724,0.016266,0.17646,0.31605,0.24753,0.11697,0.071937,0.036399,0.003713,0.030943
0.081389,0.14701,0.28551,0.27453,0.11313,0.082161,0.002153,0.014114,0.21699,0.27062,0.25361,0.099676,0.090574,0.031592,0.0054023,0.031538
0.088522,0.12202,0.26096,0.32023,0.13115,0.057693,6.9446e-005,0.019349,0.19983,0.31617,0.23736,0.13727,0.057833,0.04253,0.00089196,0.0081129
0.10769,0.11307,0.32919,0.28273,0.10022,0.044098,0.00037702,0.022619,0.23845,0.25765,0.30143,0.085953,0.061563,0.033424,0.0073828,0.01415
0.066295,0.1367,0.31976,0.32272,0.091466,0.052794,0.00060985,0.0096597,0.23463,0.29704,0.25184,0.12352,0.060596,0.02106,0.0011482,0.010169
0.052301,0.15936,0.28902,0.32951,0.093468,0.06454,0.0028225,0.008981,0.2278,0.33757,0.22125,0.097707,0.089753,0.01832,0.0044211,0.0031835
0.057215,0.16096,0.33903,0.29604,0.096379,0.029536,0.0016458,0.019198,0.1716,0.35036,0.2249,0.12275,0.091441,0.023073,0.0081259,0.0077515
0.061223,0.14929,0.33197,0.31098,0.10142,0.035033,0.00076511,0.0093196,0.21857,0.31855,0.26666,0.10263,0.052012,0.01649,0.0046858,0.020398
0.080337,0.15556,0.26819,0.33174,0.11935,0.025113,0.0015828,0.018116,0.17687,0.37326,0.23069,0.14282,0.052111,0.021497,0.0013817,0.0013606
0.081055,0.20873,0.25037,0.29531,0.090108,0.058331,0.00033634,0.015762,0.22486,0.3307,0.20061,0.13575,0.070624,0.028056,0.00055764,0.0088442
0.066837,0.18303,0.29757,0.31415,0.070489,0.048979,0.00078838,0.018158,0.19595,0.31034,0.23618,0.13602,0.086072,0.018931,0.00043473,0.016075
0.051279,0.15628,0.31107,0.33524,0.091746,0.039095,0.0037113,0.011579,0.21292,0.29065,0.28299,0.10376,0.083061,0.0078843,0.0092061,0.009533
0.066313,0.13747,0.37609,0.26409,0.086645,0.050145,0.00040116,0.018842,0.19989,0.30041,0.24782,0.15241,0.066514,0.029954,7.4983e-005,0.0029277
0.075292,0.18229,0.30958,0.26726,0.085486,0.068258,6.4684e-005,0.011768,0.20439,0.27093,0.26414,0.11746,0.082294,0.049368,0.0072417,0.0041759
0.065025,0.14679,0.33333,0.31002,0.07754,0.045062,0.0032636,0.018968,0.22017,0.25909,0.26792,0.13078,0.083878,0.033113,8.6041e-005,0.0049569
0.069431,0.13337,0.3095,0.29699,0.10764,0.06549,0.00013516,0.01744,0.20754,0.25645,0.27661,0.15989,0.060943,0.03451,0.00025399,0.0038081
0.094044,0.15264,0.28995,0.29067,0.095639,0.0649,0.0007494,0.011401,0.18762,0.25745,0.29009,0.13209,0.084842,0.038856,0.00016038,0.0088934
0.074943,0.14452,0.31924,0.24615,0.13213,0.066645,0.00014522,0.016222,0.21415,0.29063,0.26222,0.12278,0.053059,0.0525,0.0022701,0.0023806
0.089682,0.14182,0.29265,0.26964,0.12199,0.070312,0.00018858,0.013717,0.23359,0.31355,0.23996,0.1279,0.050908,0.029646,0.0033455,0.0011033
0.083638,0.11956,0.33303,0.26658,0.11974,0.059322,0.0002309,0.017893,0.21684,0.32101,0.25078,0.10977,0.054419,0.034141,0.00010529,0.01294
0.069843,0.15576,0.33571,0.26597,0.092844,0.061764,0.00019439,0.017917,0.25192,0.26071,0.25532,0.12547,0.091101,0.0097583,0.00014285,0.0055754
0.07366,0.14148,0.29233,0.29978,0.098133,0.057115,0.00096446,0.036545,0.19858,0.25859,0.25,0.19806,0.069195,0.018268,0.00012625,0.0071824
0.086652,0.14798,0.2521,0.30947,0.11922,0.053925,0.0011539,0.029492,0.24751,0.26861,0.2107,0.16624,0.055065,0.039675,2.4973e-005,0.012186
0.069605,0.14204,0.33519,0.26484,0.1209,0.047195,0.00040687,0.019813,0.26549,0.29991,0.19826,0.10618,0.075929,0.03623,0.0099095,0.0080924
0.067309,0.15526,0.29361,0.28991,0.13781,0.042604,0.0036691,0.0098255,0.19056,0.32974,0.21412,0.13028,0.075026,0.049781,0.0024769,0.0080245
0.065481,0.15404,0.30583,0.28522,0.1254,0.043598,0.0028486,0.017581,0.14138,0.27677,0.29215,0.182,0.070298,0.031352,0.0011055,0.0049511
0.08162,0.14156,0.30597,0.25827,0.12448,0.067773,7.3425e-005,0.020252,0.22745,0.29345,0.2644,0.10232,0.07149,0.039298,3.2932e-005,0.0015526
0.074521,0.17221,0.32661,0.26211,0.078294,0.058775,0.0066961,0.02079,0.24791,0.30824,0.22781,0.096865,0.09289,0.025357,0.00058593,0.00034262
0.065921,0.16782,0.33724,0.28913,0.073954,0.056254,0.00022968,0.0094637,0.23402,0.3143,0.22009,0.13651,0.073479,0.020693,5.168e-006,0.0009103
0.081174,0.18177,0.30967,0.27341,0.067749,0.065025,1.7576e-005,0.021189,0.18604,0.32684,0.23042,0.15268,0.069168,0.02583,1.7327e-009,0.0090299
0.10276,0.17339,0.28642,0.24309,0.081339,0.0938,0.0024159,0.016785,0.21764,0.3516,0.22308,0.12536,0.058779,0.021008,0.00036346,0.0021685
0.081575,0.14238,0.3114,0.25746,0.092269,0.091693,7.6868e-005,0.023148,0.21336,0.2943,0.25534,0.12243,0.085118,0.02366,2.7202e-007,0.0057962
0.054819,0.16592,0.30473,0.29118,0.091554,0.07675,0.00050538,0.014543,0.24401,0.23583,0.28014,0.12919,0.084579,0.02252,0.0015724,0.002149
0.052038,0.15733,0.32091,0.3127,0.089332,0.054338,1.9539e-006,0.013351,0.19099,0.31316,0.25011,0.17215,0.06129,0.010844,0.0005949,0.00086211
0.070527,0.14397,0.32781,0.32105,0.060165,0.060955,0.00017001,0.01536,0.22533,0.2452,0.29627,0.15383,0.067184,0.0075643,0.0010472,0.0035781
0.080296,0.17419,0.27965,0.28313,0.084184,0.069685,0.0047574,0.024113,0.2295,0.27935,0.25255,0.15436,0.06457,0.0094723,3.8769e-005,0.010164
0.071703,0.16157,0.31879,0.25783,0.10994,0.068429,0.00064465,0.01109,0.15084,0.32733,0.26902,0.1411,0.075428,0.028883,0.00071046,0.0066876
0.078001,0.12442,0.3098,0.28855,0.14476,0.047785,0.00030744,0.0063664,0.20592,0.27136,0.26877,0.16115,0.064369,0.018779,0.001916,0.0077378
0.059546,0.13539,0.31004,0.29534,0.12542,0.066272,0.00043966,0.007556,0.20299,0.31199,0.22753,0.14556,0.073877,0.027474,0.0047097,0.0058709
0.084885,0.14019,0.30997,0.26814,0.12549,0.05798,0.002116,0.011228,0.20454,0.34329,0.24661,0.12072,0.049959,0.025804,8.8347e-005,0.0089914
0.062267,0.12825,0.33331,0.27608,0.12928,0.045351,0.0025679,0.022888,0.25032,0.27895,0.28638,0.087103,0.06067,0.025456,0.0018264,0.0092932
0.057448,0.16207,0.3084,0.25703,0.12751,0.074709,0.0017081,0.01113,0.25386,0.28025,0.24287,0.10826,0.07723,0.030053,0.0011124,0.0063555
0.082095,0.14722,0.31397,0.28964,0.10436,0.053458,0.00029412,0.0089686,0.25487,0.32069,0.23111,0.099351,0.060567,0.020536,0.0094105,0.0034726
0.073689,0.17382,0.33621,0.23603,0.094621,0.067397,0.00048269,0.017751,0.26621,0.31008,0.20785,0.13025,0.041197,0.031412,0.00091209,0.012086
0.049845,0.17287,0.28431,0.2919,0.090911,0.081145,0.00031139,0.028701,0.28385,0.2957,0.22891,0.12271,0.033697,0.018252,0.0084355,0.0084564
0.041244,0.18619,0.29076,0.31302,0.085761,0.057404,0.0010582,0.024559,0.2327,0.27588,0.24594,0.17038,0.049047,0.015706,0.0017379,0.0085997
0.063983,0.17847,0.31302,0.2601,0.074497,0.092992,3.4871e-005,0.0169,0.26523,0.30254,0.23671,0.1365,0.030363,0.016296,0.0026665,0.0096891
0.057795,0.17135,0.32345,0.25968,0.084156,0.071001,0.00063874,0.031932,0.22571,0.28305,0.22814,0.14899,0.047923,0.030693,0.0084639,0.027028
0.10054,0.14779,0.33451,0.24598,0.074123,0.079914,0.001415,0.015723,0.24014,0.32799,0.20939,0.13102,0.048928,0.015656,0.0035735,0.023299
0.085274,0.14981,0.36568,0.21277,0.064072,0.10052,0.00060461,0.021269,0.27325,0.31749,0.20705,0.1129,0.061035,0.021146,0.0018976,0.0052255
0.061377,0.16971,0.34647,0.27603,0.055954,0.081703,0.001263,0.0074912,0.24453,0.32221,0.18472,0.14202,0.073877,0.025178,0.001187,0.0062799
0.073967,0.18144,0.30234,0.27196,0.097908,0.059319,0.0015333,0.011526,0.24509,0.25325,0.2426,0.1571,0.068786,0.022444,0.00054594,0.010181
0.098067,0.18349,0.26544,0.27055,0.09184,0.059603,0.00088717,0.030117,0.27165,0.23423,0.2538,0.12934,0.083678,0.019344,0.0015214,0.0064315
0.084851,0.17009,0.32845,0.26833,0.06748,0.048137,0.0069802,0.025678,0.27663,0.24232,0.21373,0.15331,0.070188,0.028373,0.0020283,0.013418
0.081999,0.16238,0.34474,0.24022,0.098334,0.060439,0.0025157,0.009368,0.22347,0.22262,0.27449,0.15857,0.061592,0.043794,0.0051202,0.010336
0.079649,0.14707,0.32492,0.27182,0.090868,0.067622,0.0033244,0.014727,0.22026,0.26011,0.26289,0.17604,0.036351,0.029043,0.0037101,0.011585
0.061155,0.14692,0.32522,0.25833,0.13356,0.043919,0.0010786,0.029825,0.18421,0.25311,0.28964,0.16274,0.073037,0.030707,0.00015679,0.0063895
0.082013,0.1603,0.32113,0.28145,0.10382,0.027934,0.00032776,0.023026,0.19423,0.28049,0.24758,0.16869,0.076788,0.023258,0.0053342,0.0036246
0.069562,0.12582,0.36788,0.25396,0.092924,0.04432,0.0077831,0.037746,0.21854,0.30619,0.19777,0.15832,0.085592,0.026024,0.0023323,0.0052342
0.061977,0.12471,0.37305,0.25554,0.08312,0.082254,3.7995e-005,0.019308,0.2399,0.26502,0.23564,0.13976,0.075793,0.034074,0.00099639,0.0088242
0.075584,0.13494,0.32234,0.27626,0.075438,0.091682,0.0051163,0.018648,0.16443,0.30913,0.25152,0.15355,0.090487,0.012251,0.00048966,0.018136
0.081225,0.15227,0.32842,0.25665,0.083866,0.056472,0.0096218,0.031477,0.22877,0.25487,0.2601,0.15695,0.068203,0.022569,0.0022995,0.0062372
0.075961,0.13639,0.28778,0.29371,0.10846,0.079838,0.0016466,0.016219,0.25007,0.26272,0.26302,0.14174,0.071986,0.0079126,0.0011101,0.0014359
0.08255,0.1312,0.31448,0.24302,0.13969,0.076512,0.00069055,0.01185,0.23171,0.29456,0.22434,0.14064,0.074585,0.021535,0.0038575,0.0087671
0.08552,0.1025,0.34866,0.25439,0.14324,0.041165,0.00011839,0.024415,0.20594,0.31101,0.24746,0.12798,0.085316,0.019227,8.2615e-005,0.0029807
0.088227,0.14849,0.30618,0.27434,0.11757,0.050992,0.0019328,0.012269,0.20337,0.30185,0.20879,0.1867,0.069703,0.019265,0.003663,0.0066436
0.070981,0.10696,0.3246,0.30967,0.11196,0.062522,0.00035411,0.012948,0.25754,0.24486,0.24631,0.16972,0.067705,0.0083398,0.00069646,0.0048313
0.085616,0.13845,0.29877,0.30188,0.10777,0.04175,2.9516e-005,0.025739,0.22958,0.28454,0.2629,0.11901,0.086001,0.015205,0.00066626,0.0021046
0.091642,0.17071,0.32798,0.28204,0.069173,0.024483,0.0015916,0.032372,0.18978,0.35101,0.23743,0.14092,0.069201,0.010074,8.9111e-005,0.0014981
0.10875,0.1569,0.27139,0.31723,0.11176,0.015005,0.00041254,0.018541,0.20237,0.28865,0.26027,0.14899,0.087194,0.0091701,0.00020045,0.0031528
0.08272,0.15096,0.31086,0.28854,0.096857,0.044533,0.0036437,0.021884,0.26486,0.25783,0.21234,0.17451,0.061241,0.023664,1.3063e-008,0.0055555
0.089844,0.17121,0.30386,0.26401,0.097388,0.039549,0.0053058,0.028837,0.23847,0.28719,0.22498,0.12204,0.094069,0.032161,2.3419e-005,0.0010737
0.085794,0.15156,0.36129,0.25493,0.07519,0.052535,0.00048051,0.018222,0.24622,0.24254,0.23344,0.17204,0.068522,0.03571,4.3198e-005,0.0014886
0.093166,0.17042,0.27345,0.28087,0.084774,0.069681,0.0016698,0.025974,0.16084,0.31074,0.2967,0.1277,0.077178,0.023139,0.00012077,0.0035851
0.09389,0.14394,0.3266,0.25064,0.10485,0.067707,0.000888,0.011484,0.17301,0.3064,0.23576,0.18091,0.075793,0.023071,0.002103,0.0029601
0.077535,0.1425,0.30053,0.28482,0.11865,0.062542,0.0055788,0.0078527,0.24226,0.27432,0.28397,0.12733,0.045286,0.022586,0.00090541,0.0033429
0.079795,0.15103,0.31156,0.27164,0.11153,0.056033,0.00025034,0.018169,0.19924,0.30122,0.24807,0.14439,0.047362,0.048739,0.0032504,0.0077318
0.11032,0.17238,0.23267,0.31123,0.092746,0.051622,0.00014883,0.028885,0.22399,0.2663,0.23069,0.1646,0.046047,0.057373,0.00016758,0.010832
0.086649,0.16048,0.33291,0.27457,0.073365,0.036129,0.0002995,0.035597,0.2077,0.32836,0.22698,0.14605,0.058384,0.029484,0.0006837,0.0023551
0.084973,0.13311,0.27806,0.30441,0.13637,0.043069,0.0017296,0.018274,0.17941,0.3185,0.25702,0.14652,0.078645,0.017286,0.002008,0.00061932
0.086093,0.11986,0.25888,0.3158,0.12544,0.085887,0.00015798,0.0078878,0.18592,0.29871,0.22859,0.19135,0.072113,0.014074,0.0013221,0.0079199
0.095549,0.12425,0.29699,0.32407,0.07024,0.070847,0.0018985,0.01616,0.21204,0.30278,0.24883,0.15167,0.06554,0.013264,0.00061362,0.0052525
0.093748,0.18089,0.31418,0.26447,0.082749,0.052369,3.7178e-006,0.011592,0.24434,0.29137,0.26013,0.12149,0.046996,0.031241,0.00044304,0.0039976
0.095823,0.16522,0.28974,0.28887,0.09434,0.05444,2.9759e-009,0.01157,0.29384,0.27788,0.21489,0.11854,0.074192,0.012494,0.00076426,0.0074007
0.073539,0.16415,0.33011,0.26519,0.091357,0.064206,4.3602e-006,0.011446,0.23026,0.26736,0.24323,0.15373,0.060715,0.04022,0.00067408,0.0038047
0.090762,0.12519,0.36878,0.2358,0.090666,0.076981,3.0484e-006,0.011808,0.28485,0.26158,0.2076,0.13026,0.04741,0.038063,0.0038979,0.026343
0.067627,0.16475,0.35146,0.23636,0.10224,0.05877,0.0020082,0.016788,0.21112,0.28271,0.26881,0.12404,0.041777,0.048309,0.011548,0.01168
0.092565,0.15001,0.32941,0.28594,0.0807,0.051278,0.0019709,0.0081171,0.26421,0.25155,0.25111,0.12471,0.054695,0.030076,0.0026282,0.021007
0.072098,0.14836,0.34929,0.25785,0.10004,0.04691,0.003327,0.022134,0.22981,0.2939,0.25927,0.12319,0.045157,0.039623,0.0051073,0.0039404
0.05672,0.17272,0.33143,0.24631,0.11293,0.047327,0.0060803,0.02649,0.21886,0.26598,0.23643,0.18937,0.050324,0.033062,0.00028294,0.0056872
0.067647,0.173,0.3314,0.25701,0.10715,0.042421,0.0014039,0.019964,0.21834,0.27523,0.20095,0.20344,0.052852,0.038172,0.0027511,0.0082624
0.078588,0.18188,0.31599,0.29248,0.071122,0.046373,0.0022043,0.011366,0.19998,0.25278,0.26835,0.18532,0.058817,0.031093,0.00062055,0.0030411
0.069382,0.15962,0.27563,0.31242,0.10915,0.051553,0.0075142,0.014729,0.19839,0.30158,0.26368,0.13569,0.046188,0.041653,0.004065,0.0087625
0.045919,0.16878,0.27704,0.30389,0.13489,0.055661,0.00071757,0.013098,0.1503,0.26901,0.31266,0.16264,0.074106,0.022591,0.0034484,0.0052415
0.059451,0.17279,0.29152,0.30922,0.11107,0.036254,0.0035679,0.01612,0.1759,0.34189,0.23124,0.16639,0.034732,0.041732,0.00080745,0.0073004
0.078868,0.13944,0.26965,0.32166,0.12597,0.048177,0.0025687,0.013672,0.20859,0.32295,0.24944,0.11128,0.057675,0.040733,0.0017314,0.0076012
0.056868,0.1177,0.2668,0.31903,0.15025,0.053002,0.0037576,0.03259,0.20901,0.26569,0.24339,0.15752,0.087798,0.010443,0.0015703,0.024575
0.076605,0.15177,0.28915,0.30991,0.08742,0.060133,0.011987,0.013025,0.17139,0.30165,0.23977,0.16913,0.088377,0.013324,0.0039827,0.012378
0.061914,0.14811,0.26709,0.32961,0.09313,0.066068,0.00081687,0.033263,0.21057,0.3091,0.23625,0.17619,0.050615,0.0042029,0.0024452,0.010624
0.055201,0.14371,0.26842,0.33623,0.077419,0.098032,0.0030615,0.017922,0.25427,0.35728,0.17429,0.13169,0.062436,0.008401,0.0018903,0.0097482
0.055968,0.18838,0.24452,0.35869,0.06925,0.063489,0.0079502,0.011749,0.17492,0.34532,0.25981,0.15197,0.052804,0.010824,0.00074809,0.0036037
0.059913,0.19195,0.23616,0.36007,0.080402,0.043011,0.0017361,0.026745,0.17795,0.3458,0.21972,0.14774,0.089912,0.011618,0.002484,0.0047768
0.072158,0.19029,0.25588,0.29231,0.09407,0.060015,0.00065664,0.034624,0.20993,0.29601,0.28127,0.11542,0.05747,0.030193,0.0012665,0.0084365
0.068841,0.15222,0.29144,0.31406,0.09772,0.051117,0.0028995,0.021701,0.24644,0.32256,0.22517,0.11419,0.063916,0.017399,0.0076879,0.0026435
0.077369,0.15775,0.30991,0.31501,0.079206,0.051309,0.002171,0.0072814,0.22234,0.29216,0.28006,0.11818,0.053017,0.031083,5.715e-006,0.0031529
0.097073,0.13407,0.33041,0.28973,0.086642,0.043101,0.0017596,0.017208,0.2007,0.30223,0.23049,0.15717,0.087274,0.020575,0.00083166,0.00073036
0.074187,0.12864,0.31035,0.31924,0.087443,0.046121,0.0038532,0.030169,0.20076,0.28388,0.27881,0.1468,0.063409,0.024564,6.9584e-006,0.0017794
0.058085,0.12892,0.30638,0.31836,0.12123,0.043596,0.0035514,0.019876,0.19692,0.36191,0.20431,0.17038,0.042842,0.016172,0.00043929,0.0070412
0.057754,0.17288,0.23895,0.31424,0.12931,0.046333,0.0038503,0.036683,0.24663,0.34004,0.19522,0.14845,0.046278,0.020408,0.00035039,0.0026101
0.070521,0.17202,0.2942,0.31499,0.095621,0.032506,0.010244,0.0098945,0.23714,0.32605,0.20809,0.12119,0.065665,0.039719,0.00065041,0.0015098
0.061072,0.15243,0.32747,0.29859,0.09361,0.043791,0.00038186,0.022658,0.27657,0.25379,0.25131,0.11394,0.066625,0.028206,0.0008969,0.0086727
0.090837,0.16021,0.32229,0.25717,0.11093,0.046037,2.987e-005,0.012506,0.26876,0.31097,0.18778,0.13616,0.05949,0.028163,0.001725,0.0069539
0.070958,0.18465,0.29342,0.28153,0.10329,0.046722,8.8539e-005,0.019344,0.26676,0.26477,0.25712,0.10436,0.073654,0.021819,3.1134e-005,0.011499
0.040658,0.19204,0.33163,0.28605,0.080424,0.048469,8.8381e-005,0.02064,0.2455,0.27293,0.23241,0.1214,0.070601,0.045233,0.0010766,0.010848
0.043064,0.19076,0.32173,0.28789,0.11233,0.027115,0.0021864,0.014934,0.23833,0.30059,0.24448,0.085184,0.091726,0.027299,0.0036882,0.0087005
0.047261,0.19327,0.29896,0.30887,0.11501,0.0231,0.00038999,0.013137,0.20155,0.3172,0.2101,0.14095,0.073415,0.038764,0.0048168,0.013201
0.0496,0.19335,0.32327,0.3043,0.067158,0.046885,0.00088493,0.014553,0.21195,0.31595,0.24017,0.11538,0.094115,0.013817,0.0014947,0.0071163
0.072568,0.21667,0.25425,0.29954,0.086057,0.055934,0.00015127,0.014835,0.20087,0.30023,0.23954,0.11588,0.11814,0.0091484,0.0063701,0.0098273
0.060609,0.1403,0.31379,0.30832,0.096218,0.057496,0.0095091,0.013762,0.18638,0.3064,0.27147,0.092299,0.10921,0.024524,0.0030705,0.0066519
0.093363,0.18875,0.30277,0.26775,0.1025,0.025662,0.006604,0.012613,0.17598,0.26456,0.30193,0.11782,0.094528,0.030162,0.0002484,0.014765
0.089133,0.19047,0.2359,0.31687,0.10166,0.054364,0.0025435,0.0090541,0.19822,0.32056,0.27209,0.10371,0.056742,0.040019,0.0043791,0.0042776
0.073239,0.18775,0.27128,0.3029,0.094727,0.051081,0.0024071,0.01662,0.19734,0.31416,0.26999,0.13522,0.054652,0.021509,0.00087237,0.0062594
0.09362,0.19684,0.24693,0.29479,0.078322,0.067917,0.0059467,0.015626,0.27169,0.24317,0.24023,0.11921,0.090714,0.019377,0.0042052,0.011399
0.076666,0.16319,0.30064,0.29608,0.084467,0.050137,0.0031685,0.025643,0.24339,0.27134,0.23488,0.13689,0.057494,0.049941,0.00061708,0.0054504
0.072578,0.17958,0.25299,0.27521,0.14218,0.060523,0.00040344,0.01654,0.26802,0.28098,0.18998,0.17863,0.045573,0.032607,0.0018481,0.0023648
0.077012,0.21335,0.25357,0.27481,0.11526,0.048268,4.3983e-005,0.017686,0.2664,0.3191,0.18028,0.17081,0.045082,0.017364,8.1374e-005,0.00087994
0.10239,0.15003,0.25796,0.31208,0.10028,0.060533,0.001406,0.015324,0.21025,0.30552,0.2256,0.13664,0.10069,0.00818,0.0095938,0.0035271
0.092092,0.10253,0.28963,0.33177,0.10616,0.053623,0.0011321,0.02307,0.19947,0.30713,0.26863,0.14398,0.074115,0.0040954,0.001351,0.0012306
0.078258,0.16294,0.32738,0.25493,0.083499,0.06326,0.00017918,0.029558,0.20555,0.3291,0.24212,0.14361,0.068975,0.0033602,1.2518e-006,0.0072867
0.058683,0.14758,0.35315,0.26436,0.10967,0.056003,0.0017801,0.0087704,0.18609,0.35402,0.28392,0.13482,0.034656,0.0033479,6.9635e-006,0.0031336
0.054136,0.16915,0.32006,0.28503,0.098221,0.036146,0.012815,0.024439,0.23031,0.28878,0.2615,0.13516,0.070612,0.01147,3.1965e-006,0.0021681
0.074744,0.16851,0.32787,0.27655,0.080811,0.041543,0.010093,0.019879,0.20056,0.23847,0.30933,0.14701,0.063347,0.037959,0.0014558,0.0018616
0.074747,0.12151,0.33778,0.30493,0.1073,0.030809,0.0049344,0.017991,0.23393,0.27906,0.25754,0.12378,0.066932,0.032108,0.0020503,0.0046081
0.056543,0.17392,0.30428,0.26943,0.09793,0.062045,0.0098949,0.025954,0.20707,0.29123,0.29049,0.13369,0.043223,0.032081,1.3155e-006,0.0022103
0.076514,0.14507,0.26724,0.31689,0.1242,0.05494,0.0015433,0.013595,0.30625,0.25792,0.20305,0.14632,0.06601,0.020149,6.6974e-012,0.00029314
0.097887,0.16842,0.24054,0.32971,0.086841,0.057988,0.0045306,0.01408,0.19237,0.33634,0.24263,0.12902,0.06814,0.029612,0.00052502,0.0013651
0.084217,0.15284,0.26158,0.30894,0.093561,0.076635,0.00022174,0.022004,0.18105,0.35581,0.22738,0.12227,0.07053,0.029906,0.0004019,0.012642
0.096241,0.13499,0.26985,0.29297,0.10675,0.066646,0.0022832,0.030275,0.21146,0.3041,0.23301,0.13499,0.081391,0.029483,2.4461e-005,0.0055411
0.077374,0.12009,0.31422,0.27745,0.1199,0.060452,0.0074493,0.023057,0.23516,0.29842,0.24046,0.13728,0.065135,0.02109,0.00018661,0.002277
0.10085,0.11845,0.3071,0.2883,0.1409,0.0269,0.006526,0.010975,0.25811,0.25676,0.27516,0.12557,0.056666,0.027266,1.4516e-009,0.00048339
0.068382,0.1229,0.33094,0.29284,0.13596,0.030415,0.0032009,0.015355,0.2518,0.32323,0.19263,0.11094,0.089222,0.027615,0.001339,0.0032079
0.10119,0.12378,0.30922,0.26843,0.12911,0.039285,0.0010913,0.027898,0.24372,0.31389,0.18126,0.1315,0.096286,0.022708,0.0059828,0.0046494
0.075483,0.14662,0.29199,0.31074,0.13137,0.034079,0.00013964,0.0095805,0.22644,0.2699,0.23986,0.1468,0.084452,0.0208,0.0035068,0.0082398
0.09071,0.14875,0.25884,0.32691,0.10207,0.047978,0.00030097,0.024437,0.27443,0.29662,0.19125,0.14194,0.068795,0.021823,0.0038689,0.0012696
0.085711,0.16081,0.25452,0.32062,0.083206,0.074141,0.00077754,0.02021,0.24377,0.28623,0.22944,0.11036,0.088966,0.037602,3.3659e-005,0.0035978
0.085345,0.14818,0.29979,0.2967,0.090948,0.06154,0.006144,0.011351,0.22452,0.28116,0.25598,0.12808,0.083319,0.01362,0.0075668,0.0057645
0.091594,0.14791,0.30136,0.26032,0.11198,0.053924,0.0019867,0.030929,0.25193,0.28138,0.24315,0.099613,0.089521,0.027387,0.0011852,0.0058333
0.081237,0.18465,0.28705,0.26103,0.11781,0.035576,0.0084073,0.024228,0.24313,0.34166,0.22016,0.10383,0.068833,0.019783,0.0011662,0.0014369
0.098465,0.18413,0.26091,0.28763,0.10371,0.045525,0.0034382,0.016192,0.25738,0.34009,0.23495,0.084484,0.049182,0.0266,0.0032634,0.0040453
0.068699,0.18863,0.28597,0.2684,0.091284,0.075821,0.0010492,0.020145,0.18486,0.33351,0.31645,0.07421,0.059564,0.021519,8.3738e-006,0.0098706
0.074637,0.1774,0.27385,0.27667,0.13393,0.049544,0.00010795,0.01387,0.26635,0.29091,0.25016,0.070369,0.070566,0.020013,0.0005992,0.031035
0.070889,0.20008,0.25573,0.30456,0.097441,0.060314,0.00077618,0.010209,0.22467,0.32696,0.19582,0.066506,0.10358,0.056014,0.0011719,0.025283
0.052321,0.22133,0.23358,0.28651,0.11008,0.074452,0.00095033,0.020776,0.26407,0.34472,0.18943,0.11042,0.063014,0.022753,0.0019289,0.0036596
0.05925,0.20906,0.24423,0.25248,0.11602,0.089434,0.00442,0.025098,0.19163,0.33323,0.25316,0.093552,0.089641,0.024758,0.0064069,0.0076188
0.076605,0.18633,0.27108,0.26197,0.12564,0.060557,5.602e-005,0.017749,0.25663,0.29277,0.24182,0.070873,0.08784,0.027387,6.8937e-006,0.022669
0.069894,0.20189,0.26174,0.29766,0.087967,0.066519,0.00066697,0.013668,0.23982,0.33764,0.22131,0.09653,0.081176,0.012831,0.00032112,0.010369
0.11014,0.17377,0.30059,0.24548,0.1073,0.050629,0.00012462,0.011967,0.22471,0.32056,0.20382,0.12586,0.070422,0.039467,0.000805,0.014363
0.09431,0.21506,0.29131,0.19199,0.099187,0.083255,0.00048239,0.02441,0.24941,0.31896,0.17759,0.16125,0.070852,0.013457,0.00098024,0.0075135
0.075685,0.184,0.26278,0.28039,0.10546,0.078365,0.00016016,0.013166,0.28179,0.26381,0.21367,0.14196,0.068354,0.025893,0.00026266,0.004261
0.089553,0.17189,0.34126,0.23553,0.098846,0.046593,2.8053e-005,0.016295,0.29121,0.25138,0.21777,0.12793,0.070598,0.02671,0.00023247,0.014165
0.084236,0.13265,0.2806,0.30258,0.11808,0.055574,2.725e-005,0.026257,0.24186,0.29722,0.21741,0.11846,0.080896,0.032796,0.00098012,0.010372
0.086492,0.19029,0.23716,0.25873,0.13385,0.061131,0.00022087,0.032125,0.27962,0.29199,0.18958,0.13758,0.073843,0.016295,1.9901e-006,0.011086
0.0942,0.1986,0.26985,0.27225,0.087753,0.051208,0.0049154,0.021229,0.25735,0.26297,0.22683,0.14382,0.085024,0.010704,0.00074067,0.012568
0.065536,0.173,0.27273,0.27975,0.086804,0.094712,0.0021783,0.02529,0.24849,0.25866,0.25151,0.14022,0.069228,0.012818,0.00011523,0.018955
0.085332,0.14078,0.29061,0.28656,0.11118,0.077483,0.00016301,0.0078975,0.27557,0.22539,0.2661,0.11974,0.091987,0.01371,0.00041424,0.0070915
0.082941,0.14414,0.3313,0.22294,0.13028,0.068139,0.0014883,0.018778,0.26295,0.29847,0.22421,0.12484,0.078089,0.010713,6.0659e-005,0.00066584
0.05596,0.15866,0.32663,0.25103,0.11284,0.073805,0.0012064,0.019866,0.25487,0.33704,0.18135,0.14784,0.063458,0.0099231,0.00087781,0.0046511
0.085363,0.15798,0.26697,0.28582,0.082135,0.083521,0.00011765,0.038093,0.24729,0.29604,0.20701,0.15679,0.069055,0.022843,2.912e-006,0.0009642
0.091048,0.17607,0.26747,0.2754,0.076194,0.09304,0.00061777,0.020161,0.28593,0.25064,0.21478,0.12406,0.080533,0.034561,0.00113,0.0083692
0.077748,0.175,0.30596,0.25481,0.079529,0.085228,0.0094399,0.012292,0.19934,0.30424,0.24201,0.13018,0.086309,0.036531,0.00042397,0.00096245
0.059573,0.19301,0.31433,0.27416,0.087001,0.054059,0.00032867,0.017538,0.21659,0.28721,0.22371,0.12942,0.11178,0.027394,2.1177e-007,0.0039049
0.060473,0.21874,0.27723,0.30009,0.058784,0.070701,0.0028499,0.011132,0.19895,0.27863,0.3025,0.14077,0.058926,0.016192,0.0014769,0.0025561
0.061365,0.20642,0.26458,0.28126,0.097062,0.070758,0.0013839,0.017163,0.2395,0.28676,0.24992,0.12275,0.071203,0.021548,9.1976e-006,0.0083034
0.069698,0.15843,0.33392,0.27706,0.084854,0.050982,2.6545e-005,0.025025,0.20834,0.27678,0.26705,0.12752,0.082452,0.026191,0.0035512,0.0081165
0.090429,0.17083,0.27186,0.24592,0.13401,0.050843,0.00039303,0.03572,0.19435,0.31066,0.24705,0.12003,0.081498,0.033711,0.00062501,0.012071
0.082689,0.13692,0.29337,0.25873,0.12996,0.072679,0.00031254,0.025342,0.19624,0.3021,0.27979,0.14708,0.049827,0.020572,0.00018394,0.0042113
0.070673,0.12548,0.26608,0.30054,0.14003,0.067914,0.0024272,0.026855,0.25132,0.25193,0.24496,0.13031,0.087151,0.031952,5.162e-005,0.0023279
0.087784,0.13938,0.30175,0.3055,0.10617,0.051422,6.62e-005,0.0079231,0.18343,0.28491,0.21677,0.13014,0.12893,0.055288,8.1169e-005,0.00044454
0.058119,0.18681,0.28033,0.27196,0.1209,0.059191,5.4644e-005,0.02263,0.23765,0.27639,0.22964,0.13837,0.071939,0.040942,3.0342e-005,0.0050457
0.085826,0.14566,0.32005,0.29,0.085235,0.051742,0.0010893,0.020402,0.2442,0.30494,0.20163,0.16443,0.06182,0.016448,0.0033364,0.0032003
0.052631,0.12522,0.32618,0.33097,0.098736,0.050087,0.00063296,0.015546,0.28321,0.26683,0.22651,0.16868,0.041607,0.0077403,1.3104e-005,0.005403
0.063564,0.12912,0.3196,0.3313,0.094538,0.034756,0.00035302,0.026781,0.27008,0.29473,0.17754,0.18584,0.042988,0.021045,1.7327e-005,0.0077572
0.053709,0.14844,0.28563,0.30882,0.15406,0.037953,0.00011619,0.011279,0.21285,0.33358,0.21791,0.13279,0.079402,0.016677,2.5147e-006,0.0067857
0.063882,0.1585,0.33828,0.2889,0.12348,0.013673,7.7573e-005,0.013203,0.19583,0.27169,0.24486,0.19609,0.061433,0.025102,0.00033621,0.0046567
0.094516,0.16873,0.28972,0.32196,0.089925,0.011087,0.0030208,0.021052,0.20525,0.2844,0.2823,0.12444,0.059123,0.031869,0.00014809,0.012468
0.098956,0.19105,0.27155,0.29052,0.10149,0.025387,0.00044083,0.020605,0.20558,0.33147,0.25989,0.12722,0.058373,0.009629,4.3715e-006,0.0078291
0.062658,0.18307,0.38317,0.24345,0.080289,0.03339,7.9522e-005,0.01389,0.20552,0.33655,0.28374,0.10299,0.055757,0.011423,6.4741e-005,0.0039578
0.054509,0.14788,0.36652,0.27718,0.087677,0.041482,0.0018912,0.022855,0.18056,0.28941,0.29777,0.11643,0.079001,0.018338,0.00075289,0.017729
0.079404,0.14278,0.32959,0.30005,0.080826,0.051128,0.00097849,0.015253,0.22688,0.25705,0.2446,0.15457,0.082887,0.022175,0.0016302,0.010208
0.064475,0.13965,0.3324,0.3035,0.080186,0.064744,0.0030563,0.011983,0.26203,0.24153,0.20841,0.15261,0.10999,0.017372,0.00099943,0.0070484
0.086231,0.15997,0.3298,0.31101,0.059293,0.041687,0.0042449,0.0077601,0.27888,0.20659,0.22505,0.16928,0.090425,0.024023,7.7298e-005,0.0056797
0.071997,0.16782,0.29599,0.31147,0.09474,0.043293,0.0059554,0.0087382,0.25129,0.24097,0.23203,0.14284,0.064992,0.052164,0.0052243,0.010495
0.088489,0.17897,0.28715,0.2925,0.10663,0.033998,0.0002602,0.011998,0.17998,0.24553,0.2717,0.17958,0.083687,0.021825,0.0045105,0.013183
0.048602,0.1572,0.34149,0.28378,0.12723,0.030574,0.0010766,0.010051,0.21375,0.27195,0.28283,0.15014,0.047287,0.027463,0.0053086,0.0012674
0.06556,0.17473,0.34872,0.25497,0.10168,0.03992,0.002931,0.011487,0.23395,0.23241,0.27546,0.16957,0.057199,0.030181,3.4248e-006,0.0012323
0.089323,0.14802,0.31264,0.30267,0.099183,0.027584,0.00020306,0.020378,0.2368,0.2018,0.3175,0.15259,0.069452,0.012963,0.0016041,0.0072921
0.093433,0.15504,0.30322,0.25654,0.12109,0.059618,9.3735e-005,0.01097,0.22853,0.26344,0.23829,0.15749,0.08301,0.017286,0.0036841,0.0082716
0.064079,0.15189,0.32262,0.32719,0.078561,0.028288,8.6349e-006,0.027374,0.28424,0.27666,0.20794,0.13311,0.068858,0.019622,0.00096361,0.0086076
0.060183,0.15743,0.31056,0.31909,0.092771,0.041791,0.00052367,0.017652,0.2451,0.30506,0.19682,0.17074,0.064463,0.015735,1.1832e-007,0.0020865
0.091922,0.11288,0.32184,0.31688,0.079563,0.058196,1.9887e-010,0.018709,0.29764,0.2392,0.22808,0.15398,0.062799,0.012786,0.00081848,0.0046953
0.091456,0.14856,0.36884,0.24149,0.10188,0.038977,0.00010927,0.0086812,0.29057,0.26535,0.23913,0.14756,0.027667,0.027674,0.00059205,0.0014578
0.085293,0.13965,0.32318,0.28586,0.10112,0.036155,0.0055478,0.023194,0.28641,0.28762,0.1891,0.1618,0.04495,0.029197,0.00064308,0.00028925
0.092203,0.16145,0.30501,0.27656,0.093942,0.052485,0.00092626,0.017426,0.2713,0.29829,0.20919,0.14434,0.037767,0.020375,0.00031828,0.018424
0.087449,0.16264,0.358,0.21429,0.10742,0.061657,0.00085888,0.0076975,0.25288,0.24802,0.26378,0.13597,0.05936,0.017954,1.2429e-006,0.022029
0.06677,0.16659,0.36838,0.25204,0.095378,0.036366,0.0012603,0.013217,0.1914,0.32781,0.2691,0.13941,0.039922,0.023553,0.0013708,0.0074381
0.073511,0.16573,0.34276,0.24777,0.10097,0.055983,0.00081936,0.012462,0.1715,0.28968,0.26233,0.20786,0.042727,0.023529,0.00012725,0.0022434
0.091454,0.15232,0.27418,0.2368,0.12326,0.074582,0.0015316,0.045879,0.2323,0.27536,0.29927,0.10834,0.060894,0.015277,2.6205e-005,0.0085276
0.065153,0.15091,0.352,0.25305,0.10322,0.046238,0.0002706,0.029153,0.24866,0.28608,0.25979,0.13201,0.045062,0.023605,0.0004915,0.004292
0.090649,0.099121,0.34012,0.26976,0.12206,0.059451,0.00064871,0.018185,0.25021,0.2772,0.27437,0.10331,0.034684,0.035029,0.015664,0.0095216
0.078716,0.12551,0.36483,0.24907,0.10584,0.062383,6.932e-005,0.013578,0.26526,0.2953,0.24071,0.12487,0.039054,0.024398,0.0086865,0.0017278
0.088475,0.16086,0.34743,0.24721,0.10321,0.035808,0.00011844,0.016891,0.24644,0.30982,0.24559,0.11486,0.066261,0.012813,2.226e-005,0.0042017
0.074909,0.17161,0.30122,0.27421,0.11926,0.048033,0.0002569,0.010496,0.18777,0.33177,0.24903,0.12833,0.054222,0.03697,0.0047478,0.0071603
0.057454,0.19974,0.26912,0.29429,0.13137,0.031625,6.4348e-005,0.016333,0.19867,0.32109,0.27532,0.12592,0.052951,0.021723,0.0016708,0.0026541
0.066867,0.20633,0.241,0.29227,0.12284,0.050661,0.00033666,0.019686,0.22593,0.30826,0.26548,0.13484,0.031487,0.031312,0.00029143,0.0024029
0.087211,0.17247,0.25511,0.25865,0.13205,0.073317,0.0037631,0.017426,0.22014,0.26797,0.2647,0.15793,0.059129,0.025916,0.00098256,0.0032426
0.062393,0.18213,0.27748,0.27385,0.13392,0.042309,0.015092,0.012833,0.24443,0.25932,0.27664,0.11532,0.070718,0.027165,3.0795e-006,0.0064088
0.090118,0.16482,0.25177,0.28167,0.11427,0.074434,0.0011433,0.021775,0.25586,0.30034,0.22852,0.10911,0.06386,0.028398,3.5467e-006,0.013902
0.10131,0.18205,0.27316,0.24776,0.1108,0.067601,4.4165e-005,0.017288,0.24438,0.25514,0.22555,0.17096,0.054681,0.031839,0.0011313,0.016323
0.083204,0.13615,0.29179,0.28986,0.13907,0.048834,0.0018431,0.0092463,0.28301,0.24632,0.25368,0.14616,0.048809,0.020088,4.9585e-005,0.0018687
0.072244,0.15883,0.32368,0.26467,0.10915,0.046019,0.0064455,0.018948,0.25395,0.30994,0.22052,0.10989,0.065195,0.035547,3.7924e-005,0.0049302
0.084984,0.15475,0.27904,0.28228,0.1265,0.040442,0.0055039,0.0265,0.24401,0.28483,0.23047,0.11432,0.093378,0.028499,0.0010415,0.0034583
0.10539,0.13603,0.28412,0.27511,0.10119,0.046805,0.00067743,0.050687,0.21344,0.26526,0.23694,0.15312,0.089948,0.02073,0.0054089,0.01515
0.074805,0.16304,0.31482,0.259,0.11728,0.054932,0.0048178,0.011303,0.1912,0.36664,0.21474,0.11405,0.06018,0.051397,2.9188e-005,0.0017575
0.065579,0.1957,0.29929,0.2647,0.11641,0.044059,0.0044162,0.0098535,0.22092,0.31936,0.20876,0.13754,0.066682,0.035244,8.9293e-005,0.0114
0.070055,0.20296,0.27008,0.28069,0.097734,0.056066,0.0018086,0.020604,0.24898,0.3297,0.18866,0.12357,0.050529,0.042941,0.0090296,0.0065883
0.086027,0.19984,0.26361,0.25349,0.12714,0.058408,5.0207e-005,0.011442,0.21778,0.29744,0.20926,0.13278,0.083042,0.049978,0.002077,0.0076396
0.086023,0.19256,0.2907,0.2428,0.1064,0.063197,0.0024169,0.015902,0.27387,0.26167,0.16937,0.18723,0.06439,0.021482,0.0024741,0.019511
0.079434,0.16949,0.26966,0.29753,0.11211,0.055881,0.0017996,0.014092,0.24678,0.25003,0.23928,0.11059,0.099148,0.045114,0.00030282,0.0087496
0.091884,0.11393,0.33171,0.288,0.083289,0.076781,0.0014772,0.012928,0.24704,0.26685,0.25076,0.13656,0.048006,0.035484,0.0018595,0.013437
0.059899,0.12778,0.27867,0.28928,0.14974,0.06013,0.011584,0.022923,0.2064,0.29724,0.27126,0.091372,0.071752,0.049814,0.00035235,0.011814
0.093684,0.1113,0.34367,0.27175,0.1066,0.047567,0.0076979,0.017727,0.23048,0.30809,0.17814,0.12022,0.10544,0.049001,0.0070281,0.0015901
0.097134,0.11167,0.30506,0.26237,0.14394,0.053772,0.0074295,0.018622,0.24426,0.25296,0.2346,0.16008,0.065357,0.033116,0.0037337,0.0058913
0.11692,0.14954,0.26826,0.2661,0.10509,0.069377,3.4208e-005,0.024681,0.23383,0.29104,0.22547,0.14334,0.069793,0.029101,0.0046911,0.0027328
0.065011,0.13021,0.345,0.22811,0.1254,0.08336,0.0013007,0.021609,0.20332,0.2926,0.25917,0.15978,0.052946,0.0090985,0.006245,0.016828
0.046892,0.15316,0.35194,0.28555,0.096542,0.058607,0.0014623,0.0058432,0.16799,0.23709,0.30098,0.13841,0.071087,0.051109,0.0012138,0.03212
0.056064,0.18129,0.26958,0.28227,0.1029,0.084757,0.00023196,0.022907,0.17547,0.28331,0.28075,0.1627,0.052058,0.040637,0.0043889,0.00069046
0.08064,0.1456,0.2724,0.25074,0.13824,0.09744,0.0011555,0.013784,0.23275,0.31381,0.23394,0.12383,0.063415,0.019492,7.4025e-005,0.012697
0.096361,0.12825,0.2903,0.29873,0.10502,0.064153,1.4097e-005,0.017175,0.23674,0.35358,0.22814,0.084115,0.047291,0.032959,5.3773e-007,0.01717
0.059684,0.13152,0.26227,0.30873,0.12882,0.077256,0.0019758,0.02975,0.2439,0.33435,0.19106,0.11941,0.071772,0.033249,9.534e-005,0.0061678
0.04943,0.12746,0.27212,0.34098,0.10038,0.075418,0.0076687,0.026549,0.2044,0.36126,0.22779,0.11202,0.059594,0.016922,0.0094637,0.0085628
0.086377,0.11668,0.26474,0.31484,0.10576,0.08378,0.015505,0.012322,0.24358,0.33975,0.24652,0.061458,0.053151,0.027429,0.0060629,0.022051
0.062898,0.11786,0.32391,0.3142,0.098196,0.061079,0.0014045,0.020452,0.27787,0.3437,0.22816,0.047914,0.081801,0.018082,0.00079474,0.0016802
0.06772,0.09579,0.32385,0.33206,0.10155,0.059117,0.0020476,0.017864,0.27149,0.27054,0.18951,0.085863,0.12387,0.054601,0.00022187,0.0039
0.051439,0.11945,0.30784,0.30738,0.14216,0.054623,0.0024672,0.014643,0.26533,0.3193,0.21215,0.092265,0.076634,0.030637,0.00016519,0.0035223
0.062187,0.16259,0.33158,0.27593,0.097782,0.057829,0.0014708,0.010634,0.22645,0.30907,0.25953,0.10514,0.078837,0.01829,0.00040596,0.0022827
0.062722,0.17873,0.29245,0.28356,0.098185,0.053458,0.0064478,0.024447,0.22943,0.34537,0.26573,0.097552,0.045344,0.0090763,0.0052974,0.0021988
0.06477,0.14372,0.2663,0.30257,0.13303,0.064003,0.0091133,0.016498,0.18057,0.3581,0.25886,0.092428,0.088662,0.019171,0.00025221,0.0019589
0.072675,0.17385,0.26863,0.29058,0.11593,0.05947,0.009855,0.0090131,0.18307,0.38886,0.30786,0.047357,0.049346,0.022612,1.9766e-006,0.00090021
0.083107,0.15421,0.30218,0.29343,0.092688,0.045557,0.010056,0.01877,0.17463,0.40699,0.21396,0.084155,0.076358,0.041113,4.9678e-005,0.0027444
0.073099,0.13947,0.30959,0.30612,0.072887,0.075238,0.0061305,0.017466,0.21853,0.3586,0.25895,0.077298,0.064046,0.021034,0.0013136,0.00021624
0.067195,0.12268,0.32225,0.33094,0.077019,0.069175,0.0011493,0.0095892,0.2051,0.3307,0.2248,0.088414,0.11237,0.036678,1.2752e-005,0.0019204
0.052665,0.16917,0.28534,0.30678,0.10911,0.059334,0.0057882,0.011808,0.23101,0.31978,0.24867,0.082627,0.092478,0.023084,0.00037709,0.0019727
0.098218,0.12801,0.30277,0.27645,0.12287,0.052211,0.00026194,0.019206,0.26905,0.30149,0.21069,0.075279,0.10923,0.030088,5.155e-006,0.0041539
0.11228,0.14742,0.32774,0.2295,0.10965,0.051407,1.8581e-005,0.021976,0.26478,0.28018,0.24182,0.072963,0.11186,0.018811,7.5568e-005,0.0095159
0.099811,0.16882,0.31974,0.20892,0.11798,0.066565,6.3376e-005,0.018106,0.25928,0.28971,0.19567,0.12873,0.086504,0.029278,2.5427e-007,0.010828
0.076309,0.15353,0.34099,0.24389,0.083305,0.088699,0.00015374,0.013117,0.24847,0.34148,0.21236,0.11832,0.064357,0.01082,0.0019066,0.0022831
0.10857,0.14074,0.3112,0.25702,0.102,0.071435,2.7419e-005,0.0090086,0.24014,0.32911,0.20286,0.083967,0.1311,0.0089921,0.0012323,0.0025975
0.062802,0.15015,0.26194,0.31283,0.14635,0.04675,0.00057315,0.018599,0.21484,0.39724,0.17681,0.094578,0.092036,0.014857,0.0049384,0.0046974
0.08221,0.18895,0.29878,0.25178,0.11931,0.040898,0.00020138,0.017875,0.20992,0.32597,0.23913,0.1302,0.061755,0.019688,0.003481,0.0098505
0.073429,0.19445,0.30051,0.24918,0.10822,0.049633,0.0011628,0.023412,0.2111,0.32599,0.22051,0.15232,0.072999,0.012668,0.0002755,0.0041354
0.05576,0.21166,0.26162,0.27857,0.10807,0.060219,0.00069098,0.023412,0.23359,0.32785,0.25838,0.075662,0.084351,0.0065463,0.008895,0.0047238
0.049381,0.20693,0.23765,0.29754,0.12221,0.067204,0.0021974,0.016888,0.20871,0.28144,0.25797,0.1105,0.107,0.028147,0.0012141,0.0050157
0.062739,0.17484,0.30685,0.30768,0.09526,0.041438,0.0012309,0.009958,0.23924,0.27163,0.25315,0.10495,0.090444,0.030429,0.00085368,0.0093021
0.067132,0.18394,0.22482,0.33117,0.11802,0.056449,0.0010996,0.017369,0.23461,0.30908,0.23703,0.11802,0.075559,0.010697,7.2913e-007,0.01501
0.082721,0.17091,0.27454,0.30173,0.11228,0.040801,0.00068737,0.01634,0.28283,0.26047,0.22029,0.14787,0.060615,0.016586,0.00017361,0.011157
0.082383,0.16578,0.28616,0.27011,0.11774,0.059742,0.0016907,0.016397,0.27402,0.26021,0.23818,0.091132,0.090874,0.025019,1.1998e-007,0.02056
0.054697,0.14919,0.33405,0.27027,0.11233,0.063514,0.0010702,0.014885,0.22272,0.26649,0.24201,0.13914,0.10606,0.018023,6.6653e-005,0.0054804
0.078658,0.1595,0.3073,0.23215,0.12453,0.076681,0.0031506,0.018025,0.23201,0.35879,0.19516,0.11883,0.075669,0.015402,1.5099e-005,0.0041268
0.07369,0.13382,0.37224,0.25226,0.097851,0.061426,0.0037657,0.0049524,0.26862,0.3079,0.18275,0.14337,0.058422,0.034333,0.00019092,0.0044225
0.073336,0.11707,0.3381,0.29294,0.089412,0.068533,0.0017563,0.018856,0.19545,0.30075,0.20157,0.17607,0.090754,0.024774,2.0908e-005,0.010606
0.061472,0.14854,0.32346,0.26901,0.076236,0.066633,0.012198,0.04244,0.22765,0.32773,0.25937,0.091991,0.056272,0.033176,1.583e-007,0.0038106
0.054881,0.1669,0.32495,0.27602,0.11005,0.058358,0.0029634,0.005869,0.22518,0.2874,0.24331,0.12306,0.093177,0.018781,0.0048395,0.0042609
0.078224,0.14187,0.32853,0.25552,0.10327,0.061737,0.0067352,0.024112,0.19715,0.32726,0.20713,0.14122,0.10275,0.016776,0.001325,0.0063848
0.099987,0.16269,0.30221,0.26991,0.09839,0.047373,0.00225,0.017197,0.1967,0.34258,0.24901,0.09235,0.08521,0.022879,0.00082426,0.010443
0.076893,0.13168,0.3365,0.2591,0.11449,0.067171,0.0051034,0.0090673,0.20781,0.3128,0.24911,0.12598,0.068321,0.028738,0.0011902,0.0060622
0.086948,0.13242,0.28929,0.3121,0.10167,0.058395,0.0014418,0.017732,0.16457,0.2815,0.31757,0.12426,0.072237,0.031517,0.0024396,0.0059077
0.084353,0.12463,0.30357,0.29137,0.10135,0.06117,0.0094923,0.024067,0.16936,0.33608,0.24805,0.13765,0.057141,0.024435,0.0029842,0.024311
0.11433,0.16421,0.26332,0.30699,0.06466,0.063755,0.0064238,0.016309,0.20002,0.30369,0.25369,0.10542,0.072648,0.046947,0.00012417,0.017452
0.082218,0.1269,0.31908,0.32013,0.090737,0.048491,0.0048357,0.0076036,0.20869,0.31468,0.23774,0.14716,0.053723,0.034531,8.0308e-005,0.0033902
0.063356,0.13279,0.32501,0.31318,0.08803,0.060163,0.0011863,0.016292,0.23506,0.29877,0.21307,0.14778,0.060582,0.03361,0.0046477,0.0064795
0.071147,0.15515,0.26176,0.29899,0.11294,0.08236,0.0019178,0.015728,0.23463,0.31817,0.22659,0.11927,0.071329,0.022149,0.0006469,0.0072155
0.0653,0.16092,0.2907,0.2968,0.12219,0.052133,0.00096751,0.010985,0.24988,0.31094,0.19548,0.11159,0.084941,0.033795,0.0026681,0.010707
0.073755,0.14942,0.26965,0.30854,0.10266,0.075593,0.0033942,0.016985,0.19815,0.35924,0.19123,0.12487,0.094651,0.016406,0.0047472,0.010708
0.087349,0.17966,0.2298,0.27972,0.11566,0.078726,0.0074877,0.02159,0.2308,0.29019,0.21402,0.15514,0.089918,0.018424,0.00037988,0.0011279
0.099445,0.14452,0.30198,0.30086,0.06454,0.061151,0.018252,0.0092418,0.25743,0.30373,0.17614,0.11841,0.10959,0.028884,0.0021298,0.0036765
0.080655,0.16183,0.2878,0.28576,0.1118,0.0536,0.0035846,0.014965,0.24379,0.31523,0.24156,0.095857,0.067307,0.030921,0.004313,0.0010214
0.10084,0.13336,0.25949,0.324,0.1062,0.051019,0.0032683,0.021814,0.25967,0.28216,0.28102,0.094961,0.065292,0.012852,0.00066434,0.003377
0.094281,0.16235,0.24322,0.33116,0.092148,0.05329,0.0020939,0.021449,0.25168,0.26196,0.21733,0.11969,0.11472,0.019399,0.00035297,0.014857
0.09731,0.19253,0.23266,0.28181,0.1092,0.050407,0.0068135,0.02927,0.22761,0.30563,0.24342,0.1381,0.060524,0.014936,0.00023195,0.009549
0.081667,0.144,0.22945,0.32682,0.12573,0.078124,0.0020136,0.012201,0.20943,0.35129,0.23845,0.080609,0.084851,0.026027,0.0017202,0.007619
0.08875,0.12492,0.31137,0.26755,0.10053,0.071434,0.0020538,0.033393,0.25584,0.28398,0.22322,0.13284,0.076849,0.024265,0.00020455,0.002798
0.071294,0.13608,0.26889,0.34632,0.086716,0.067227,0.0048485,0.018623,0.18709,0.3075,0.27254,0.11946,0.085921,0.0181,0.0024014,0.0069888
0.076473,0.12458,0.26978,0.35363,0.090539,0.067799,0.0029654,0.01423,0.21141,0.28709,0.25626,0.12747,0.080554,0.024382,0.0043805,0.0084547
0.084915,0.13308,0.37668,0.25312,0.10486,0.041176,0.00088981,0.0052818,0.20733,0.3058,0.27863,0.10308,0.06786,0.033081,7.6279e-005,0.0041336
0.058146,0.1424,0.3262,0.25406,0.13284,0.067947,0.0024122,0.015995,0.21446,0.28907,0.27654,0.14193,0.048129,0.024739,0.00030134,0.0048261
0.050991,0.19068,0.29888,0.26486,0.09701,0.081091,0.0064747,0.010018,0.2023,0.24637,0.32521,0.12566,0.054848,0.039698,3.991e-005,0.0058735
0.056387,0.18968,0.2302,0.33377,0.099671,0.05238,0.01071,0.0272,0.25627,0.29621,0.25673,0.088891,0.066492,0.028893,0.00064722,0.0058568
0.080548,0.1719,0.25361,0.28828,0.10906,0.073366,0.0055321,0.017696,0.20234,0.31052,0.23639,0.11788,0.086472,0.035408,1.7317e-006,0.010991
0.075693,0.13338,0.25147,0.30637,0.11058,0.095892,0.0044784,0.022132,0.25986,0.32478,0.2432,0.090056,0.055771,0.023446,0.0012277,0.0016481
0.064529,0.17173,0.27925,0.28822,0.081863,0.086774,0.0037506,0.023885,0.2078,0.36338,0.21073,0.14219,0.055843,0.014839,0.00030693,0.0048993
0.074591,0.17742,0.26952,0.27842,0.09315,0.082513,0.0018963,0.022495,0.18968,0.35413,0.2434,0.13116,0.059537,0.017604,0.00031887,0.0041706
0.061992,0.12953,0.31292,0.3056,0.1061,0.062798,0.0026239,0.018444,0.24454,0.28792,0.20515,0.10527,0.11577,0.03113,0.0067564,0.0034735
0.087857,0.16118,0.29569,0.27932,0.092712,0.06872,0.0028305,0.011694,0.19707,0.31479,0.23549,0.15299,0.067662,0.02501,0.0026635,0.0043232
0.07735,0.15283,0.29082,0.27711,0.10365,0.07819,0.0071719,0.012891,0.22483,0.26756,0.23769,0.11687,0.10554,0.039882,0.0041769,0.0034603
0.094544,0.14564,0.27844,0.29076,0.12226,0.05413,0.0036908,0.010533,0.24069,0.29697,0.2285,0.1346,0.049912,0.026356,0.0039667,0.019005
0.070897,0.14132,0.27561,0.31832,0.11404,0.046143,0.0022201,0.031457,0.25572,0.30407,0.21517,0.12437,0.070649,0.017051,0.00082569,0.012135
0.083331,0.14387,0.287,0.29536,0.10051,0.058124,0.0065517,0.025253,0.21546,0.30267,0.24981,0.11055,0.081466,0.036586,0.00081542,0.0026399
0.11305,0.13507,0.31454,0.22543,0.099014,0.064541,0.015603,0.032741,0.23043,0.28719,0.21164,0.12918,0.083973,0.043537,0.0086422,0.0053987
0.075437,0.16766,0.26126,0.27767,0.095805,0.079949,0.0090536,0.03316,0.21594,0.28614,0.25889,0.14578,0.051515,0.030957,0.002491,0.0082858
0.088672,0.17963,0.27817,0.25743,0.10842,0.071334,0.00596,0.010378,0.17159,0.29962,0.24307,0.17234,0.05,0.039724,0.0037482,0.019913
0.081396,0.17508,0.31162,0.22328,0.10684,0.081183,0.0079604,0.012639,0.22296,0.27929,0.21218,0.14286,0.083909,0.031986,0.0088742,0.017946
0.096014,0.21341,0.26158,0.24273,0.10102,0.068571,0.0004066,0.016274,0.18717,0.32661,0.26733,0.10192,0.076445,0.020369,0.0035852,0.016571
0.077722,0.17816,0.29851,0.2568,0.1191,0.050252,0.00077699,0.018673,0.18367,0.29893,0.2805,0.1218,0.067412,0.0379,0.0086559,0.0011389
0.076067,0.18579,0.29516,0.21578,0.14683,0.061699,0.0026281,0.016051,0.17736,0.32277,0.28101,0.12385,0.070939,0.018539,1.5925e-005,0.0055227
0.068302,0.18995,0.32665,0.21531,0.099549,0.070895,0.0083763,0.020972,0.21336,0.34518,0.22388,0.11553,0.079664,0.010152,0.0058671,0.0063692
0.10018,0.17928,0.26097,0.27455,0.090341,0.06436,0.0099918,0.02032,0.25279,0.24442,0.27159,0.11615,0.089133,0.011198,0.00051197,0.014211
0.091146,0.16567,0.29054,0.25528,0.11163,0.046647,0.0035414,0.035543,0.28044,0.2144,0.29439,0.11898,0.050953,0.027008,8.5697e-005,0.013741
0.062691,0.16023,0.32462,0.27582,0.097117,0.052534,0.00041815,0.026577,0.21453,0.23271,0.28005,0.13963,0.085971,0.042791,0.0022314,0.0020912
0.059641,0.1971,0.31,0.28759,0.095813,0.03243,0.0036216,0.013811,0.25346,0.22118,0.32213,0.099948,0.063443,0.028877,0.00074554,0.010213
0.096097,0.19302,0.27842,0.21779,0.11896,0.070331,0.0030133,0.022369,0.25192,0.2399,0.26529,0.13981,0.068845,0.024323,0.00050774,0.0094145
0.094291,0.157,0.2978,0.27325,0.099096,0.068413,7.4004e-005,0.010077,0.20211,0.29274,0.24013,0.15709,0.062296,0.036559,0.00023371,0.0088341
0.084143,0.14646,0.29512,0.2891,0.087695,0.081753,0.00089152,0.014834,0.24662,0.26194,0.23934,0.12058,0.073376,0.050803,0.0026334,0.0047085
0.068912,0.15605,0.31814,0.27339,0.12518,0.046025,0.00033477,0.011967,0.27022,0.22378,0.19782,0.19856,0.069064,0.038625,0.00021146,0.0017147
0.062003,0.11377,0.36748,0.26163,0.13531,0.037177,0.0065878,0.016037,0.29196,0.24934,0.20912,0.13822,0.085296,0.022003,1.8805e-007,0.0040584
0.063646,0.16265,0.31101,0.279,0.11542,0.052185,0.0067837,0.0093094,0.25176,0.26165,0.21462,0.12908,0.12001,0.019581,0.0001356,0.0031692
0.073102,0.14515,0.28496,0.30156,0.13786,0.029047,0.0031605,0.025163,0.23477,0.31092,0.20739,0.15123,0.085847,0.0046381,4.8177e-008,0.0052041
0.12615,0.15551,0.30444,0.25949,0.097697,0.032481,0.0030229,0.021215,0.24773,0.2914,0.21194,0.14607,0.06931,0.028406,9.7686e-006,0.0051366
0.056723,0.15452,0.33527,0.30432,0.089609,0.041116,0.0019418,0.016498,0.29022,0.21813,0.22422,0.14786,0.085121,0.023618,6.2687e-006,0.010822
0.066214,0.14269,0.28854,0.33672,0.08806,0.051956,0.0040281,0.021798,0.29137,0.26303,0.18941,0.13174,0.10355,0.0097389,0.00078573,0.010369
0.10131,0.13752,0.34379,0.2701,0.082098,0.030796,0.014364,0.020025,0.28092,0.26507,0.20283,0.13565,0.077886,0.022097,0.0010208,0.01454
0.082691,0.14458,0.3606,0.27346,0.062648,0.048308,7.1279e-005,0.027645,0.21172,0.3152,0.21999,0.15368,0.069385,0.018031,0.0060695,0.0059242
0.097292,0.1649,0.31141,0.28656,0.076711,0.045784,0.00011051,0.017244,0.24118,0.33521,0.19018,0.15496,0.051038,0.021835,0.00090522,0.0046958
0.060384,0.13704,0.35864,0.26842,0.10376,0.04198,0.00093078,0.02884,0.25246,0.30161,0.22086,0.13003,0.065154,0.023412,0.00047346,0.0060003
0.084504,0.16046,0.35881,0.26018,0.083087,0.040835,0.0018951,0.010228,0.22255,0.26254,0.24106,0.14323,0.11432,0.012772,4.2259e-005,0.0034856
0.067547,0.21535,0.30171,0.26376,0.073781,0.060988,0.002286,0.014584,0.18364,0.30296,0.25237,0.13937,0.070968,0.035221,0.0011055,0.014362
0.080508,0.16242,0.27592,0.27317,0.11493,0.071551,0.0021841,0.019313,0.25102,0.34698,0.18885,0.11385,0.05435,0.026417,0.00056048,0.017974
0.091559,0.21256,0.25344,0.27342,0.091094,0.061974,0.0018576,0.014092,0.22942,0.35728,0.22049,0.097425,0.043593,0.028816,5.8204e-006,0.022974
0.069692,0.16499,0.31149,0.27758,0.099635,0.061332,0.00092556,0.014358,0.24784,0.3323,0.21267,0.079522,0.092422,0.019196,0.0065869,0.009459
0.037869,0.17645,0.34691,0.25857,0.10201,0.072543,5.6479e-005,0.005589,0.22952,0.28461,0.23952,0.14126,0.085138,0.018493,0.00073504,0.00071758
0.088338,0.14836,0.35259,0.21541,0.12114,0.050488,0.00084065,0.022838,0.22045,0.29729,0.22164,0.15715,0.058321,0.034502,0.0005228,0.01012
0.061192,0.1667,0.34078,0.24619,0.096435,0.065138,0.0074723,0.016094,0.20653,0.27749,0.22841,0.16102,0.062231,0.041631,0.0030971,0.019586
0.055105,0.15639,0.31863,0.29497,0.094129,0.060408,0.0029471,0.017413,0.1757,0.28715,0.29571,0.14244,0.063028,0.022854,0.0011666,0.011944
0.062278,0.17272,0.31689,0.26399,0.10674,0.057934,0.0018814,0.017564,0.19729,0.29731,0.2692,0.13631,0.04574,0.031818,0.0092897,0.013045
0.047042,0.20892,0.28912,0.26367,0.11554,0.050226,0.0040462,0.021444,0.26842,0.27049,0.24715,0.12188,0.048747,0.029664,0.0056954,0.0079465
0.061378,0.16961,0.30381,0.28358,0.11619,0.042696,0.0024491,0.020288,0.29826,0.26043,0.22915,0.10076,0.060983,0.041695,0.0061417,0.0025841
0.094887,0.15342,0.29052,0.26753,0.10318,0.077698,0.0045788,0.0081874,0.21748,0.30973,0.24829,0.12413,0.05786,0.028469,0.0004757,0.01356
0.086409,0.17739,0.2987,0.27523,0.097617,0.054905,0.0014056,0.0083421,0.18256,0.35477,0.23008,0.088161,0.09003,0.033223,0.014605,0.0065753
0.087258,0.16564,0.30131,0.2498,0.11894,0.054154,0.005277,0.017617,0.20755,0.32727,0.24633,0.098192,0.07347,0.043663,0.0027946,0.00073804
0.065941,0.14717,0.32868,0.25834,0.12379,0.05383,0.00084631,0.0214,0.2136,0.29142,0.23736,0.15356,0.086915,0.014051,0.0017692,0.001331
0.082994,0.15943,0.27548,0.24128,0.13776,0.079281,0.0087585,0.015016,0.226,0.26964,0.22628,0.12523,0.12732,0.0047849,0.0028984,0.01784
0.052421,0.1772,0.29853,0.23326,0.13194,0.065916,0.0074223,0.033317,0.20158,0.27758,0.25039,0.1218,0.10339,0.032481,0.0066724,0.0061087
0.03986,0.18246,0.27229,0.28487,0.13789,0.068792,0.0015468,0.012292,0.22028,0.2883,0.21058,0.11033,0.11392,0.051517,0.00065371,0.0044075
0.052654,0.15756,0.32367,0.25844,0.12119,0.051364,0.0075682,0.027549,0.27145,0.2588,0.24766,0.087426,0.096021,0.033755,0.0011763,0.0037183
0.058673,0.16908,0.28212,0.29037,0.11385,0.050651,0.0039016,0.03136,0.23854,0.29346,0.21388,0.14818,0.066361,0.028103,0.0012476,0.010236
0.064303,0.10261,0.32884,0.24634,0.17207,0.067402,0.0051348,0.013309,0.23365,0.29604,0.24427,0.11526,0.070521,0.026057,0.0029253,0.011279
0.056705,0.14478,0.32814,0.31387,0.087248,0.051431,0.0096787,0.0081438,0.23674,0.3017,0.25278,0.10645,0.056462,0.025779,0.0044909,0.015608
0.070765,0.13488,0.31088,0.28866,0.10436,0.075272,0.0020127,0.013171,0.20601,0.31655,0.24347,0.14429,0.067917,0.016264,0.00036692,0.0051324
0.074772,0.14353,0.32196,0.26617,0.11231,0.06088,0.0018862,0.018486,0.16814,0.34622,0.25105,0.12052,0.067446,0.037607,0.0044776,0.0045356
0.061312,0.11807,0.27238,0.31856,0.14075,0.073575,0.0050791,0.010272,0.19529,0.33138,0.26706,0.12163,0.060682,0.015557,0.00037731,0.0080375
0.057072,0.083401,0.32276,0.33144,0.12327,0.052517,0.017978,0.011557,0.24341,0.28557,0.25911,0.12779,0.063507,0.0084367,0.0040719,0.008103
0.10934,0.099166,0.35113,0.27476,0.096046,0.055206,0.0044327,0.0099278,0.22835,0.24736,0.25382,0.15873,0.080283,0.024694,0.0019528,0.0048004
0.092125,0.082784,0.32666,0.25827,0.12807,0.082777,0.017336,0.011979,0.20027,0.30686,0.23789,0.12694,0.069063,0.052216,0.0040244,0.0027338
0.079451,0.12545,0.33281,0.24368,0.11876,0.069837,0.0075958,0.022414,0.21813,0.25387,0.24318,0.16545,0.068144,0.044538,0.0045018,0.0021912
0.080491,0.15182,0.30198,0.21091,0.1441,0.085769,0.0015735,0.023344,0.18326,0.2852,0.26688,0.13813,0.069006,0.050361,0.0044263,0.0027382
0.059152,0.15107,0.30554,0.28163,0.13014,0.054988,0.0028771,0.014598,0.21937,0.2482,0.24231,0.11788,0.10393,0.044406,0.013818,0.010088
0.051153,0.13356,0.32245,0.28157,0.13045,0.064947,3.0182e-005,0.01585,0.25874,0.24817,0.22313,0.13078,0.089295,0.03252,0.0048371,0.012528
0.077239,0.15168,0.32119,0.27309,0.10612,0.04799,0.0010027,0.021685,0.24014,0.3032,0.24154,0.11307,0.05052,0.022795,0.015247,0.013499
0.073556,0.20708,0.31774,0.251,0.073551,0.050622,0.004437,0.022019,0.25449,0.32073,0.22104,0.099425,0.041913,0.029365,0.01447,0.018569
0.059558,0.1841,0.2828,0.25344,0.13282,0.051525,0.0015438,0.034222,0.20103,0.33276,0.221,0.095569,0.090062,0.045987,0.0031351,0.010461
0.096033,0.16101,0.28914,0.26093,0.10894,0.061842,0.00013375,0.021969,0.24233,0.28093,0.23864,0.083293,0.10642,0.030228,0.0056651,0.012497
0.077149,0.17317,0.28542,0.25844,0.10502,0.079592,0.0033908,0.017808,0.24487,0.30182,0.22052,0.095298,0.1138,0.020712,0.00045059,0.0025331
0.081413,0.16799,0.29299,0.28493,0.113,0.0438,0.0044003,0.011467,0.20725,0.2813,0.23782,0.11852,0.10566,0.036717,0.002291,0.010448
0.06954,0.17506,0.28598,0.30305,0.10319,0.034844,0.0032152,0.025129,0.21654,0.28322,0.24667,0.12351,0.082366,0.041795,0.0038959,0.0020058
0.073662,0.16387,0.27991,0.28855,0.13292,0.048421,0.00075551,0.011906,0.26731,0.29806,0.19282,0.12474,0.082891,0.024517,0.00039898,0.0092657
0.074102,0.18482,0.28079,0.27363,0.11442,0.059785,0.001098,0.011351,0.2447,0.27962,0.23871,0.10374,0.10136,0.014243,0.0070033,0.010624
0.052855,0.16632,0.32577,0.25379,0.13143,0.058282,0.00015514,0.011404,0.25411,0.24101,0.27129,0.084684,0.098055,0.048094,0.0011987,0.0015615
0.049411,0.18598,0.23679,0.32003,0.12553,0.068847,0.00021491,0.013203,0.26173,0.25364,0.27104,0.073396,0.063722,0.069748,0.0025187,0.0042093
0.050453,0.18955,0.22388,0.32078,0.11017,0.075091,0.0014068,0.028674,0.23942,0.29275,0.25698,0.098166,0.055387,0.029957,0.014029,0.013311
0.085249,0.15577,0.30001,0.26487,0.11693,0.060338,0.0035704,0.013273,0.25361,0.24006,0.30775,0.099853,0.051108,0.034282,0.0098177,0.0035272
0.091246,0.16863,0.29836,0.23081,0.10807,0.081319,0.0032267,0.018334,0.28074,0.25225,0.26345,0.057972,0.1221,0.0086954,0.0010439,0.013746
0.09064,0.17645,0.28839,0.26088,0.11108,0.055768,0.0064222,0.01036,0.24366,0.23043,0.24422,0.10814,0.13875,0.023442,0.00022131,0.011134
0.10577,0.17652,0.2746,0.29037,0.08932,0.057435,0.0010059,0.0049758,0.24425,0.24453,0.25505,0.13741,0.087473,0.022385,0.00023486,0.00867
0.093633,0.14973,0.27272,0.30564,0.10166,0.057333,0.0014136,0.017874,0.19888,0.23507,0.34002,0.10475,0.062679,0.047856,0.0006541,0.010094
0.086949,0.17454,0.29443,0.27448,0.091456,0.061674,0.00069676,0.015778,0.25704,0.24121,0.29803,0.11516,0.051479,0.021431,0.0061766,0.0094701
0.082311,0.16814,0.24708,0.27704,0.12799,0.055284,0.0044021,0.037757,0.2208,0.2288,0.28871,0.12246,0.072509,0.039549,0.0057129,0.021459
0.086326,0.17949,0.25425,0.27891,0.099784,0.071987,0.001332,0.027933,0.2012,0.29676,0.23754,0.095736,0.09371,0.045735,0.0067094,0.022615
0.10528,0.13869,0.28351,0.26888,0.1225,0.069707,0.00018744,0.011236,0.16127,0.30802,0.28175,0.12164,0.071264,0.038709,0.0022425,0.0151
0.10059,0.1799,0.32146,0.23949,0.087444,0.059617,0.0016663,0.009832,0.15035,0.34116,0.2739,0.12065,0.066229,0.039199,0.00035383,0.0081551
0.090899,0.15873,0.30566,0.25689,0.11669,0.063755,0.0006017,0.0067751,0.19379,0.3697,0.20706,0.10722,0.081649,0.021935,0.002924,0.015726
0.069697,0.15306,0.28646,0.25689,0.12993,0.079428,2.5859e-005,0.02451,0.22884,0.32751,0.22092,0.11194,0.056844,0.019334,0.0081497,0.026463
0.1071,0.16653,0.29153,0.27261,0.10139,0.040606,0.00029339,0.019943,0.19424,0.2927,0.27546,0.15367,0.071649,0.010732,0.00013407,0.0014134
0.098851,0.11374,0.30573,0.30923,0.11202,0.045515,2.3113e-005,0.014885,0.18091,0.29954,0.26644,0.14766,0.066832,0.030141,0.001567,0.0069115
0.058354,0.19656,0.28943,0.32366,0.085115,0.038245,0.0024637,0.006169,0.18408,0.25568,0.2835,0.12424,0.064591,0.073149,0.00065833,0.014109
0.065207,0.14914,0.29076,0.33902,0.088461,0.045087,0.00064012,0.021688,0.28848,0.23731,0.21865,0.15237,0.04556,0.054275,0.0023976,0.00094869
0.061083,0.15112,0.3175,0.31202,0.10824,0.031675,0.002057,0.016313,0.30448,0.17486,0.25715,0.16682,0.062361,0.029506,0.00088128,0.0039322
0.08563,0.15506,0.31498,0.30648,0.076537,0.031657,0.0086843,0.020979,0.26213,0.24911,0.25105,0.16995,0.028299,0.035582,0.00019389,0.0036848
0.087576,0.1618,0.30247,0.30985,0.092429,0.035794,0.0017863,0.0083061,0.21071,0.26022,0.25729,0.15776,0.063221,0.033848,0.0019584,0.014992
0.064935,0.14406,0.38319,0.26746,0.090787,0.036895,0.0043261,0.0083463,0.23965,0.3228,0.20451,0.12711,0.069297,0.026955,0.0028464,0.0068261
0.078784,0.13892,0.31985,0.23675,0.12897,0.068948,0.0037304,0.024043,0.2465,0.25879,0.27417,0.12706,0.071345,0.013455,0.003697,0.0049824
0.075565,0.16163,0.30264,0.27945,0.11096,0.053667,0.0010841,0.015008,0.21415,0.28884,0.27687,0.10804,0.072903,0.032145,0.0013014,0.0057438
0.057994,0.19662,0.28079,0.27622,0.094987,0.067315,5.9817e-005,0.026023,0.29177,0.24239,0.21259,0.15172,0.065362,0.023986,0.00058091,0.011602
0.056788,0.18779,0.29429,0.27258,0.080547,0.089655,0.001089,0.017258,0.27217,0.22449,0.23652,0.15459,0.079832,0.023213,0.002725,0.0064604
0.11404,0.12207,0.32838,0.23091,0.083501,0.083342,0.0057618,0.031997,0.19605,0.30547,0.26792,0.10048,0.097447,0.021363,0.0066235,0.004651
0.090855,0.1498,0.32398,0.28845,0.067003,0.058785,2.1287e-005,0.021108,0.19593,0.31583,0.23015,0.1733,0.048417,0.018392,0.003748,0.014237
0.05738,0.17871,0.31884,0.26646,0.078851,0.090747,7.5179e-006,0.0089992,0.14094,0.31863,0.2815,0.15611,0.070739,0.016117,0.0036565,0.0123
0.065439,0.18756,0.28216,0.26201,0.12273,0.053828,0.00078958,0.025488,0.189,0.32958,0.2754,0.12357,0.048178,0.015592,0.0010667,0.017617
0.08285,0.1313,0.27484,0.31518,0.13633,0.043096,0.00036319,0.01604,0.22231,0.27781,0.30102,0.11351,0.037382,0.019049,0.0051122,0.023799
0.099196,0.15845,0.31392,0.2328,0.11697,0.065503,0.00038078,0.01279,0.2484,0.2438,0.29361,0.089568,0.092595,0.022683,0.00025955,0.0090824
0.070002,0.17313,0.30586,0.27985,0.081332,0.075661,0.00029717,0.01386,0.25631,0.30112,0.20634,0.13101,0.076929,0.015277,0.0020385,0.010967
0.058732,0.18972,0.29831,0.31105,0.067996,0.062588,0.00068688,0.010927,0.24845,0.29974,0.23089,0.099426,0.084907,0.016499,0.0028369,0.017244
0.073852,0.13937,0.31639,0.26644,0.10891,0.076268,0.0036929,0.015084,0.28007,0.27161,0.22547,0.12921,0.068947,0.010379,0.00038371,0.013933
0.061856,0.16969,0.28319,0.30079,0.097799,0.072853,0.00095197,0.012871,0.23046,0.26087,0.25804,0.12284,0.097545,0.01924,0.00087342,0.01013
0.050026,0.13226,0.3323,0.29087,0.12181,0.05139,0.0029137,0.01844,0.22728,0.28606,0.23804,0.12964,0.091931,0.014493,0.010173,0.002395
0.044817,0.1424,0.32393,0.26136,0.15073,0.063865,0.00081125,0.012083,0.23329,0.28703,0.22449,0.12852,0.081592,0.03259,0.0027003,0.0097955
0.041029,0.1645,0.35227,0.23634,0.12871,0.058845,0.0015793,0.016733,0.26161,0.29272,0.20704,0.13633,0.063663,0.022873,0.0096575,0.0061119
0.053517,0.12574,0.29565,0.28729,0.17295,0.050198,0.00029288,0.014357,0.21665,0.32122,0.20293,0.12396,0.089697,0.041244,0.00023979,0.0040516
0.066965,0.11626,0.28068,0.30809,0.11275,0.092044,0.0018892,0.021335,0.20191,0.33495,0.23575,0.10145,0.084153,0.031866,0.0035073,0.0064108
0.072177,0.16731,0.33804,0.26682,0.083371,0.054586,0.00020534,0.017498,0.21165,0.36952,0.235,0.088628,0.063481,0.022431,0.00055493,0.0087419
0.064955,0.14522,0.35499,0.26523,0.12034,0.038694,5.9473e-005,0.010519,0.22881,0.34357,0.21993,0.1069,0.067961,0.018114,0.00070211,0.014022
0.095741,0.14241,0.36329,0.22653,0.10364,0.056516,0.0013418,0.010515,0.19522,0.34141,0.25227,0.11077,0.065037,0.025257,0.0013385,0.0086823
0.083097,0.11797,0.32223,0.25739,0.14757,0.048146,4.5779e-005,0.023547,0.20518,0.35365,0.22661,0.1044,0.065753,0.023446,0.013709,0.0072504
0.099721,0.12372,0.322,0.27303,0.10422,0.068417,9.2051e-007,0.0088961,0.19847,0.29893,0.24546,0.09544,0.10572,0.033588,0.010594,0.011795
0.086568,0.14441,0.29305,0.2417,0.14527,0.067076,3.7398e-005,0.021889,0.27113,0.29052,0.2038,0.089856,0.094624,0.033575,0.0026149,0.013888
0.047992,0.1577,0.3801,0.2285,0.12673,0.047216,0.00012469,0.011631,0.24569,0.26307,0.21025,0.16392,0.074214,0.03814,0.0011441,0.0035743
0.068824,0.16385,0.32527,0.27603,0.0874,0.066748,0.00069143,0.011189,0.28401,0.25997,0.22804,0.11515,0.07322,0.021788,0.011301,0.0065308
0.047699,0.18694,0.29334,0.26426,0.11113,0.077139,0.0012138,0.018278,0.24696,0.22654,0.26859,0.15478,0.062729,0.027465,0.0047726,0.0081695
0.064814,0.1875,0.32352,0.26697,0.10207,0.042288,7.9672e-005,0.012755,0.24228,0.23547,0.24048,0.1522,0.092621,0.03348,0.0015228,0.0019423
0.07533,0.15713,0.29576,0.30517,0.091419,0.06537,0.00042823,0.0093911,0.25891,0.24836,0.27357,0.13141,0.064685,0.011087,9.565e-005,0.011882
0.07068,0.17674,0.29048,0.29868,0.076621,0.050259,0.0090658,0.027473,0.2466,0.29326,0.2767,0.10411,0.068883,0.0054846,0.00028613,0.004669
0.0683,0.16505,0.25732,0.33943,0.090492,0.061092,0.0038693,0.014448,0.25576,0.27229,0.21623,0.14991,0.089439,0.012369,2.4422e-007,0.0039974
0.06879,0.15494,0.27099,0.32927,0.076223,0.067754,0.0010354,0.031003,0.27152,0.24474,0.29352,0.09447,0.088729,0.006226,2.0312e-005,0.00077133
0.085709,0.15824,0.26912,0.29212,0.10335,0.075291,0.00032884,0.015841,0.23432,0.30503,0.2496,0.10849,0.090467,0.010346,1.249e-005,0.0017316
0.062561,0.19262,0.27252,0.28714,0.098891,0.069851,0.00051094,0.015908,0.2045,0.34691,0.23432,0.11326,0.078321,0.019482,0.00042153,0.0027889
0.048084,0.16241,0.2956,0.3064,0.11632,0.049751,0.00019297,0.021241,0.21614,0.32688,0.25513,0.13016,0.058867,0.011246,5.8357e-007,0.0015717
0.054738,0.13956,0.28469,0.27348,0.16789,0.053063,0.011088,0.01549,0.18912,0.36288,0.26984,0.091721,0.064806,0.014601,0.001082,0.0059446
0.075572,0.12176,0.28236,0.30485,0.12681,0.063322,0.0066875,0.018633,0.16121,0.34564,0.27391,0.10604,0.088203,0.019912,0.0002268,0.0048591
0.096154,0.14744,0.29673,0.25714,0.12181,0.060435,0.0043903,0.015896,0.24348,0.29136,0.27164,0.10448,0.056472,0.023558,0.0011188,0.0078892
0.080902,0.13671,0.32208,0.26183,0.11248,0.062498,0.0017356,0.021768,0.2279,0.30267,0.28198,0.071456,0.039066,0.056106,0.00046196,0.020364
0.077749,0.11481,0.33852,0.27174,0.1189,0.063388,6.8877e-005,0.014823,0.21231,0.29646,0.26685,0.12801,0.044969,0.02708,0.0014575,0.022867
0.064046,0.1479,0.31687,0.2632,0.12916,0.06483,0.0039983,0.0099976,0.21504,0.28711,0.27942,0.11286,0.067802,0.028728,0.0002977,0.0087312
0.075493,0.14608,0.2447,0.25257,0.15086,0.10327,5.4648e-005,0.026964,0.19512,0.28614,0.31172,0.10074,0.067394,0.028864,0.002164,0.0078583
0.078774,0.11317,0.32261,0.26806,0.11786,0.074072,0.0010115,0.024442,0.22335,0.27544,0.22166,0.14541,0.097434,0.028115,0.0021165,0.0064655
0.079792,0.14752,0.33495,0.21185,0.12974,0.072854,0.0026384,0.020657,0.25711,0.29199,0.21384,0.14441,0.061877,0.020116,0.00021876,0.010437
0.065838,0.15167,0.26293,0.2414,0.17161,0.083085,0.00035785,0.023109,0.26554,0.29833,0.22719,0.097116,0.075744,0.023429,0.0021058,0.010548
0.065852,0.14695,0.26776,0.29742,0.11708,0.091261,0.00023582,0.013438,0.2907,0.29377,0.22789,0.068744,0.10713,0.0038682,0.0013615,0.0065343
0.045538,0.20447,0.24855,0.2969,0.12228,0.073899,0.0011205,0.0072345,0.26888,0.29396,0.23914,0.080873,0.072727,0.016873,0.0045008,0.023049
0.069718,0.16263,0.27727,0.29992,0.14218,0.038602,0.0018975,0.007789,0.19418,0.29561,0.26059,0.10964,0.091555,0.027426,0.0062404,0.01476
0.058284,0.1786,0.30821,0.2842,0.11695,0.036848,0.00025185,0.016651,0.17217,0.31364,0.24462,0.10652,0.12102,0.0292,0.0007664,0.012073
0.046221,0.1491,0.30235,0.3055,0.13856,0.046673,0.0020984,0.0094988,0.19219,0.3206,0.27575,0.075746,0.083183,0.037671,0.0019223,0.012942
0.05357,0.15987,0.30504,0.27652,0.11586,0.074756,0.00084595,0.013543,0.2401,0.30735,0.23966,0.061335,0.085399,0.0394,0.011118,0.015639
0.080508,0.17256,0.31239,0.22856,0.1401,0.059754,0.0022282,0.0039018,0.26067,0.2775,0.24946,0.062468,0.083107,0.035597,0.0052042,0.026002
0.10668,0.16781,0.28736,0.28033,0.10551,0.043738,0.003494,0.0050764,0.28073,0.27453,0.23026,0.10477,0.077222,0.024766,0.00078414,0.0069324
0.10492,0.15505,0.27794,0.27448,0.10353,0.0574,0.00016472,0.026517,0.26788,0.29245,0.25004,0.068584,0.096429,0.010285,0.0024229,0.011917
0.081547,0.137,0.31209,0.30361,0.094307,0.059574,0.0020064,0.0098595,0.26023,0.25862,0.26726,0.094929,0.076094,0.019525,0.00038321,0.02297
0.078931,0.13712,0.31796,0.28544,0.10985,0.06017,1.1689e-005,0.01052,0.24864,0.28117,0.2803,0.089304,0.0682,0.0059428,3.0656e-006,0.02645
0.069039,0.14513,0.34096,0.26253,0.11943,0.054288,0.00089495,0.0077257,0.27104,0.36093,0.2228,0.074928,0.04645,0.015553,0.00014031,0.008156
0.11079,0.15175,0.2882,0.24765,0.13266,0.054749,0.00010048,0.014101,0.26863,0.31504,0.27921,0.066279,0.045578,0.015283,0.00021358,0.0097622
0.082189,0.14262,0.31999,0.30444,0.093019,0.048543,0.00059151,0.0086111,0.26468,0.31262,0.23485,0.093934,0.070558,0.0095109,0.0015297,0.012312
0.10005,0.16985,0.29992,0.24978,0.11134,0.039549,0.0032096,0.026296,0.26822,0.28881,0.19493,0.13878,0.086537,0.008597,1.1394e-007,0.014127
0.064574,0.12799,0.3545,0.26388,0.10951,0.049978,0.00045494,0.029111,0.24422,0.33032,0.23066,0.087556,0.082914,0.017463,0.0045238,0.0023408
0.052347,0.14322,0.34393,0.29461,0.091343,0.056906,0.0014563,0.016176,0.26558,0.33123,0.19049,0.098487,0.065726,0.042768,0.00029066,0.0054242
0.045287,0.15258,0.31297,0.28961,0.129,0.05824,0.0004638,0.011846,0.26571,0.32621,0.22721,0.09579,0.03748,0.026132,0.0030557,0.018419
0.058521,0.17554,0.28341,0.25197,0.12975,0.078048,0.0015634,0.021196,0.24497,0.34795,0.24236,0.069346,0.055396,0.024381,0.0024694,0.013133
0.084385,0.16833,0.31242,0.24976,0.095612,0.07171,0.0014994,0.016287,0.23121,0.31005,0.25033,0.098658,0.07587,0.016172,0.00018383,0.017538
0.057077,0.17306,0.34915,0.25958,0.098724,0.053113,0.00032137,0.0089744,0.23729,0.31017,0.2642,0.10949,0.032651,0.028051,0.0091351,0.0090046
0.061923,0.16195,0.33962,0.2441,0.1257,0.051643,0.0035722,0.011493,0.25258,0.26844,0.24399,0.12187,0.04358,0.049396,0.0087325,0.011403
0.069358,0.17375,0.30704,0.27262,0.10788,0.041218,0.0085982,0.019533,0.1932,0.3488,0.25922,0.093231,0.052362,0.047784,0.00082351,0.0045813
0.072047,0.17571,0.30265,0.27244,0.096435,0.060636,0.0047105,0.015374,0.20152,0.298,0.25018,0.13761,0.059845,0.046872,0.0022547,0.003723
0.065321,0.17286,0.30772,0.24591,0.1394,0.049487,0.0032698,0.01603,0.23442,0.35609,0.19686,0.076212,0.075571,0.037196,0.006657,0.016988
0.052851,0.13899,0.32655,0.27191,0.13022,0.054931,0.0076413,0.016905,0.31215,0.30847,0.19278,0.092619,0.05287,0.018551,0.0010482,0.021513
0.078232,0.15494,0.31765,0.28068,0.10062,0.047508,0.004498,0.015881,0.24948,0.28585,0.25132,0.11341,0.054976,0.017483,0.0037572,0.023724
0.086329,0.13224,0.31968,0.27441,0.096984,0.062739,0.013767,0.013848,0.21136,0.28872,0.23709,0.13255,0.089017,0.029791,0.00062124,0.010855
0.10226,0.14599,0.27835,0.26871,0.13672,0.05039,0.0043173,0.013258,0.21994,0.29179,0.1874,0.12497,0.13114,0.039106,0.0012837,0.0043741
0.067866,0.14993,0.27667,0.28571,0.11647,0.075058,0.0012908,0.027006,0.23644,0.2894,0.19697,0.10194,0.12234,0.032746,0.0034053,0.016759
0.073251,0.14012,0.32812,0.26857,0.10649,0.07398,0.00064138,0.0088206,0.20613,0.24081,0.26223,0.13976,0.093757,0.04973,0.0030261,0.0045463
0.077717,0.086272,0.32551,0.29402,0.13619,0.069013,0.00021331,0.011067,0.20693,0.26805,0.23777,0.14998,0.11029,0.021534,0.0018778,0.0035744
0.067792,0.097433,0.31889,0.30175,0.13774,0.048162,0.0016913,0.026532,0.19788,0.24588,0.28878,0.10975,0.11117,0.034841,0.0010089,0.010685
0.088442,0.095216,0.33578,0.28918,0.13658,0.040139,0.00017793,0.014485,0.20569,0.26542,0.23854,0.14674,0.10094,0.028003,0.0061297,0.0085428
0.066891,0.14603,0.31366,0.31057,0.10258,0.045984,0.0023359,0.011949,0.22236,0.26416,0.22797,0.15241,0.065996,0.040026,0.0042793,0.022799
0.070826,0.15462,0.2578,0.3301,0.092518,0.075333,0.0027703,0.01603,0.17916,0.30636,0.29868,0.14324,0.03455,0.02397,0.0013339,0.012695
0.041539,0.15085,0.29973,0.35042,0.083949,0.045664,0.0061174,0.021725,0.21136,0.29121,0.23051,0.16231,0.049988,0.035616,0.0035067,0.015502
0.080525,0.1571,0.30428,0.281,0.096585,0.069612,0.00071032,0.010187,0.19623,0.31052,0.21112,0.16308,0.068623,0.038975,0.0054596,0.0059892
0.061897,0.17539,0.28852,0.3156,0.093457,0.047713,0.00078558,0.016635,0.18568,0.30865,0.22844,0.16317,0.083073,0.018519,0.0044208,0.008049
0.086764,0.18834,0.29642,0.2575,0.11886,0.041692,0.0018866,0.0085414,0.19606,0.30512,0.2955,0.11892,0.047718,0.028197,0.0074093,0.0010703
0.073307,0.16352,0.29434,0.27498,0.11424,0.055344,0.00094476,0.023321,0.20408,0.3468,0.23447,0.1152,0.054765,0.035953,0.0019842,0.0067507
0.08124,0.14144,0.29104,0.31302,0.09307,0.039085,0.0069388,0.034159,0.20766,0.28989,0.26165,0.14422,0.041936,0.036241,0.0043715,0.014028
0.074619,0.16521,0.29259,0.29433,0.088426,0.050992,0.0018214,0.032008,0.16341,0.2832,0.27353,0.15178,0.091111,0.028197,0.0036608,0.0051189
0.076843,0.18571,0.26936,0.28354,0.10265,0.049925,0.0026961,0.029265,0.15688,0.25764,0.26195,0.16853,0.1129,0.027999,0.0084443,0.0056574
0.087395,0.17779,0.27771,0.24134,0.14644,0.051645,0.0025091,0.015169,0.18538,0.31353,0.23455,0.13743,0.092013,0.031508,0.00052814,0.0050691
0.1017,0.18151,0.24892,0.28281,0.11271,0.059182,0.0029869,0.010182,0.19127,0.31059,0.21299,0.1669,0.08419,0.017995,0.0026077,0.013463
0.065495,0.14113,0.32904,0.2683,0.097917,0.082696,0.0073786,0.0080422,0.19155,0.35569,0.2331,0.14195,0.062088,0.0062994,0.0026722,0.0066495
0.067274,0.16307,0.28228,0.25407,0.12595,0.095584,0.0015031,0.010277,0.18736,0.339,0.22623,0.1429,0.046051,0.032541,0.001068,0.024855
0.062138,0.20213,0.29303,0.22668,0.11184,0.089143,0.00060658,0.014433,0.20872,0.33107,0.23937,0.11516,0.055342,0.030697,0.0045619,0.015079
0.070045,0.24698,0.25893,0.27581,0.080139,0.051522,0.0005259,0.016043,0.28177,0.32307,0.22987,0.10676,0.036288,0.01496,0.00045603,0.0068331
0.086528,0.20172,0.30133,0.25342,0.079431,0.059312,0.004208,0.014054,0.18845,0.31189,0.25163,0.14821,0.07435,0.010829,0.0014496,0.013194
0.043341,0.17001,0.31847,0.23639,0.13728,0.061479,0.0085363,0.02449,0.22657,0.30866,0.22277,0.15286,0.059389,0.022615,0.001549,0.0055906
0.071334,0.1083,0.34148,0.28469,0.10847,0.075725,0.00034675,0.0096649,0.26492,0.27876,0.21925,0.11796,0.070714,0.042871,0.0010965,0.0044221
0.053908,0.14035,0.35336,0.25089,0.10769,0.08238,0.0016515,0.0097726,0.25062,0.31163,0.24736,0.097126,0.056884,0.028773,0.0012325,0.006376
0.050979,0.13794,0.32501,0.2916,0.11734,0.061207,0.0034527,0.012469,0.21959,0.30067,0.28732,0.10011,0.055998,0.030298,3.6635e-005,0.005975
0.059461,0.13654,0.33914,0.26099,0.14468,0.039314,0.00013537,0.019738,0.19496,0.29816,0.31718,0.11589,0.051028,0.020843,0.0002182,0.0017341
0.066415,0.14746,0.31326,0.2754,0.12658,0.051362,0.0015244,0.017988,0.20761,0.3396,0.27956,0.10991,0.036213,0.026335,0.00017541,0.00060118
0.044794,0.19827,0.26641,0.26149,0.13557,0.068694,0.0016423,0.023127,0.22386,0.34335,0.23495,0.12918,0.044898,0.008129,0.0090491,0.006582
0.04395,0.20646,0.28846,0.28872,0.095619,0.060963,0.00020121,0.01562,0.18619,0.38357,0.24653,0.11888,0.04231,0.018457,0.0036412,0.00042374
0.082791,0.15696,0.32067,0.26264,0.08519,0.061701,0.0032851,0.026764,0.16184,0.33507,0.2771,0.10674,0.073285,0.034284,9.5528e-005,0.011589
0.10399,0.1815,0.26042,0.28808,0.074848,0.06279,0.0015686,0.026811,0.23052,0.36202,0.22262,0.10749,0.051215,0.013707,9.8839e-005,0.01232
0.085822,0.13552,0.25933,0.30966,0.11603,0.068583,0.00011424,0.024935,0.19762,0.34432,0.20932,0.13265,0.077068,0.030852,0.00061692,0.007553
0.094771,0.1459,0.30843,0.27018,0.099998,0.060158,0.0034338,0.01713,0.16374,0.36432,0.23855,0.11753,0.064033,0.025301,0.0097398,0.016773
0.1021,0.1174,0.34755,0.25398,0.10018,0.063622,0.0011342,0.014041,0.17227,0.43622,0.18039,0.12578,0.061952,0.015977,7.8857e-005,0.0073329
0.12894,0.12966,0.31857,0.25504,0.086282,0.057782,0.00090957,0.022817,0.17624,0.41277,0.19838,0.13359,0.05947,0.011795,0.00059667,0.0071535
0.057564,0.12697,0.36562,0.25828,0.10987,0.065937,0.0030723,0.012693,0.20741,0.34026,0.2141,0.14297,0.061693,0.031687,0.0014099,0.00048115
0.078485,0.1269,0.28517,0.30014,0.12897,0.065291,0.0016005,0.013447,0.23523,0.33178,0.23715,0.1102,0.051859,0.019237,0.0093305,0.0052139
0.10414,0.12153,0.23674,0.30217,0.13864,0.069281,0.0014926,0.026006,0.24969,0.31925,0.24601,0.078191,0.060739,0.028305,0.0063479,0.011471
0.072752,0.15021,0.33875,0.27608,0.099609,0.049686,0.0031422,0.0097703,0.23726,0.32305,0.27244,0.05031,0.094463,0.014748,0.0010787,0.0066557
0.084918,0.15953,0.27966,0.27548,0.10163,0.077537,0.0094944,0.011755,0.26954,0.32975,0.2209,0.035038,0.10513,0.02982,0.002315,0.0075019
0.087187,0.11725,0.32654,0.27994,0.11209,0.067781,0.0025275,0.0066912,0.28064,0.25116,0.25222,0.091575,0.093494,0.024988,0.0044832,0.0014366
0.11521,0.12997,0.32772,0.27464,0.10273,0.030779,0.0055311,0.013419,0.24113,0.27441,0.24763,0.13025,0.071493,0.029186,0.00069936,0.0051986
0.078901,0.13752,0.32301,0.26495,0.089914,0.069048,0.012372,0.024279,0.18701,0.31277,0.20808,0.13129,0.13172,0.022636,0.0015016,0.00499
0.077179,0.15525,0.34024,0.25138,0.098753,0.057204,0.00078785,0.019207,0.21816,0.27445,0.22251,0.16834,0.09469,0.020762,0.00028513,0.0008028
0.065335,0.12781,0.29573,0.25768,0.13798,0.075583,0.0082715,0.031615,0.19697,0.29017,0.22774,0.11995,0.11593,0.04111,0.0047354,0.0033927
0.082223,0.13012,0.29273,0.28138,0.12887,0.073556,0.0016297,0.0094948,0.25425,0.29747,0.2021,0.1689,0.054869,0.011526,4.894e-005,0.010841
0.073012,0.17222,0.2951,0.25376,0.10629,0.084288,0.0051506,0.010179,0.23283,0.27862,0.2816,0.1275,0.042735,0.031059,0.00068424,0.0049705
0.083445,0.1842,0.25719,0.26618,0.1471,0.046665,0.001535,0.013676,0.19615,0.27753,0.25559,0.16199,0.086086,0.018221,1.4679e-005,0.004423
0.072419,0.18539,0.26011,0.27635,0.1355,0.048033,0.0057807,0.016407,0.23092,0.28248,0.25342,0.11922,0.0758,0.036038,0.00010742,0.0020155
0.098316,0.17877,0.30915,0.23742,0.088477,0.072734,0.0025502,0.012579,0.22585,0.28933,0.25092,0.1212,0.062266,0.038405,0.0057999,0.0062365
0.038716,0.17821,0.31561,0.2797,0.077893,0.081171,0.00081361,0.027886,0.20841,0.29344,0.26293,0.11863,0.082599,0.028553,0.00062473,0.0048215
0.070325,0.16119,0.32604,0.27912,0.10338,0.05284,0.0031849,0.0039167,0.23808,0.3374,0.24152,0.10191,0.02846,0.046861,0.00015665,0.0056074
0.097474,0.15491,0.29862,0.24293,0.12267,0.074122,9.9916e-006,0.0092592,0.17051,0.397,0.22953,0.12695,0.033047,0.032717,0.0032339,0.007001
0.10076,0.14997,0.32598,0.24047,0.099616,0.075004,0.00015948,0.0080439,0.25238,0.34607,0.18522,0.11741,0.07047,0.020463,0.004107,0.0038836
0.096362,0.14168,0.28994,0.26776,0.12105,0.062692,0.00042046,0.020096,0.21715,0.3234,0.24206,0.12436,0.068814,0.015141,0.0044389,0.0046353
0.074003,0.16195,0.35171,0.24965,0.086529,0.049471,0.00034737,0.026339,0.18851,0.32591,0.22124,0.1356,0.095793,0.01728,0.0015128,0.014154
0.079401,0.15373,0.32594,0.22832,0.097881,0.070621,0.0036625,0.040446,0.23097,0.28512,0.24166,0.11732,0.09249,0.02486,0.002348,0.0052313
0.10603,0.15928,0.30352,0.22298,0.089442,0.065036,0.014288,0.03942,0.17912,0.31302,0.27287,0.13374,0.069385,0.022288,0.00022931,0.0093482
0.098269,0.15083,0.3244,0.24895,0.097465,0.048838,0.0072139,0.024025,0.18129,0.24838,0.34633,0.11181,0.091796,0.0055012,0.00018343,0.014712
0.080257,0.16036,0.31347,0.25562,0.12572,0.048058,1.0938e-005,0.016503,0.23864,0.23657,0.30859,0.10299,0.09059,0.0086868,0.0053787,0.0085502
0.063162,0.16826,0.30997,0.24477,0.13286,0.05794,0.0015462,0.021489,0.25968,0.22835,0.30934,0.074819,0.10159,0.013222,0.00094384,0.01206
0.073908,0.16574,0.30366,0.2861,0.10354,0.0348,0.0072308,0.025031,0.27767,0.24192,0.27285,0.095792,0.075409,0.016152,0.0059281,0.014271
0.079948,0.156,0.28127,0.2898,0.12441,0.055164,0.0044401,0.0089713,0.21728,0.25837,0.32811,0.093989,0.066199,0.023477,0.0032429,0.0093226
0.093043,0.17052,0.25656,0.31197,0.09063,0.06012,0.0054533,0.011707,0.18535,0.29485,0.25072,0.14472,0.077288,0.037339,0.0040358,0.0057004
0.087164,0.17648,0.31256,0.25314,0.079776,0.070812,2.5223e-005,0.020042,0.25436,0.25132,0.28722,0.10304,0.074335,0.024587,0.0032495,0.001897
0.08865,0.15925,0.22858,0.3098,0.12327,0.074353,0.0020878,0.014014,0.20874,0.27068,0.28845,0.15539,0.059547,0.010124,0.0017818,0.0052866
0.062045,0.14951,0.28904,0.301,0.088128,0.084921,8.7153e-005,0.025268,0.25944,0.24103,0.29895,0.1295,0.039821,0.02358,0.0015823,0.0060899
0.067945,0.17963,0.3373,0.25512,0.092056,0.04249,0.00050831,0.024955,0.2571,0.31857,0.22209,0.11558,0.040136,0.033701,0.0015078,0.011321
0.050539,0.17981,0.34377,0.26019,0.10389,0.043195,0.0032447,0.015349,0.22829,0.33959,0.22827,0.11193,0.063529,0.018934,0.0010457,0.0084059
0.085816,0.16874,0.30525,0.25451,0.11883,0.053112,0.00075852,0.012986,0.28726,0.27588,0.20108,0.11534,0.080217,0.02747,0.0016766,0.01107
0.066057,0.14059,0.32526,0.24392,0.13865,0.042766,0.012371,0.030389,0.26182,0.27986,0.21864,0.14116,0.068782,0.025554,0.0015316,0.0026594
0.063236,0.17397,0.27689,0.28854,0.10778,0.062033,0.0030354,0.024523,0.2777,0.30483,0.20602,0.10963,0.084381,0.011082,0.00023705,0.0061221
0.085461,0.13226,0.2809,0.3259,0.098934,0.051228,0.00060042,0.024719,0.27591,0.26002,0.24614,0.10122,0.07769,0.026324,2.1858e-005,0.012675
0.092766,0.16907,0.26594,0.31736,0.086331,0.03297,0.0030915,0.032467,0.25533,0.31626,0.20611,0.084153,0.093327,0.034587,0.0053663,0.0048613
0.063906,0.18855,0.31142,0.24593,0.12475,0.044402,0.00483,0.016221,0.21323,0.29115,0.25866,0.10739,0.087204,0.032329,0.00068078,0.0093495
0.075588,0.19647,0.29979,0.27561,0.1076,0.020016,0.00048376,0.024451,0.24373,0.2805,0.22974,0.12842,0.08226,0.027701,0.00489,0.0027564
0.08336,0.18515,0.3258,0.24918,0.098613,0.031136,0.0037204,0.023044,0.27198,0.29428,0.23219,0.10283,0.051878,0.033767,0.003755,0.0093315
0.069409,0.18904,0.30642,0.25695,0.11683,0.031257,0.00042617,0.029674,0.25712,0.28061,0.2479,0.10801,0.072477,0.021907,0.007318,0.0046573
0.07777,0.17598,0.28665,0.26362,0.11366,0.062288,0.00065284,0.019392,0.20346,0.29585,0.23802,0.12734,0.094347,0.012708,0.0057875,0.022491
0.089371,0.14085,0.28564,0.30137,0.10544,0.059577,2.0504e-009,0.017757,0.27609,0.26646,0.22575,0.11652,0.075683,0.021825,0.0024713,0.015197
0.071378,0.17051,0.28045,0.28977,0.10476,0.064676,1.2655e-011,0.018458,0.27231,0.24611,0.27217,0.10102,0.081992,0.015079,0.0046483,0.0066628
0.080123,0.1426,0.2888,0.31046,0.10319,0.058455,0.0058596,0.01051,0.29112,0.30438,0.20618,0.13299,0.055762,0.0035043,0.00553,0.00053494
0.078373,0.15574,0.30474,0.28125,0.10628,0.061432,1.5802e-005,0.012175,0.26876,0.29215,0.16292,0.16484,0.084223,0.019846,0.0024958,0.0047659
0.071625,0.17022,0.31526,0.26214,0.10161,0.061977,0.00062106,0.016549,0.22827,0.29269,0.2329,0.12873,0.07271,0.038469,0.0048658,0.001364
0.067302,0.13931,0.32438,0.29427,0.082402,0.066715,0.0011937,0.024419,0.2392,0.28068,0.23506,0.1306,0.085197,0.019857,0.0032634,0.0061455
0.066331,0.17698,0.29471,0.28329,0.10397,0.039211,0.00019868,0.035309,0.22056,0.30259,0.24619,0.13315,0.065208,0.026197,1.3809e-010,0.0061089
0.060182,0.20395,0.31122,0.24204,0.1283,0.032876,0.0041207,0.017314,0.25793,0.29634,0.20735,0.13587,0.090088,0.0075056,9.3398e-010,0.0049085
0.077334,0.17798,0.30683,0.26027,0.11851,0.042287,0.001449,0.015333,0.19575,0.30059,0.23314,0.13454,0.095585,0.029048,8.942e-006,0.011334
0.096722,0.13547,0.25684,0.27723,0.17508,0.044641,0.00052961,0.013478,0.23172,0.30298,0.23883,0.12793,0.063897,0.017988,2.1754e-005,0.016624
0.0869,0.13573,0.29172,0.296,0.10348,0.069658,0.0048252,0.011692,0.22855,0.25015,0.28319,0.13328,0.076595,0.021704,0.0023937,0.0041373
0.077026,0.11905,0.31049,0.29231,0.13424,0.052811,8.9664e-005,0.013973,0.21332,0.28542,0.23124,0.15359,0.078766,0.016408,0.0081478,0.013113
0.071725,0.18439,0.29758,0.25327,0.13295,0.040659,0.0021741,0.017249,0.18902,0.30962,0.24641,0.12498,0.060355,0.04944,0.0013264,0.018843
0.072212,0.21515,0.2829,0.26889,0.09257,0.055172,0.00108,0.012025,0.19988,0.24888,0.28018,0.17216,0.045583,0.045095,0.00015521,0.0080716
0.069533,0.1816,0.28295,0.25698,0.12242,0.070554,0.002987,0.012979,0.23423,0.30394,0.20329,0.14002,0.071149,0.04121,0.0011257,0.0050316
0.083414,0.14074,0.31671,0.25434,0.12888,0.060079,0.00012148,0.015715,0.25908,0.28518,0.23533,0.11121,0.083908,0.012741,6.7139e-005,0.012481
0.091962,0.15785,0.28925,0.24345,0.15152,0.044725,0.0033829,0.01786,0.23615,0.2739,0.2334,0.15037,0.079629,0.020022,0.00047371,0.0060525
0.073811,0.17804,0.30865,0.27237,0.10804,0.041041,0.0012961,0.01674,0.19324,0.29132,0.2585,0.15485,0.076549,0.014487,0.0054599,0.0055888
0.071586,0.19033,0.27873,0.28127,0.102,0.057863,0.00035852,0.017868,0.16907,0.24734,0.30748,0.1267,0.096357,0.032424,0.00067513,0.019961
0.083375,0.16905,0.27029,0.27828,0.11039,0.057332,0.0078907,0.023403,0.1913,0.27423,0.25554,0.1496,0.096547,0.022816,0.00052513,0.0094368
0.064953,0.20228,0.29197,0.24753,0.087337,0.077518,0.0090318,0.019373,0.19976,0.29324,0.2356,0.13962,0.075135,0.03691,0.0048421,0.014895
0.065968,0.17183,0.2936,0.25029,0.12268,0.069677,0.0066549,0.019294,0.23141,0.25827,0.23465,0.15454,0.089907,0.017735,0.004445,0.0090444
0.070948,0.16976,0.32224,0.24632,0.1154,0.055089,0.0022186,0.018022,0.19995,0.31085,0.26555,0.10421,0.098541,0.011492,0.00019505,0.0092073
0.068765,0.15022,0.26142,0.31434,0.10976,0.082169,0.0034332,0.0098892,0.16933,0.26705,0.27064,0.15053,0.077634,0.044584,0.015709,0.0045205
0.077179,0.15449,0.30313,0.29297,0.091724,0.06347,0.00021164,0.016826,0.19457,0.32339,0.21547,0.15516,0.057192,0.045272,0.0012951,0.0076448
0.07376,0.15696,0.31814,0.26391,0.10678,0.058158,0.00033555,0.021944,0.20959,0.29922,0.2455,0.12914,0.063118,0.025567,0.0083963,0.019462
0.057573,0.16914,0.32565,0.26929,0.1021,0.059953,0.00089092,0.01541,0.18479,0.27257,0.25528,0.18939,0.064751,0.022398,0.0011541,0.0096635
0.051835,0.18066,0.30996,0.29718,0.074027,0.063688,0.008798,0.013846,0.21444,0.30406,0.27758,0.12257,0.056737,0.0028327,0.00043715,0.02134
0.043374,0.13271,0.3237,0.33013,0.078616,0.068151,0.0050577,0.018262,0.21219,0.26881,0.27295,0.14686,0.058927,0.012353,0.0088428,0.019062
0.046532,0.16843,0.30752,0.28735,0.10266,0.065561,0.0037278,0.018207,0.21851,0.2474,0.25495,0.15023,0.063743,0.044159,0.002708,0.018298
0.047775,0.20002,0.24607,0.32342,0.078769,0.079612,0.003448,0.020892,0.23543,0.24399,0.22369,0.16769,0.080723,0.033087,0.00060425,0.014784
0.055168,0.17895,0.28541,0.31065,0.089962,0.065694,7.798e-005,0.014091,0.26908,0.27067,0.23479,0.14722,0.044455,0.027378,0.00039578,0.0060053
0.058972,0.13792,0.35151,0.28014,0.072384,0.0826,0.0016608,0.01481,0.18694,0.31078,0.27299,0.14221,0.037577,0.035567,0.00077928,0.013157
0.061018,0.15638,0.30482,0.27448,0.095055,0.098008,0.0016485,0.0085862,0.22028,0.30013,0.29197,0.10168,0.034626,0.042104,1.5128e-005,0.009185
0.081755,0.1385,0.2999,0.28222,0.10671,0.077487,0.00043602,0.012996,0.24034,0.2943,0.27751,0.082344,0.067631,0.031309,0.002691,0.0038781
0.092751,0.14933,0.28356,0.31369,0.099342,0.048741,6.7917e-005,0.012507,0.23712,0.31739,0.22954,0.11207,0.064023,0.023806,0.0023144,0.013742
0.06538,0.17652,0.31234,0.28241,0.083974,0.068527,0.00025222,0.010597,0.17375,0.34254,0.22397,0.13519,0.070457,0.035526,0.0035499,0.015019
0.075182,0.18282,0.31415,0.21248,0.089359,0.10844,0.0009134,0.016659,0.23402,0.2859,0.20668,0.15253,0.085934,0.031164,3.11e-009,0.0037734
0.075465,0.17114,0.28585,0.26633,0.091676,0.083101,0.0022955,0.024142,0.21401,0.30541,0.24955,0.13582,0.059105,0.023884,0.00055639,0.01167
0.061586,0.17175,0.31446,0.29123,0.088954,0.062291,0.00035009,0.0093821,0.1863,0.32027,0.24119,0.15274,0.060866,0.030499,0.0053513,0.002784
0.069833,0.16493,0.30373,0.29098,0.11471,0.043598,1.6068e-005,0.012204,0.18651,0.33659,0.20979,0.17291,0.083252,0.0087216,2.8629e-005,0.0021965
0.06845,0.12917,0.30239,0.28954,0.10232,0.057941,0.00063876,0.049549,0.19904,0.32486,0.21197,0.16609,0.070279,0.025913,0.0015854,0.00025922
0.076759,0.14443,0.28992,0.33679,0.077023,0.045891,0.002817,0.026374,0.2009,0.31363,0.23939,0.13827,0.078699,0.025744,0.0023246,0.0010471
0.10501,0.14265,0.25784,0.30003,0.094076,0.069655,0.0014451,0.029294,0.17009,0.34371,0.25011,0.12107,0.074014,0.027438,1.4144e-005,0.013548
0.059893,0.13292,0.30742,0.33775,0.085106,0.055828,0.00034072,0.020731,0.19945,0.31532,0.22759,0.12695,0.087129,0.035238,9.198e-006,0.008308
0.074847,0.12817,0.31383,0.35451,0.060424,0.03499,0.0022082,0.03102,0.19223,0.27866,0.23114,0.18108,0.085713,0.021425,0.0042153,0.0055463
0.059146,0.099157,0.36761,0.29435,0.10073,0.05465,0.001032,0.023329,0.21791,0.2633,0.22241,0.15924,0.088783,0.045549,0.0020543,0.00075586
0.047952,0.13704,0.36264,0.26449,0.10585,0.056781,0.0069649,0.01828,0.2129,0.31402,0.25261,0.13145,0.060926,0.026879,0.00026069,0.00096087
0.097946,0.15625,0.31944,0.25517,0.10185,0.0463,0.0066629,0.016383,0.23759,0.27518,0.2462,0.13221,0.08822,0.011316,0.001692,0.0075768
0.067564,0.14553,0.31289,0.27555,0.10204,0.083694,0.0023024,0.010438,0.22549,0.23299,0.29586,0.15739,0.059862,0.023636,0.00021294,0.0045564
0.062695,0.13144,0.35281,0.2702,0.098246,0.055052,0.00016797,0.029389,0.2403,0.27487,0.28967,0.095717,0.068343,0.025334,0.0011811,0.0045864
0.089291,0.14907,0.32598,0.27947,0.07529,0.062727,0.00044838,0.017729,0.19375,0.28146,0.30116,0.10997,0.080357,0.026002,8.7485e-005,0.0072218
0.063332,0.14481,0.30582,0.26219,0.095612,0.079445,0.010032,0.038753,0.19508,0.2791,0.26772,0.091154,0.11296,0.039834,0.01194,0.0022111
0.064275,0.14441,0.32233,0.28589,0.09268,0.067938,0.0056959,0.016773,0.22469,0.26441,0.30863,0.074743,0.088198,0.037539,0.00079096,0.00099442
0.10565,0.16232,0.24323,0.28621,0.089183,0.096931,0.00093649,0.01555,0.24256,0.23481,0.30695,0.10131,0.092907,0.016143,0.00026038,0.005068
0.06931,0.17494,0.26804,0.32153,0.088001,0.066364,0.00013019,0.011694,0.27479,0.28686,0.23264,0.080548,0.1062,0.014763,0.0013922,0.0028092
0.061702,0.19542,0.25704,0.29716,0.093333,0.076464,0.00056416,0.018315,0.23218,0.28306,0.32414,0.063915,0.061874,0.025988,0.0016926,0.0071454
0.10482,0.1516,0.27605,0.27037,0.1046,0.064836,0.00561,0.022107,0.22931,0.24713,0.29378,0.14905,0.053966,0.022235,0.0010801,0.0034412
0.095583,0.14584,0.25033,0.33869,0.086969,0.065828,0.00016094,0.016598,0.23597,0.21751,0.23758,0.15746,0.097443,0.044063,0.00017715,0.0098109
0.077355,0.1441,0.32682,0.2794,0.068599,0.080328,0.00033596,0.023065,0.18523,0.33857,0.26842,0.11835,0.048136,0.027565,0.00021309,0.013513
0.078698,0.13925,0.33904,0.26898,0.096763,0.061367,0.0013673,0.014544,0.22857,0.35681,0.19938,0.13058,0.038717,0.030846,0.0031376,0.01195
0.094761,0.16377,0.281,0.30097,0.10481,0.034718,0.00023305,0.019727,0.24304,0.33917,0.22037,0.12267,0.053092,0.015329,0.0012712,0.0050638
0.071438,0.16945,0.27883,0.27352,0.12936,0.052034,0.002199,0.023161,0.20419,0.32276,0.2544,0.10035,0.075168,0.033494,0.00022673,0.0094022
0.088255,0.13558,0.27561,0.31999,0.09296,0.071301,0.00016087,0.016141,0.21792,0.30573,0.25258,0.14798,0.044679,0.020362,0.00018743,0.010556
0.074553,0.14698,0.24138,0.32731,0.10866,0.0678,4.6194e-005,0.033273,0.26295,0.33158,0.18935,0.10097,0.065112,0.043978,0.0032356,0.0028326
0.06239,0.13057,0.30578,0.35874,0.080957,0.046746,4.9125e-005,0.014769,0.22777,0.30001,0.25897,0.13351,0.046669,0.026965,0.00070422,0.0054098
0.096859,0.13186,0.32967,0.27564,0.07876,0.069599,3.4602e-005,0.01759,0.19111,0.25831,0.29449,0.13128,0.093534,0.021186,0.0046931,0.0054027
0.096493,0.13779,0.28122,0.29985,0.091276,0.070394,1.3551e-005,0.022961,0.21418,0.27311,0.28864,0.12561,0.070022,0.0143,0.009747,0.0043909
0.065599,0.13764,0.2737,0.30961,0.12355,0.066524,0.0049455,0.018433,0.22306,0.24477,0.26483,0.15326,0.062042,0.021015,0.0033999,0.027625
0.064003,0.16539,0.29061,0.27163,0.10561,0.086341,0.00011056,0.016315,0.1846,0.2262,0.29737,0.14868,0.11575,0.017444,0.00052501,0.0094211
0.066802,0.14498,0.33232,0.22583,0.11389,0.090105,2.6656e-006,0.026063,0.17192,0.27916,0.26716,0.14488,0.10131,0.025389,0.0026378,0.0075423
0.065639,0.15514,0.30748,0.25519,0.089344,0.094075,0.00059105,0.032544,0.19071,0.24755,0.27524,0.12727,0.12231,0.024448,0.0072986,0.0051641
0.072589,0.16719,0.2941,0.24012,0.13962,0.059184,2.1113e-005,0.027178,0.18885,0.29708,0.27114,0.1334,0.090423,0.016562,0.00021947,0.0023206
0.10475,0.13931,0.25229,0.3054,0.12135,0.065849,0.00017419,0.010883,0.23006,0.2493,0.25395,0.11725,0.10295,0.037618,5.651e-005,0.0088083
0.085581,0.16312,0.26632,0.30057,0.10968,0.061732,0.00012807,0.012878,0.27754,0.27808,0.24853,0.08671,0.077635,0.024551,0.00080798,0.0061514
0.097496,0.15015,0.28956,0.30563,0.10076,0.035612,0.0014347,0.019352,0.25651,0.27398,0.24988,0.11557,0.072255,0.021676,0.0013408,0.008793
0.080946,0.16467,0.30052,0.27746,0.11227,0.033319,0.0013611,0.029457,0.22585,0.32209,0.23076,0.11726,0.062505,0.033641,0.00034072,0.0075459
0.10967,0.17316,0.32195,0.26967,0.065523,0.038843,0.0038518,0.017334,0.21358,0.28234,0.23669,0.15502,0.058474,0.041549,0.00065394,0.011701
0.10964,0.15856,0.32114,0.28696,0.064386,0.044955,0.0027955,0.011565,0.27613,0.25975,0.24012,0.13839,0.064504,0.015932,0.00041985,0.0047464
0.10417,0.14607,0.29097,0.32168,0.077868,0.045343,0.0021164,0.011781,0.23906,0.28063,0.22189,0.15499,0.076933,0.019353,0.0019137,0.0052404
0.08484,0.16482,0.31855,0.29022,0.072425,0.050052,0.00011007,0.018979,0.26118,0.24867,0.21412,0.17091,0.069191,0.028883,0.0026002,0.0044412
0.064678,0.14857,0.29861,0.27928,0.12078,0.064262,0.0026207,0.021214,0.21543,0.30795,0.18356,0.1335,0.12547,0.030434,0.00015311,0.0035047
0.088363,0.15057,0.33186,0.25591,0.11473,0.035443,0.0059626,0.017158,0.2321,0.2539,0.23836,0.11312,0.11208,0.042791,0.0048588,0.0027974
0.092862,0.19921,0.27616,0.28906,0.08745,0.04149,0.0024584,0.011306,0.23285,0.27321,0.25031,0.11598,0.083113,0.037305,0.00029344,0.0069336
0.074995,0.17419,0.28138,0.26068,0.11074,0.070698,8.1442e-005,0.027238,0.19807,0.32286,0.22856,0.13492,0.082068,0.021693,0.0016339,0.010193
0.075466,0.18372,0.26737,0.25915,0.11721,0.06263,0.0064199,0.028029,0.20881,0.31516,0.2481,0.11812,0.080102,0.019397,0.0014789,0.0088251
0.09712,0.16269,0.33601,0.22612,0.092394,0.06113,0.0074096,0.017135,0.23572,0.2959,0.21659,0.1492,0.074208,0.01689,8.3453e-006,0.011475
0.091119,0.12531,0.35684,0.28948,0.069021,0.039283,0.0064297,0.022516,0.20094,0.27941,0.25476,0.14858,0.097653,0.011862,0.00049873,0.0062869
0.096079,0.13838,0.29805,0.32073,0.077534,0.04899,0.0025337,0.0177,0.22291,0.32777,0.27338,0.11349,0.043952,0.0082332,0.00052789,0.0097344
0.069226,0.12393,0.31355,0.32715,0.094916,0.050873,0.0047128,0.015645,0.24083,0.3205,0.25464,0.11013,0.042495,0.018674,0.003454,0.0092736
0.053632,0.141,0.36975,0.24077,0.13099,0.044554,0.006568,0.01274,0.25736,0.32748,0.20076,0.11601,0.057398,0.029771,0.0069,0.0043186
0.068353,0.16556,0.3526,0.25636,0.097677,0.040826,0.0010919,0.017536,0.22946,0.29623,0.19569,0.16544,0.089072,0.021749,0.00058716,0.0017777
0.069294,0.14105,0.28531,0.29975,0.13777,0.038475,0.0041265,0.024222,0.23217,0.29209,0.19196,0.11562,0.13159,0.02302,0.003587,0.0099554
0.0618,0.1395,0.34028,0.25956,0.11175,0.05594,0.014776,0.016398,0.20072,0.24758,0.26503,0.12724,0.096568,0.05968,0.00086539,0.0023262
0.062747,0.13442,0.34273,0.28649,0.099958,0.052433,0.0041979,0.017019,0.25588,0.28013,0.20244,0.13522,0.084951,0.039323,0.00071904,0.0013293
0.094124,0.15668,0.32459,0.27616,0.089328,0.050268,0.0012022,0.0076483,0.1886,0.31894,0.22794,0.14623,0.099099,0.0094959,0.0024384,0.007243
0.10081,0.14608,0.29367,0.26643,0.12601,0.047793,0.0054755,0.013725,0.21185,0.32336,0.23984,0.11592,0.087095,0.01669,0.0020968,0.0031403
0.088237,0.15183,0.31886,0.25921,0.11105,0.051045,0.00096801,0.0188,0.22924,0.28552,0.23244,0.14649,0.078108,0.021553,0.0027387,0.0039055
0.074207,0.11817,0.3152,0.29857,0.10384,0.076479,0.0018826,0.011652,0.25927,0.25258,0.26815,0.1193,0.089095,0.0065725,0.0028671,0.002168
0.091675,0.16898,0.26973,0.28048,0.087535,0.093839,0.0022886,0.0054757,0.25826,0.29455,0.23013,0.094203,0.095874,0.018858,0.0066122,0.0015088
0.096422,0.1295,0.31897,0.26365,0.10301,0.077927,0.0010056,0.0095189,0.22579,0.30939,0.25751,0.10385,0.075118,0.013318,2.1134e-006,0.015022
0.10073,0.10401,0.33234,0.28623,0.099829,0.063479,0.0020453,0.011334,0.20929,0.25408,0.31485,0.10807,0.093436,0.013847,0.0014163,0.0050093
0.089295,0.13412,0.33752,0.25268,0.097098,0.058232,0.017213,0.013839,0.18325,0.28928,0.29075,0.11004,0.10033,0.022201,0.0033665,0.00078489
0.099481,0.17643,0.33078,0.19503,0.10144,0.065292,0.013069,0.018476,0.23311,0.274,0.26901,0.10918,0.07766,0.028824,0.002239,0.0059673
0.057556,0.15495,0.36946,0.23491,0.09524,0.064785,0.0066537,0.016456,0.22874,0.24811,0.2617,0.16251,0.075299,0.014732,0.0056589,0.003254
0.048026,0.15537,0.31788,0.30194,0.098206,0.058468,0.00063053,0.019476,0.22708,0.26113,0.20518,0.14431,0.10717,0.051796,2.2605e-007,0.0033336
0.056488,0.19515,0.29689,0.25257,0.11115,0.054285,0.004594,0.028872,0.1672,0.33614,0.25651,0.107,0.10958,0.020871,0.00024481,0.0024425
0.072504,0.17374,0.27079,0.28391,0.11311,0.074237,0.0009946,0.010719,0.20346,0.32014,0.22824,0.13985,0.087558,0.0186,0.00012045,0.0020326
0.087574,0.16272,0.2767,0.27245,0.084975,0.093099,0.0034264,0.019054,0.18778,0.368,0.24675,0.11587,0.059575,0.015469,0.0005609,0.0059924
0.090701,0.13037,0.3257,0.2687,0.093644,0.063937,0.0039043,0.02305,0.23457,0.29854,0.27695,0.10701,0.067394,0.013183,3.7163e-005,0.0023219
0.072386,0.14441,0.32012,0.30046,0.087829,0.059064,0.0015748,0.014163,0.18908,0.3915,0.22761,0.094093,0.071295,0.015727,0.0010911,0.009602
0.10636,0.12086,0.31315,0.27276,0.079917,0.077009,0.0023242,0.027618,0.17073,0.3593,0.23301,0.12541,0.079312,0.027909,0.0012617,0.0030822
0.046841,0.15244,0.34601,0.27018,0.081986,0.069887,0.0055615,0.027092,0.18118,0.29092,0.26582,0.13488,0.072234,0.03649,0.0081456,0.010326
0.045777,0.18493,0.29833,0.27488,0.11368,0.046656,0.00092349,0.03483,0.25494,0.23986,0.27961,0.13153,0.066985,0.022263,0.0047511,6.2415e-005
0.050849,0.17568,0.34539,0.23881,0.10045,0.075496,0.00097562,0.01235,0.24207,0.24672,0.26367,0.1411,0.089762,0.015541,0.0001379,0.0010027
0.072519,0.13042,0.3424,0.24375,0.11864,0.061016,0.010333,0.020923,0.20047,0.26731,0.26808,0.11759,0.11686,0.014934,0.00040153,0.014346
0.083117,0.16667,0.29645,0.27589,0.092469,0.064086,0.0074026,0.013915,0.19313,0.31732,0.2563,0.1176,0.082358,0.013039,0.00078592,0.019458
0.077044,0.14237,0.27791,0.31696,0.08848,0.05561,0.010478,0.031141,0.24366,0.3124,0.2285,0.09944,0.07537,0.025768,7.5781e-007,0.014867
0.077828,0.1323,0.28528,0.29857,0.12187,0.066298,0.0027354,0.015121,0.28333,0.30345,0.24266,0.076094,0.066852,0.014287,0.0039929,0.0093274
0.052484,0.18,0.27962,0.27795,0.1458,0.048767,0.0027345,0.012632,0.24873,0.30368,0.23907,0.11231,0.068442,0.020244,6.6363e-005,0.0074582
0.082661,0.16122,0.30705,0.2759,0.13455,0.032036,0.00061047,0.0059852,0.24057,0.33528,0.18566,0.13955,0.07189,0.017859,2.2694e-005,0.0091739
0.059645,0.19038,0.3075,0.2496,0.12335,0.061522,3.5835e-006,0.0079947,0.20406,0.33809,0.26171,0.10686,0.079849,0.0071892,0.00066754,0.0015766
0.065711,0.18717,0.32176,0.25197,0.093157,0.060593,2.2989e-006,0.01965,0.16832,0.31674,0.23544,0.19602,0.066586,0.00797,0.0051605,0.0037575
0.064972,0.13658,0.29881,0.2933,0.12944,0.059522,0.0003675,0.017012,0.20203,0.29795,0.22286,0.1622,0.088841,0.0181,0.00087527,0.0071623
0.064187,0.16442,0.29194,0.27476,0.081733,0.11024,0.0016876,0.011027,0.21622,0.30736,0.21118,0.14462,0.071591,0.046241,0.00074024,0.0020509
0.11124,0.143,0.28706,0.27123,0.07494,0.089282,0.00078277,0.022474,0.23422,0.31584,0.23764,0.15287,0.044386,0.011264,0.00071197,0.003061
0.057972,0.1325,0.30465,0.32935,0.086509,0.071325,1.8633e-005,0.017677,0.24909,0.32756,0.20094,0.14756,0.060652,0.011881,0.00010647,0.0022133
0.060762,0.16955,0.27408,0.32476,0.077858,0.077813,0.00063532,0.014548,0.23584,0.33175,0.19896,0.15901,0.05592,0.014589,0.001556,0.0023738
0.078067,0.1472,0.28121,0.27456,0.12124,0.06244,0.0017172,0.033569,0.24196,0.26255,0.25739,0.093915,0.12154,0.01555,0.0036472,0.0034547
0.090624,0.14545,0.28616,0.28817,0.095297,0.075355,0.00074829,0.018195,0.26137,0.28975,0.24461,0.11571,0.068213,0.017701,0.00035617,0.0022965
0.063422,0.17535,0.32611,0.27871,0.090969,0.049124,0.00036383,0.015951,0.23134,0.23997,0.30413,0.11149,0.073485,0.027641,0.0094649,0.0024855
0.067918,0.16198,0.36133,0.26181,0.073843,0.046092,0.0014553,0.025565,0.20203,0.25155,0.28343,0.12039,0.11487,0.026094,0.00029635,0.0013364
0.071179,0.17408,0.28368,0.28033,0.10252,0.069629,0.00084138,0.017746,0.27222,0.26852,0.27159,0.1182,0.048203,0.011829,0.0060121,0.0034185
0.070101,0.16429,0.31846,0.26784,0.09519,0.057699,0.0060892,0.02033,0.2888,0.30288,0.20366,0.1116,0.058962,0.0076453,0.0012573,0.025201
0.048206,0.13863,0.33119,0.32731,0.10018,0.03038,0.015284,0.0088254,0.25844,0.25925,0.21807,0.15884,0.0737,0.022343,0.002302,0.007059
0.06147,0.17435,0.31731,0.2587,0.087586,0.071196,0.011526,0.01786,0.21886,0.27626,0.24725,0.15805,0.06732,0.016601,0.011649,0.0040146
0.077314,0.16997,0.31945,0.24017,0.10253,0.077088,0.00033202,0.013137,0.25498,0.25013,0.23169,0.1311,0.09701,0.015733,0.013262,0.0061065
0.063469,0.16521,0.35893,0.24466,0.11644,0.033792,7.8949e-008,0.017512,0.24672,0.2922,0.21892,0.11208,0.1015,0.026293,5.7916e-006,0.0022683
0.078836,0.22079,0.28047,0.25425,0.11971,0.039032,2.7394e-006,0.0069095,0.20449,0.28693,0.2628,0.10236,0.098345,0.02911,0.00011545,0.015856
0.084078,0.17618,0.2261,0.29508,0.13753,0.059193,0.0071284,0.014712,0.17093,0.32304,0.28526,0.10535,0.068702,0.032883,0.0023819,0.01145
0.073903,0.18095,0.28898,0.29972,0.096831,0.048504,0.00060286,0.010506,0.16976,0.36837,0.22189,0.11999,0.069241,0.015425,0.0038497,0.031479
0.084645,0.15855,0.30198,0.28283,0.096046,0.064489,0.0003246,0.011136,0.21668,0.30272,0.22337,0.17405,0.037624,0.029269,4.5347e-005,0.016233
0.090842,0.16463,0.28071,0.30201,0.097884,0.054852,0.0012374,0.0078306,0.22261,0.31356,0.2292,0.14289,0.050032,0.024166,0.001726,0.015809
0.07526,0.15685,0.30356,0.26619,0.10987,0.070613,0.00092074,0.016731,0.17904,0.32013,0.28046,0.132,0.062325,0.015332,0.0040061,0.0067027
0.11937,0.13768,0.30153,0.22546,0.13518,0.04415,0.0045581,0.032073,0.17617,0.35434,0.30747,0.084065,0.053362,0.018522,0.00043515,0.0056311
0.084192,0.1667,0.30851,0.2395,0.12622,0.05636,0.0023725,0.016146,0.1938,0.33198,0.32305,0.087374,0.035617,0.025728,2.9504e-005,0.0024291
0.095479,0.13696,0.27954,0.29316,0.096554,0.08428,0.00052617,0.0135,0.23307,0.33651,0.25354,0.10577,0.050933,0.018357,2.2573e-005,0.0017985
0.085303,0.1516,0.30845,0.24854,0.11032,0.082602,0.00050111,0.012693,0.22713,0.36192,0.21207,0.10162,0.064204,0.026952,0.002442,0.0036585
0.074334,0.14374,0.33955,0.23546,0.089598,0.094135,3.993e-005,0.023137,0.24272,0.33105,0.21834,0.099047,0.087012,0.016054,0.0020631,0.003716
0.080604,0.14387,0.29996,0.26187,0.1294,0.064456,0.0010588,0.018783,0.17819,0.3236,0.22997,0.14725,0.08236,0.013601,0.0019554,0.023068
0.041519,0.15636,0.2941,0.31085,0.11235,0.061773,0.00051635,0.02254,0.20682,0.34925,0.21409,0.11183,0.086895,0.021154,0.0012593,0.0087015
0.05395,0.17414,0.27891,0.30797,0.12813,0.038482,0.0001049,0.018319,0.19421,0.3428,0.28612,0.094645,0.056136,0.017113,0.0016493,0.0073293
0.047697,0.16811,0.30636,0.3115,0.11435,0.025867,0.0026273,0.023485,0.2179,0.37406,0.21948,0.095549,0.046841,0.040216,8.8362e-006,0.0059431
0.060885,0.17123,0.31221,0.30617,0.10549,0.026709,0.00089715,0.016403,0.22009,0.37728,0.22037,0.078437,0.057194,0.041811,0.00015437,0.0046713
0.088995,0.18501,0.29228,0.2873,0.10189,0.034746,0.00041846,0.0093584,0.19907,0.34017,0.21141,0.13,0.080536,0.034084,0.0035232,0.0012093
0.042009,0.17407,0.28959,0.32718,0.12138,0.036279,0.00144,0.008051,0.2194,0.28313,0.25568,0.13167,0.074136,0.027107,0.0019974,0.0068718
0.040688,0.19037,0.29124,0.29594,0.12375,0.043366,0.0010257,0.013621,0.19978,0.26654,0.27406,0.14876,0.079796,0.02948,0.00025849,0.0013174
0.049102,0.16809,0.27354,0.32064,0.093869,0.070559,0.0026539,0.021546,0.2062,0.25661,0.27088,0.13714,0.11993,0.0051076,0.00018239,0.0039467
0.049176,0.15376,0.2774,0.32955,0.10647,0.069191,0.00032703,0.014129,0.19427,0.2579,0.28898,0.1391,0.097145,0.014548,0.00044026,0.0076239
0.10656,0.15217,0.26602,0.26612,0.12363,0.079182,0.00012024,0.006205,0.19488,0.27548,0.29718,0.13772,0.068789,0.019181,0.00052087,0.0062539
0.07994,0.16542,0.26208,0.29459,0.11039,0.075862,0.0020004,0.0097207,0.2383,0.31342,0.23398,0.11822,0.077637,0.015369,0.00015792,0.0029203
0.056407,0.21934,0.22203,0.31327,0.11802,0.048588,0.0032614,0.019077,0.24585,0.27897,0.21563,0.13882,0.069131,0.032285,0.00065115,0.018662
0.061749,0.15163,0.3769,0.24111,0.10309,0.048427,7.5781e-005,0.017011,0.222,0.28117,0.21482,0.15415,0.079838,0.04075,0.001011,0.0062599
0.075912,0.17197,0.2776,0.29676,0.091352,0.071408,0.00073197,0.014266,0.24314,0.31445,0.21151,0.090325,0.097058,0.03096,0.0055807,0.0069686
0.058567,0.1772,0.26933,0.29055,0.12644,0.06445,0.0013737,0.012092,0.20804,0.35783,0.21799,0.13298,0.045112,0.026324,0.0070074,0.0047229
0.060268,0.16903,0.26593,0.29372,0.14553,0.051344,0.00020233,0.013973,0.20506,0.35364,0.22942,0.11767,0.060246,0.020022,0.0060265,0.0079172
0.064159,0.11389,0.33787,0.26816,0.11944,0.072425,0.0087169,0.015344,0.22149,0.2768,0.2113,0.16329,0.081307,0.035324,0.0041438,0.006342
0.060726,0.15672,0.29902,0.27932,0.10455,0.092022,0.0030689,0.004568,0.227,0.33181,0.16239,0.15741,0.069957,0.028488,0.0038732,0.019071
0.085494,0.15997,0.28265,0.25341,0.12166,0.078946,0.0005366,0.017344,0.21437,0.29807,0.27266,0.12895,0.060717,0.012295,0.0097961,0.0031422
0.071858,0.1615,0.27962,0.26455,0.16991,0.044977,0.00018616,0.0074019,0.25608,0.29445,0.20908,0.11643,0.079024,0.030969,1.9181e-006,0.013964
0.10377,0.15103,0.27453,0.27782,0.097325,0.081629,0.0010239,0.012869,0.22754,0.32119,0.18849,0.1659,0.071918,0.013564,3.0273e-005,0.011376
0.099949,0.16251,0.25283,0.27555,0.12204,0.067536,0.0063844,0.0132,0.23112,0.30072,0.20486,0.16322,0.074812,0.014569,0.0024554,0.0082326
0.05138,0.1563,0.31603,0.24981,0.11208,0.074304,0.0007886,0.039306,0.26904,0.26914,0.24244,0.12245,0.078647,0.014829,9.7172e-005,0.0033582
0.051948,0.15741,0.30202,0.25654,0.1452,0.071535,0.0035288,0.011823,0.24927,0.23716,0.25873,0.14281,0.085637,0.016567,0.00011111,0.0097167
0.051485,0.19321,0.25925,0.27813,0.13025,0.068155,0.0013715,0.018147,0.2585,0.25596,0.23686,0.14337,0.087433,0.015385,5.6459e-005,0.0024396
0.051892,0.20329,0.2884,0.25289,0.11248,0.073604,0.0085556,0.0088908,0.25961,0.29265,0.24767,0.11371,0.061587,0.019424,6.4267e-005,0.0052874
0.064848,0.18532,0.2751,0.28485,0.12524,0.057165,0.00022393,0.0072547,0.24925,0.23546,0.3158,0.10882,0.073883,0.010853,0.0001163,0.0058173
0.043034,0.16079,0.32843,0.29494,0.10777,0.052605,0.00040213,0.012024,0.29599,0.24896,0.25304,0.10944,0.050277,0.03378,0.00015172,0.0083666
0.035725,0.17266,0.25402,0.32094,0.11833,0.076,0.0019736,0.020367,0.24754,0.27933,0.26005,0.13605,0.062359,0.011732,6.5992e-005,0.0028694
0.03236,0.19033,0.2439,0.31506,0.14191,0.057146,0.00015647,0.019132,0.21959,0.30457,0.24644,0.1385,0.081064,0.0096998,3.0045e-005,0.00010268
0.035352,0.18109,0.25257,0.32717,0.12189,0.067467,0.0042982,0.010171,0.2127,0.34587,0.23096,0.12138,0.046998,0.032282,6.9274e-006,0.0097977
0.039073,0.16642,0.27026,0.3558,0.10449,0.048361,0.00031672,0.015273,0.20353,0.28219,0.27227,0.13137,0.042665,0.061631,8.2594e-005,0.0062712
0.057174,0.20664,0.28347,0.29198,0.10238,0.04996,0.0014863,0.0069057,0.18076,0.31287,0.2815,0.11699,0.077503,0.022604,0.0045055,0.0032764
0.07249,0.17743,0.29272,0.30436,0.078001,0.056415,0.0031077,0.015476,0.25658,0.3222,0.24974,0.097059,0.039785,0.027422,0.003314,0.003904
0.094047,0.19606,0.25356,0.23911,0.11182,0.081801,0.0031813,0.020422,0.25504,0.28014,0.24721,0.14995,0.056699,0.007299,0.0012288,0.0024302
0.064726,0.13102,0.28625,0.31992,0.1025,0.079706,0.0016806,0.0142,0.27925,0.28036,0.22624,0.14959,0.043123,0.0088554,0.001873,0.010724
0.047913,0.13453,0.25246,0.33063,0.15292,0.058709,0.0075753,0.015256,0.26087,0.24563,0.29238,0.10745,0.062297,0.025542,0.00090472,0.0049312
0.051259,0.14711,0.28441,0.3173,0.12417,0.053533,0.0046111,0.01761,0.24432,0.22912,0.26545,0.15866,0.074091,0.020834,0.0020357,0.0054929
0.054111,0.16494,0.25996,0.32524,0.1008,0.05247,0.024983,0.017502,0.24306,0.29076,0.24024,0.13597,0.065317,0.010933,0.0014873,0.012239
0.071277,0.17356,0.23009,0.35331,0.080103,0.067478,0.0063284,0.017856,0.27812,0.29672,0.24623,0.11077,0.048509,0.018258,6.7253e-005,0.0013287
0.061176,0.17339,0.2676,0.28023,0.1215,0.068359,0.00057894,0.027165,0.23321,0.29803,0.24234,0.1073,0.054724,0.047073,0.0059911,0.011329
0.058861,0.17581,0.27138,0.27993,0.13061,0.06705,0.0054213,0.010931,0.29211,0.27864,0.23574,0.10058,0.067767,0.0094658,0.0012173,0.01448
0.074651,0.17395,0.21973,0.27125,0.14378,0.081001,0.022079,0.01355,0.19736,0.2856,0.28166,0.114,0.048493,0.06528,0.0020985,0.0055096
0.086799,0.15547,0.24782,0.25525,0.14419,0.07678,0.010047,0.023637,0.24255,0.31321,0.21516,0.1311,0.0513,0.044318,0.00012788,0.002234
0.08954,0.17001,0.2702,0.22392,0.13004,0.086915,0.0031235,0.026259,0.28225,0.2872,0.23114,0.115,0.054717,0.025042,0.00018636,0.004463
0.083186,0.13463,0.27301,0.25212,0.13322,0.091522,0.0047556,0.027552,0.22188,0.28041,0.29743,0.092562,0.073954,0.021989,0.0032309,0.0085372
0.10681,0.17965,0.24904,0.26202,0.11858,0.058064,0.0039866,0.021857,0.23416,0.26539,0.2852,0.11774,0.051462,0.031962,0.0014718,0.012611
0.082605,0.16584,0.30481,0.24391,0.11909,0.057507,0.014516,0.011732,0.24149,0.2545,0.28854,0.12027,0.057831,0.016625,0.010567,0.010172
0.089963,0.1606,0.28713,0.25656,0.11679,0.049226,0.016592,0.023142,0.23473,0.2995,0.28507,0.096664,0.04441,0.02509,0.00076411,0.01377
0.058486,0.16354,0.2837,0.27698,0.12379,0.065052,0.0046132,0.023845,0.20922,0.27016,0.24041,0.1618,0.074293,0.027308,0.0046245,0.012185
0.064438,0.13592,0.29276,0.31534,0.1188,0.051729,0.0016023,0.019415,0.18401,0.3538,0.21636,0.14337,0.085689,0.011231,1.9524e-005,0.0055209
0.12111,0.12515,0.26223,0.3015,0.094805,0.048807,0.009141,0.037245,0.2083,0.30026,0.26178,0.15627,0.039094,0.022087,0.00015321,0.012054
0.084099,0.13867,0.26038,0.32548,0.11037,0.055962,0.0111,0.013933,0.23832,0.26085,0.22961,0.1695,0.06235,0.03069,0.00051051,0.0081751
0.091191,0.13538,0.27438,0.27543,0.11577,0.068275,0.0064106,0.033161,0.18283,0.29411,0.24614,0.15932,0.0753,0.034385,3.7284e-007,0.0079164
0.077513,0.15993,0.26947,0.2906,0.10061,0.07382,0.0099595,0.018099,0.21753,0.30955,0.24131,0.15774,0.053547,0.017231,0.00074712,0.0023374
0.091309,0.14037,0.29099,0.27301,0.12402,0.055121,0.0017657,0.023418,0.22791,0.27087,0.27811,0.11055,0.074785,0.027691,0.0069119,0.0031874
0.075931,0.15312,0.28195,0.32022,0.093045,0.056166,0.0015953,0.017976,0.26166,0.27598,0.25048,0.13675,0.042349,0.02578,0.0020485,0.0049512
0.081506,0.1659,0.30421,0.28982,0.10785,0.030743,0.002578,0.017395,0.2747,0.24493,0.20264,0.16887,0.089139,0.015366,0.0033487,0.0010036
0.06975,0.16723,0.30272,0.29126,0.12784,0.017782,0.0038194,0.019598,0.21139,0.34777,0.1899,0.16586,0.056079,0.021379,0.00020905,0.0074158
0.065413,0.19893,0.29642,0.28732,0.088727,0.042608,6.6953e-005,0.020508,0.22771,0.27798,0.214,0.18302,0.048672,0.033853,0.002568,0.012195
0.058787,0.15365,0.28648,0.3302,0.11415,0.025096,0.0087514,0.022875,0.2254,0.26913,0.19089,0.19919,0.092442,0.014107,5.7373e-007,0.008848
0.083547,0.1812,0.26256,0.27293,0.13182,0.04622,0.00018434,0.021532,0.27393,0.26454,0.21282,0.147,0.09026,0.0055713,0.0025213,0.0033585
0.11061,0.1796,0.26639,0.26752,0.11142,0.052138,0.0022406,0.010085,0.26833,0.27222,0.28482,0.09342,0.055687,0.013297,3.1117e-006,0.012223
0.10337,0.18242,0.26139,0.26931,0.10283,0.061895,0.0061798,0.012603,0.23597,0.255,0.29859,0.11306,0.084463,0.0035817,0.0020301,0.0073045
0.10492,0.19928,0.2291,0.25428,0.10422,0.083842,0.0089942,0.015359,0.20249,0.31481,0.30045,0.076161,0.08606,0.011074,0.003343,0.0056116
0.089001,0.16692,0.29308,0.27349,0.10891,0.044892,0.0042256,0.019483,0.19919,0.26477,0.34123,0.089869,0.07768,0.026113,0.00056626,0.00058216
0.087448,0.13898,0.27789,0.32123,0.1169,0.033447,0.00065576,0.023446,0.1863,0.29888,0.28335,0.14537,0.056903,0.02891,3.6567e-006,0.00027783
0.04673,0.17355,0.29089,0.32871,0.11888,0.023231,0.00035983,0.017645,0.23795,0.2507,0.24793,0.16922,0.05818,0.032894,0.000559,0.0025698
0.11739,0.15782,0.26902,0.26336,0.13074,0.038505,1.1684e-005,0.023152,0.20617,0.28218,0.25301,0.16133,0.067549,0.023933,0.00010547,0.0057288
0.10799,0.1671,0.27775,0.29247,0.11203,0.025223,2.6511e-006,0.01743,0.19503,0.31274,0.24086,0.1264,0.087921,0.031079,0.0013031,0.0046662
0.09644,0.15056,0.26539,0.32571,0.11739,0.017382,0.00099537,0.026132,0.26737,0.22692,0.27638,0.15107,0.048609,0.025104,0.0028298,0.001723
0.074361,0.18823,0.23635,0.33728,0.10375,0.036785,9.9506e-005,0.02315,0.23161,0.28405,0.23064,0.1471,0.070666,0.030831,5.5984e-005,0.0050525
0.077067,0.15561,0.28521,0.35983,0.061301,0.042246,0.00012204,0.018609,0.23188,0.25216,0.22672,0.16225,0.087277,0.034992,2.6915e-005,0.0046942
0.058054,0.19697,0.27396,0.33873,0.082547,0.033665,0.00071904,0.015354,0.20494,0.31812,0.23713,0.12645,0.077639,0.035166,9.9696e-007,0.00055766
0.072249,0.17481,0.28554,0.3379,0.08708,0.018779,0.0033989,0.020244,0.28259,0.2366,0.26492,0.1197,0.066066,0.023909,0.0061764,4.3273e-005
0.064977,0.19192,0.24737,0.32525,0.11449,0.04456,2.2147e-005,0.011414,0.28927,0.24712,0.24351,0.14179,0.052449,0.021114,0.0011098,0.0036368
0.079845,0.20534,0.28794,0.27344,0.10843,0.025705,0.00012717,0.019171,0.23816,0.29685,0.25161,0.1251,0.068842,0.015652,0.00013658,0.003657
0.07034,0.16493,0.2852,0.31625,0.12527,0.020475,0.00056212,0.016972,0.25437,0.29362,0.26299,0.10777,0.067865,0.012523,3.7758e-005,0.00081707
0.074064,0.12256,0.28486,0.38535,0.10775,0.010809,0.0016373,0.012971,0.23823,0.30868,0.23821,0.11779,0.070328,0.02012,0.00060381,0.0060365
0.069909,0.16852,0.29833,0.3131,0.12025,0.0039,0.004387,0.021599,0.24697,0.26616,0.24051,0.12461,0.098705,0.020808,2.4317e-009,0.0022353
0.082043,0.16228,0.30936,0.31956,0.093932,0.010224,7.8318e-005,0.022528,0.25488,0.26426,0.26629,0.11274,0.08434,0.017106,5.7211e-006,0.00037875
0.065006,0.1557,0.30823,0.33147,0.076702,0.049174,0.00066258,0.013054,0.23534,0.27272,0.28338,0.11043,0.087557,0.0068309,4.4828e-008,0.0037349
0.079478,0.13564,0.28033,0.29616,0.13161,0.057392,0.0064942,0.012899,0.2222,0.28479,0.33941,0.083338,0.05397,0.0088516,0.0015229,0.0059268
0.054045,0.18492,0.31164,0.25755,0.113,0.063586,0.00060937,0.014647,0.20728,0.30842,0.28483,0.10065,0.056023,0.030894,1.5659e-006,0.011897
0.051755,0.19221,0.34145,0.27351,0.087163,0.042343,0.0023695,0.0092046,0.19406,0.30965,0.28945,0.1082,0.062419,0.028862,3.8029e-009,0.0073543
0.066797,0.18,0.32644,0.29159,0.072617,0.051195,0.0053054,0.0060436,0.14233,0.35749,0.27151,0.12547,0.044385,0.054981,1.2279e-010,0.0038262
0.049881,0.19255,0.3174,0.29268,0.093866,0.033234,0.0084108,0.011972,0.21988,0.27299,0.24989,0.14765,0.061631,0.043276,3.0363e-005,0.0046491
0.03675,0.17791,0.29503,0.32691,0.10813,0.036445,0.00019133,0.018635,0.18034,0.29007,0.26666,0.16579,0.057708,0.030289,5.5458e-005,0.0090879
0.047702,0.17132,0.29996,0.26002,0.13658,0.069178,0.0024905,0.012746,0.18855,0.32328,0.2813,0.1086,0.072047,0.017386,0.00025311,0.0085901
0.082885,0.1469,0.29834,0.2653,0.12223,0.078764,7.7033e-006,0.0055829,0.19875,0.2998,0.26886,0.10808,0.080615,0.032231,0.0080627,0.0035989
0.061604,0.16621,0.28224,0.27616,0.11457,0.048197,0.00038754,0.05063,0.20348,0.26586,0.25389,0.16173,0.065572,0.032942,3.0601e-005,0.016495
0.050039,0.18085,0.31591,0.31344,0.10576,0.025633,4.8594e-005,0.0083186,0.19973,0.25116,0.33361,0.15795,0.04151,0.01089,0.00078722,0.00436
0.060957,0.20742,0.33344,0.2615,0.091581,0.026028,0.0026036,0.016468,0.21523,0.30764,0.25278,0.11097,0.056174,0.028487,0.017455,0.01126
0.077957,0.17556,0.3318,0.27003,0.10191,0.023329,0.0025265,0.016896,0.20754,0.31468,0.25813,0.13563,0.053463,0.026261,0.00015323,0.0041441
0.066309,0.13246,0.3073,0.3143,0.11198,0.052227,0.0014296,0.013998,0.21879,0.26212,0.30713,0.1242,0.054439,0.029848,0.00022472,0.0032351
0.079583,0.16198,0.28292,0.29953,0.08866,0.067488,0.001883,0.017965,0.20822,0.28925,0.27766,0.13745,0.044477,0.041611,0.00016224,0.0011686
0.069425,0.1979,0.30012,0.30925,0.063678,0.042395,0.0080515,0.009185,0.2243,0.27512,0.25725,0.11106,0.090351,0.029107,0.0023058,0.010506
0.095171,0.18557,0.24798,0.32293,0.084739,0.043394,0.0085922,0.011616,0.17969,0.2764,0.29515,0.11382,0.071604,0.027933,0.0013445,0.034058
0.062307,0.1636,0.25958,0.33191,0.12295,0.044968,0.0025186,0.012159,0.23231,0.3154,0.2482,0.080584,0.08708,0.022761,0.0015496,0.012119
0.10532,0.13675,0.24901,0.36857,0.090191,0.04509,0.00092555,0.0041405,0.24346,0.2679,0.27195,0.10966,0.058872,0.036981,0.0042848,0.0068788
0.075682,0.13434,0.21726,0.39807,0.10606,0.045218,0.0061188,0.017254,0.21725,0.25034,0.23665,0.17416,0.079062,0.025589,0.0014089,0.015545
0.11463,0.1347,0.25252,0.34372,0.1111,0.026116,0.0012665,0.01595,0.21003,0.26479,0.2188,0.1524,0.10512,0.031027,0.0025309,0.015295
0.071867,0.17241,0.2518,0.33417,0.10962,0.040152,0.0078114,0.012176,0.23969,0.27493,0.22154,0.13677,0.083459,0.034603,0.0037776,0.005231
0.07733,0.17606,0.26238,0.31266,0.096352,0.048671,0.012147,0.014398,0.24972,0.24453,0.28062,0.12024,0.070299,0.022877,0.0096844,0.0020358
0.059737,0.16108,0.2942,0.32681,0.1118,0.036046,0.0015883,0.0087384,0.22694,0.2834,0.28686,0.12296,0.054408,0.01774,0.002396,0.0053049
0.065808,0.15262,0.29855,0.28228,0.1216,0.041421,3.3379e-005,0.037686,0.23239,0.31888,0.23197,0.13946,0.055234,0.01393,0.0038494,0.0042899
0.069555,0.17935,0.26621,0.26908,0.13867,0.054794,0.0011236,0.021214,0.25259,0.22799,0.27731,0.14023,0.07996,0.013288,7.1784e-005,0.0085686
0.065114,0.13152,0.27536,0.28421,0.13928,0.089179,0.00012477,0.015216,0.15782,0.29769,0.24609,0.18561,0.066418,0.036743,0.0072622,0.0023587
0.076496,0.13273,0.27509,0.3096,0.1215,0.071705,3.3803e-005,0.012849,0.18875,0.33937,0.23498,0.15066,0.058732,0.022808,0.0035035,0.0012015
0.07733,0.17141,0.29226,0.30239,0.092163,0.044801,0.0021224,0.017516,0.21797,0.2524,0.24671,0.13409,0.098144,0.047684,0.00228,0.00072912
0.083672,0.19052,0.28412,0.25096,0.12811,0.050675,0.00025222,0.011694,0.23639,0.20983,0.26908,0.12384,0.11391,0.043185,0.0017523,0.0020066
0.083911,0.17733,0.2756,0.28261,0.11928,0.049486,0.0010208,0.010756,0.21691,0.22465,0.27783,0.14552,0.10456,0.028538,7.7529e-005,0.0019207
0.048688,0.19062,0.23572,0.32081,0.15092,0.03435,3.1964e-005,0.01886,0.26651,0.23051,0.30108,0.10678,0.063977,0.029652,0.00063193,0.00085923
0.069814,0.19151,0.24664,0.35292,0.10361,0.019753,9.5056e-005,0.015651,0.23538,0.24712,0.29319,0.10275,0.078923,0.034163,0.00356,0.0048997
0.059235,0.16443,0.24475,0.34995,0.11943,0.038401,0.00093086,0.022871,0.24549,0.21331,0.31091,0.096209,0.075698,0.042573,0.010571,0.0052408
0.057597,0.16266,0.25055,0.34388,0.12541,0.039566,0.001816,0.018522,0.26083,0.2204,0.25785,0.12926,0.052161,0.061583,0.00054573,0.017377
0.058181,0.17886,0.28807,0.32476,0.10336,0.029558,0.00062488,0.016584,0.19398,0.2747,0.29762,0.14095,0.033296,0.047982,0.0056605,0.0058163
0.065713,0.1357,0.29279,0.32243,0.12115,0.039131,0.0010918,0.021999,0.19012,0.3328,0.25181,0.12614,0.085357,0.010454,0.00078569,0.0025406
0.083358,0.16895,0.27613,0.29989,0.11182,0.053738,0.0029434,0.0031715,0.24615,0.28207,0.23876,0.13186,0.080155,0.0077994,0.0012877,0.011929
0.075981,0.15691,0.30725,0.26789,0.11,0.049839,0.0019874,0.030142,0.24636,0.27161,0.25283,0.11879,0.072449,0.013287,0.00047378,0.024197
0.074152,0.17106,0.28754,0.27196,0.10347,0.058846,0.0022889,0.030685,0.235,0.27779,0.29714,0.080602,0.071332,0.014456,0.0024681,0.021217
0.07662,0.18305,0.30468,0.23187,0.12276,0.058161,0.00086739,0.021991,0.23422,0.33469,0.23493,0.096393,0.048689,0.020981,0.0060845,0.024019
0.097261,0.19215,0.22991,0.29133,0.13484,0.037841,0.0011583,0.015508,0.21552,0.30275,0.20657,0.12436,0.094646,0.026095,0.0027113,0.027348
0.065426,0.21115,0.21731,0.33877,0.090546,0.034574,0.010469,0.031747,0.19679,0.27896,0.22674,0.10603,0.12041,0.038417,0.00029091,0.032365
0.071673,0.17784,0.26351,0.34923,0.078541,0.042176,0.0068649,0.010171,0.21346,0.29988,0.22906,0.09601,0.10319,0.040097,0.00029384,0.018002
0.063086,0.16238,0.33262,0.26895,0.083442,0.068854,0.00026007,0.020399,0.24935,0.34393,0.20823,0.093484,0.076379,0.026927,0.00065741,0.0010423
0.065899,0.14919,0.32761,0.29583,0.093585,0.059826,0.0017263,0.0063326,0.23977,0.28309,0.24832,0.069924,0.12944,0.021908,0.0064513,0.0010943
0.074,0.15047,0.27425,0.31741,0.11027,0.049896,0.0011739,0.022536,0.25809,0.31255,0.23825,0.085117,0.074311,0.027768,0.002385,0.0015304
0.068084,0.16666,0.29597,0.27919,0.12167,0.054071,0.0019885,0.012369,0.23398,0.36446,0.20805,0.097137,0.061436,0.025195,0.0038455,0.0059074
0.062678,0.15331,0.29046,0.31387,0.10696,0.060634,0.001288,0.0108,0.2132,0.33731,0.21373,0.10873,0.076929,0.043502,0.0011723,0.0054293
0.059358,0.14686,0.30864,0.30224,0.10986,0.057622,0.001895,0.013528,0.21903,0.32647,0.26028,0.076725,0.074907,0.035865,0.00010816,0.0066196
0.06118,0.18677,0.26732,0.29428,0.12328,0.052361,0.0034945,0.01131,0.2333,0.3233,0.25566,0.097245,0.060287,0.029438,0.00015434,0.00062069
0.061695,0.16978,0.25047,0.34003,0.11304,0.04114,0.0035408,0.020303,0.22433,0.26652,0.26615,0.11612,0.068731,0.04907,2.7645e-006,0.0090739
0.058198,0.15838,0.2985,0.32733,0.073608,0.074063,5.1965e-005,0.0098711,0.21008,0.36963,0.21919,0.12002,0.036935,0.018491,0.005372,0.020279
0.063817,0.173,0.27277,0.26884,0.12104,0.090375,7.3862e-006,0.010166,0.2271,0.33639,0.21258,0.14049,0.033747,0.034315,0.003985,0.011395
0.062767,0.19112,0.26739,0.29139,0.11373,0.055077,5.0913e-005,0.018473,0.1601,0.25322,0.28413,0.19046,0.065019,0.040191,4.8887e-010,0.0068681
0.062299,0.15133,0.31728,0.23828,0.10801,0.11052,0.00029013,0.011983,0.15468,0.28164,0.2658,0.17919,0.065259,0.04319,0.0012091,0.0090376
0.068814,0.17626,0.31757,0.30824,0.067953,0.049122,3.7844e-006,0.012034,0.16689,0.29338,0.24811,0.18414,0.05223,0.042745,0.0098378,0.0026763
0.064352,0.17366,0.30338,0.30068,0.084653,0.058563,0.00042181,0.01429,0.21394,0.27252,0.2853,0.15522,0.046939,0.021607,0.0019988,0.0024637
0.073793,0.1763,0.33884,0.29193,0.074527,0.033353,9.4591e-008,0.011246,0.16934,0.28951,0.29248,0.16228,0.050379,0.018335,0.0001614,0.017513
0.078206,0.1544,0.29198,0.28578,0.11642,0.051817,0.00027266,0.021124,0.20809,0.27185,0.29528,0.11959,0.05914,0.01395,0.0060151,0.026079
0.053228,0.16328,0.36389,0.26112,0.091131,0.036646,0.0072438,0.023465,0.27875,0.27327,0.24049,0.11233,0.053056,0.020899,0.0018996,0.019304
0.039243,0.16635,0.36529,0.26864,0.083061,0.064515,0.00074221,0.012166,0.30102,0.29845,0.18244,0.11214,0.069906,0.012468,0.0093279,0.01425
0.050832,0.15076,0.36041,0.26335,0.11249,0.044349,0.00020743,0.017599,0.23176,0.29129,0.24101,0.11513,0.07562,0.030999,7.0423e-005,0.01412
0.067298,0.16991,0.28085,0.25803,0.12773,0.070973,0.00032935,0.024878,0.24058,0.25624,0.26443,0.11003,0.055704,0.031248,0.0054167,0.036352
0.054649,0.16174,0.26232,0.30421,0.13085,0.055272,0.0015594,0.029393,0.25002,0.29088,0.20223,0.12294,0.081412,0.037644,1.6282e-007,0.014869
0.076002,0.17161,0.27701,0.29189,0.10971,0.05574,5.4633e-005,0.017991,0.22033,0.28946,0.25367,0.12112,0.063851,0.021057,0.0026336,0.027876
0.075751,0.16696,0.28056,0.27315,0.092799,0.082377,0.0041499,0.024258,0.19656,0.35119,0.24691,0.12239,0.059587,0.0099033,0.00026451,0.013196
0.059329,0.14446,0.25391,0.32698,0.12375,0.074056,0.00065067,0.016859,0.15521,0.35866,0.28964,0.1017,0.058005,0.027271,0.0041375,0.005376
0.065902,0.16764,0.29424,0.287,0.10742,0.061552,0.0046697,0.01158,0.25957,0.27695,0.23488,0.10994,0.050992,0.059098,0.00064023,0.0079401
0.049179,0.2054,0.25733,0.3008,0.11,0.06412,0.003936,0.0092408,0.19745,0.28932,0.25061,0.16106,0.064009,0.030313,0.0049014,0.0023405
0.062937,0.15737,0.26123,0.34195,0.10952,0.056986,1.4587e-007,0.010008,0.18864,0.2872,0.28822,0.11733,0.048668,0.066237,0.00091333,0.0027879
0.035821,0.1905,0.31928,0.25941,0.10129,0.073287,0.00053524,0.01987,0.18885,0.28856,0.29324,0.13436,0.048019,0.035924,0.0035441,0.0075113
0.064696,0.12842,0.32882,0.27429,0.11506,0.063766,0.00037818,0.024574,0.24863,0.2468,0.2924,0.10875,0.048646,0.049513,0.0026755,0.0025931
0.053047,0.18854,0.29062,0.29836,0.082616,0.073508,0.00033003,0.012974,0.221,0.24308,0.26441,0.14293,0.078758,0.03852,0.0071752,0.0041362
0.072155,0.20121,0.28118,0.26116,0.097973,0.073705,0.0011728,0.011446,0.23571,0.28879,0.19917,0.16136,0.064222,0.028639,0.010889,0.011222
0.073095,0.16701,0.31093,0.24854,0.10337,0.064854,7.2771e-005,0.032132,0.22096,0.33991,0.1908,0.14643,0.058209,0.030244,0.010275,0.0031677
0.05607,0.12621,0.30714,0.35664,0.068291,0.062213,0.002243,0.021192,0.17595,0.33475,0.20471,0.1709,0.064847,0.042275,0.00046863,0.0061044
0.085979,0.15636,0.27068,0.31456,0.082223,0.080201,0.0063306,0.0036586,0.19332,0.31217,0.20667,0.17657,0.05607,0.037736,0.0024914,0.014972
0.087591,0.15198,0.28539,0.30198,0.072517,0.069764,0.011114,0.019662,0.23322,0.28871,0.21676,0.15471,0.068087,0.030607,0.0070978,0.00080672
0.088885,0.15577,0.34264,0.27036,0.040233,0.07306,0.0093374,0.019702,0.2034,0.29329,0.24736,0.11633,0.091947,0.043403,0.001907,0.0023636
0.086724,0.14184,0.29069,0.28189,0.090367,0.048688,0.012284,0.047525,0.19531,0.30306,0.25645,0.10963,0.11156,0.016848,0.0035667,0.0035817
0.082986,0.15613,0.29416,0.28943,0.082321,0.053772,0.0061636,0.035044,0.25475,0.26373,0.23801,0.16067,0.053173,0.021648,0.0002213,0.0078032
0.074633,0.16346,0.27304,0.2932,0.10801,0.065025,0.0015578,0.021074,0.21685,0.33537,0.21487,0.13873,0.081217,0.010385,3.206e-006,0.0025743
0.083539,0.14849,0.33495,0.25816,0.10972,0.05461,4.1388e-005,0.010481,0.2221,0.36925,0.20205,0.13002,0.056145,0.0059622,0.00061196,0.013867
0.057854,0.18705,0.29766,0.28061,0.083693,0.067584,0.0026614,0.022896,0.18714,0.35662,0.2606,0.10281,0.054933,0.022742,0.00040546,0.014759
0.060852,0.15745,0.29595,0.25407,0.12155,0.083993,0.00036696,0.025764,0.2495,0.34421,0.23599,0.090035,0.044265,0.031304,0.0019857,0.0027138
0.077815,0.16817,0.29039,0.32788,0.074644,0.045012,0.00089604,0.015189,0.20109,0.3802,0.25048,0.097033,0.043149,0.019192,0.0029893,0.0058661
0.082069,0.12144,0.29575,0.33125,0.10055,0.045504,0.0044645,0.01898,0.17888,0.26557,0.3154,0.14018,0.064012,0.025957,0.0008531,0.0091516
0.065065,0.15117,0.34981,0.27819,0.08904,0.04146,0.0088456,0.016411,0.21039,0.32849,0.26062,0.10982,0.051018,0.025754,0.007894,0.0060131
0.038611,0.14451,0.33918,0.29004,0.12163,0.052681,0.00060044,0.012744,0.19677,0.30071,0.21566,0.15416,0.078131,0.037023,0.0036058,0.01394
0.055303,0.14079,0.29906,0.30549,0.10813,0.057681,0.00082623,0.032719,0.21283,0.32079,0.24557,0.11412,0.053895,0.04871,0.0004285,0.0036521
0.049698,0.12489,0.29979,0.31978,0.094256,0.08042,0.0058716,0.025293,0.22035,0.33431,0.23902,0.098214,0.043067,0.053575,0.0033133,0.0081584
0.056369,0.17686,0.31546,0.24382,0.10378,0.069683,0.0040094,0.030017,0.19851,0.31716,0.26277,0.11011,0.076446,0.024257,0.0024861,0.0082631
0.071069,0.17044,0.32534,0.25143,0.10694,0.05413,0.0015581,0.019093,0.19695,0.31295,0.24447,0.14112,0.078992,0.01864,0.00014201,0.0067496
0.070169,0.16593,0.34344,0.2492,0.09507,0.065671,0.0010496,0.0094723,0.23398,0.29673,0.19516,0.14477,0.089716,0.026887,0.00046098,0.012295
0.077895,0.21323,0.29278,0.24492,0.11739,0.041173,5.4454e-006,0.012604,0.24344,0.28277,0.24463,0.12055,0.062495,0.038598,0.00057651,0.0069402
0.098968,0.20663,0.31068,0.24723,0.084047,0.037459,0.0019517,0.013035,0.2622,0.24028,0.23987,0.15932,0.062316,0.027143,4.6261e-005,0.0088262
0.074047,0.20323,0.2716,0.25857,0.12814,0.054313,0.0021253,0.0079702,0.22605,0.28075,0.27766,0.11264,0.071451,0.024514,0.0014597,0.0054764
0.060517,0.13762,0.35013,0.25836,0.12645,0.027128,0.0040481,0.035737,0.24303,0.25449,0.26877,0.10644,0.1051,0.012719,0.0018815,0.0075766
0.06016,0.1396,0.2969,0.31357,0.14026,0.030121,0.00021478,0.019176,0.25777,0.26163,0.26641,0.09037,0.072552,0.031251,0.0017935,0.018227
0.049586,0.1378,0.32999,0.32078,0.1024,0.047243,0.001676,0.010523,0.25272,0.25017,0.27566,0.094986,0.075466,0.028261,0.0010182,0.02172
0.049835,0.15809,0.31027,0.29072,0.12587,0.049341,0.0031709,0.012709,0.23076,0.25187,0.27019,0.11902,0.094172,0.018332,0.00067148,0.014991
0.060051,0.11257,0.33759,0.27857,0.13689,0.051215,0.00050605,0.022611,0.24047,0.29401,0.19665,0.12199,0.10837,0.023641,0.0050535,0.0098122
0.078002,0.14373,0.33901,0.27682,0.078737,0.067506,0.00084362,0.01535,0.20058,0.28495,0.2583,0.13768,0.081635,0.031042,0.002423,0.0033941
0.061258,0.14148,0.33844,0.30846,0.059471,0.079598,0.0037124,0.0075812,0.24315,0.26604,0.24412,0.12015,0.089779,0.026398,0.0033131,0.0070508
0.076697,0.15891,0.32403,0.26779,0.099309,0.052147,0.0033857,0.017726,0.24341,0.27602,0.25112,0.1162,0.076359,0.021461,0.00044662,0.014984
0.06425,0.17988,0.29166,0.28314,0.12897,0.034039,0.00065554,0.017407,0.2193,0.24755,0.26615,0.17302,0.057457,0.018666,0.00035144,0.017508
0.088491,0.16878,0.25628,0.33689,0.10438,0.037982,0.0019768,0.005223,0.19012,0.28797,0.25194,0.13881,0.092547,0.029361,0.00026679,0.0089788
0.077777,0.18038,0.29145,0.27397,0.10634,0.051302,0.0058171,0.012959,0.1732,0.30136,0.28436,0.11599,0.087565,0.022698,8.9631e-005,0.014737
0.054275,0.15564,0.26477,0.31799,0.12662,0.062632,0.0055963,0.01247,0.2128,0.28149,0.24343,0.13526,0.10429,0.016809,0.0011014,0.0048311
0.046779,0.18361,0.29335,0.30893,0.090358,0.057411,0.0024273,0.017136,0.20445,0.27189,0.23919,0.14725,0.073741,0.04862,0.00055951,0.014295
0.042391,0.17967,0.30262,0.28279,0.11998,0.060292,0.00020335,0.012048,0.17977,0.31823,0.2725,0.12441,0.048237,0.044735,0.0030078,0.0091081
0.045042,0.17604,0.31706,0.2556,0.1048,0.083813,0.0018145,0.015824,0.23828,0.28574,0.26159,0.10545,0.080868,0.019466,2.8854e-005,0.0085836
0.084794,0.17525,0.25887,0.30932,0.083056,0.069757,0.00016948,0.018786,0.2092,0.32515,0.24344,0.094329,0.093038,0.028779,0.0019005,0.0041669
0.093826,0.13199,0.26696,0.32637,0.10852,0.049747,1.3496e-007,0.02259,0.15869,0.37646,0.26684,0.084475,0.073031,0.031122,0.0044968,0.0048837
0.073051,0.14724,0.26968,0.33189,0.082301,0.069974,0.00040088,0.02546,0.22682,0.27358,0.29577,0.087854,0.076025,0.031245,0.0023029,0.0063985
0.07538,0.12513,0.26177,0.28598,0.15025,0.082264,0.00072642,0.018507,0.26835,0.20761,0.31822,0.088578,0.087618,0.019129,0.0077493,0.0027409
0.071777,0.13068,0.3205,0.27188,0.13942,0.058521,1.7305e-009,0.0072211,0.28022,0.21344,0.25688,0.14283,0.080961,0.020842,0.001344,0.0034863
0.04861,0.14792,0.32934,0.30315,0.10847,0.051084,0.0033813,0.0080423,0.2711,0.23296,0.25604,0.084457,0.12683,0.020877,1.7646e-005,0.0077117
0.074511,0.19187,0.28987,0.2758,0.089942,0.054503,1.5335e-006,0.023503,0.28355,0.27187,0.27104,0.097915,0.058777,0.014894,1.3997e-010,0.0019561
0.081583,0.14551,0.31355,0.2883,0.10565,0.050588,4.2774e-005,0.01477,0.27538,0.29408,0.24267,0.11551,0.048462,0.018178,1.8855e-008,0.0057182
0.078118,0.15416,0.32038,0.27382,0.083155,0.073547,0.004664,0.012154,0.27583,0.28663,0.27019,0.070417,0.082096,0.012704,4.1279e-007,0.0021327
0.094422,0.15326,0.28586,0.32724,0.081524,0.043876,0.00034013,0.013478,0.23125,0.27668,0.27045,0.13542,0.067832,0.013259,2.986e-006,0.0050961
0.068683,0.14964,0.31331,0.32673,0.085322,0.040896,0.0037159,0.011701,0.22209,0.24292,0.28145,0.11046,0.12043,0.019263,0.00064351,0.0027383
0.10871,0.11646,0.28368,0.3217,0.087595,0.049974,0.0019786,0.029913,0.27683,0.2403,0.28486,0.074805,0.092636,0.017839,0.001679,0.011056
0.083531,0.1629,0.31338,0.27394,0.08685,0.073401,0.0018037,0.0041973,0.26368,0.23276,0.26758,0.11147,0.093871,0.015916,0.0060942,0.0086362
0.079557,0.12815,0.34103,0.26096,0.10218,0.05424,0.0014036,0.032483,0.19428,0.23232,0.26377,0.15649,0.10384,0.041977,0.00035992,0.0069631
0.083438,0.15349,0.28889,0.28922,0.091869,0.069999,0.0057667,0.01733,0.17417,0.24724,0.30748,0.099835,0.11726,0.047367,0.00089751,0.0057426
0.12229,0.1529,0.29828,0.24363,0.093446,0.065089,0.012319,0.012047,0.22031,0.28836,0.28377,0.10054,0.08094,0.014196,0.0109,0.00097823
0.1016,0.13421,0.31501,0.25867,0.10548,0.066127,0.00038941,0.018513,0.27588,0.25548,0.26937,0.096677,0.070962,0.022228,0.0037194,0.0056913
0.084013,0.16583,0.26252,0.25769,0.12573,0.074433,0.011803,0.017993,0.23059,0.29077,0.27823,0.098884,0.06937,0.028662,0.001886,0.0016069
0.087718,0.18251,0.26206,0.24721,0.14033,0.049971,0.015628,0.014565,0.18536,0.30466,0.30266,0.12776,0.05141,0.011436,0.0026662,0.014053
0.11526,0.18594,0.26299,0.23342,0.10432,0.072416,0.0042411,0.021417,0.22938,0.30509,0.32323,0.075901,0.049372,0.011295,0.00074731,0.0049877
0.094176,0.177,0.24915,0.25441,0.12279,0.079913,0.0024754,0.020074,0.22753,0.27015,0.29889,0.10463,0.07018,0.016662,0.0042281,0.0077318
0.092168,0.17727,0.21318,0.28153,0.12229,0.084383,0.0028633,0.026322,0.24247,0.25771,0.27808,0.085209,0.087948,0.042929,0.0010853,0.0045666
0.067966,0.14367,0.30316,0.29868,0.10196,0.065347,0.0085499,0.010671,0.22624,0.30547,0.27197,0.069906,0.097392,0.016457,0.0013489,0.011224
0.047115,0.12914,0.31372,0.27612,0.13229,0.064745,0.0074389,0.029428,0.26709,0.26854,0.25529,0.10499,0.073951,0.017957,8.277e-005,0.012102
0.082511,0.13369,0.27188,0.23894,0.14536,0.088169,0.014387,0.025062,0.24728,0.24677,0.24259,0.14579,0.093471,0.014942,2.5376e-005,0.0091303
0.07287,0.12988,0.28593,0.29815,0.12167,0.072707,0.0054434,0.013346,0.17143,0.24154,0.3201,0.18588,0.062959,0.010677,0.001831,0.0055869
0.11089,0.17824,0.2312,0.2771,0.10321,0.075767,0.0047098,0.018886,0.17289,0.26158,0.31046,0.1261,0.087593,0.011428,0.0031438,0.026799
0.066395,0.17824,0.25542,0.2903,0.13176,0.058076,0.0055445,0.014262,0.21953,0.29188,0.26059,0.11828,0.086578,0.015672,0.00014305,0.0073385
0.050684,0.15,0.26828,0.29543,0.12832,0.068749,0.010432,0.028101,0.24253,0.23724,0.25319,0.12903,0.094833,0.03285,0.0035027,0.0068196
0.072879,0.14998,0.28462,0.28067,0.095788,0.083757,0.010302,0.021997,0.25642,0.25146,0.22138,0.14264,0.098124,0.020612,0.0014813,0.0078888
0.065249,0.17252,0.26076,0.29972,0.082997,0.07697,0.014572,0.027201,0.21548,0.22617,0.29233,0.15662,0.066087,0.041178,0.0010518,0.0010854
0.056181,0.21899,0.26482,0.2646,0.10171,0.059151,0.018246,0.016297,0.20971,0.21606,0.2351,0.20148,0.08994,0.042544,0.0040922,0.0010736
0.080778,0.15757,0.28121,0.28123,0.10895,0.053019,0.017522,0.019719,0.23242,0.28556,0.24788,0.14147,0.069251,0.016736,0.00028341,0.0063964
0.079344,0.16323,0.22066,0.2906,0.12978,0.077066,0.013973,0.025347,0.22607,0.29942,0.26217,0.11482,0.070772,0.018397,0.0033304,0.005018
0.084268,0.18453,0.27973,0.24678,0.089908,0.08121,0.011524,0.022049,0.24728,0.34463,0.1881,0.11542,0.073202,0.019121,0.0012857,0.010966
0.11059,0.11295,0.29375,0.25806,0.12794,0.058196,0.014139,0.024367,0.25779,0.26542,0.23721,0.12361,0.079645,0.021083,0.0066419,0.0085884
0.10947,0.15465,0.27121,0.25462,0.096613,0.083233,0.011275,0.018936,0.23125,0.29544,0.22513,0.13698,0.068734,0.028236,0.0018772,0.012349
0.098142,0.15796,0.25648,0.28771,0.09353,0.071303,0.016536,0.018342,0.23373,0.19286,0.26093,0.17376,0.097792,0.031059,0.00041602,0.0094487
0.088661,0.12633,0.27283,0.30119,0.11616,0.065305,0.0073569,0.02216,0.2194,0.22855,0.26753,0.1419,0.063568,0.05615,0.0090915,0.013813
0.080568,0.11518,0.25924,0.314,0.10406,0.076736,0.0074118,0.042809,0.21166,0.27087,0.25975,0.12027,0.057172,0.064212,0.0055176,0.010557
0.071336,0.12073,0.27728,0.33191,0.10353,0.050442,0.0055416,0.039231,0.2141,0.26726,0.30257,0.12014,0.056491,0.030971,0.0018664,0.0066137
0.082928,0.13681,0.31058,0.2543,0.10318,0.059102,0.024778,0.028317,0.21605,0.2361,0.29939,0.10715,0.085041,0.029631,0.0048601,0.021775
0.081939,0.15531,0.29101,0.27511,0.11313,0.051765,0.0048737,0.026857,0.22666,0.24162,0.27841,0.10688,0.10376,0.031596,0.0048334,0.0062343
0.090006,0.14866,0.25735,0.30795,0.099988,0.06772,0.008351,0.019977,0.2427,0.24061,0.2605,0.16228,0.05408,0.030808,0.0017268,0.0072918
0.085882,0.15648,0.26972,0.26961,0.11679,0.066934,0.014177,0.020405,0.26126,0.26025,0.21171,0.12294,0.092902,0.033015,0.009985,0.0079388
0.096057,0.15225,0.26018,0.27952,0.10424,0.069572,0.015434,0.022753,0.2127,0.2566,0.18906,0.19654,0.077209,0.045661,0.01135,0.010881
0.077481,0.12673,0.28978,0.27691,0.10964,0.081412,0.019274,0.018779,0.21186,0.20197,0.24048,0.17449,0.08168,0.077827,0.0030719,0.0086129
0.091024,0.17188,0.28898,0.23998,0.10557,0.079245,0.0032085,0.02012,0.24196,0.21384,0.22337,0.15826,0.1066,0.035772,0.015343,0.0048536
0.092589,0.16527,0.28406,0.30898,0.085161,0.040393,0.0013222,0.022233,0.1979,0.23749,0.21667,0.2097,0.10664,0.021183,0.0047493,0.0056763
0.098942,0.157,0.2612,0.31023,0.11004,0.033077,0.00067625,0.028834,0.20152,0.23828,0.26482,0.19545,0.06369,0.024209,0.0049771,0.007058
0.078865,0.15378,0.28028,0.29646,0.098846,0.050984,0.0088611,0.031919,0.20099,0.27552,0.24589,0.15949,0.067591,0.033367,0.0022725,0.01488
0.054141,0.16026,0.2953,0.29751,0.098081,0.057844,0.01002,0.026842,0.24393,0.29915,0.21364,0.14877,0.055583,0.02644,0.00047509,0.012013
0.058729,0.17329,0.35114,0.21577,0.11131,0.054821,0.018596,0.016339,0.20286,0.27602,0.23373,0.16527,0.091169,0.011515,0.0071909,0.012245
0.07104,0.18853,0.30331,0.24303,0.12328,0.047942,0.0046435,0.018225,0.22378,0.30804,0.24308,0.13842,0.054421,0.0079806,0.0065733,0.017703
0.071435,0.17762,0.29795,0.26845,0.087433,0.076644,0.0021344,0.018327,0.17035,0.37787,0.18866,0.16633,0.06136,0.01581,0.0067772,0.012841
0.077453,0.16815,0.30328,0.24645,0.12805,0.05206,0.0027563,0.0218,0.16534,0.29196,0.25628,0.1433,0.11175,0.018835,0.0075487,0.0049816
0.084448,0.12454,0.34503,0.26456,0.11784,0.046005,0.0031714,0.014401,0.19698,0.29707,0.20126,0.14612,0.11242,0.031861,0.003476,0.010811
0.086668,0.14844,0.31517,0.26709,0.08329,0.072533,0.0047882,0.022021,0.19774,0.29183,0.19474,0.18675,0.081908,0.034425,0.0047038,0.0079011
0.071261,0.14802,0.34753,0.27588,0.062028,0.061586,0.0050207,0.028672,0.22159,0.31837,0.24428,0.11041,0.054407,0.032227,0.0010952,0.017624
0.080789,0.15332,0.36495,0.21639,0.089197,0.057778,0.011232,0.026345,0.21546,0.33635,0.19556,0.13968,0.068676,0.036571,0.0036885,0.0040139
0.0672,0.12607,0.32368,0.2736,0.12331,0.061892,0.002178,0.022078,0.20293,0.23416,0.27461,0.14118,0.10908,0.030043,0.0028283,0.0051701
0.088031,0.1442,0.2801,0.28167,0.11971,0.069713,0.0013215,0.015253,0.22788,0.21749,0.32468,0.13001,0.047882,0.044346,0.0053259,0.0023856
0.10379,0.16952,0.26777,0.25717,0.12274,0.053634,0.0092227,0.016162,0.21494,0.2703,0.26727,0.10507,0.090461,0.041368,0.0045059,0.0060814
0.079089,0.16423,0.29755,0.27076,0.098611,0.074575,0.0042284,0.010958,0.25002,0.28813,0.23823,0.11629,0.087555,0.012084,0.0039955,0.003699
0.091159,0.15184,0.26423,0.2578,0.14852,0.0683,0.001963,0.01619,0.21757,0.29231,0.21822,0.15041,0.087314,0.013442,0.014117,0.0066163
0.089133,0.16935,0.27626,0.27491,0.10497,0.06775,0.00088872,0.016743,0.19771,0.28483,0.26718,0.13856,0.076649,0.027613,0.0044233,0.0030309
0.083619,0.16537,0.31187,0.24962,0.11255,0.051814,0.016409,0.0087561,0.19672,0.28434,0.25682,0.15426,0.068252,0.018825,0.0071937,0.013586
0.054726,0.15242,0.27132,0.29428,0.10158,0.098173,0.010287,0.017218,0.20379,0.36403,0.20733,0.14557,0.038803,0.019048,0.0012883,0.02015
0.080226,0.12122,0.28874,0.31775,0.058967,0.095087,0.020275,0.017742,0.17701,0.328,0.28773,0.12413,0.053295,0.014365,0.006733,0.0087322
0.067677,0.14653,0.29675,0.31643,0.07324,0.075058,0.0054542,0.018857,0.20572,0.28285,0.25451,0.15703,0.051308,0.039554,0.0060277,0.0029961
0.057732,0.14868,0.27517,0.32017,0.096025,0.079922,0.0039776,0.018328,0.26474,0.28144,0.2188,0.1206,0.073475,0.019017,0.011643,0.010286
0.056236,0.14368,0.31494,0.28778,0.11061,0.064833,0.0013737,0.020546,0.20143,0.28902,0.24252,0.16753,0.059661,0.02143,0.0053669,0.013042
0.07141,0.10656,0.33007,0.27755,0.099467,0.085313,0.0018867,0.027742,0.21405,0.2876,0.23675,0.15724,0.06428,0.019484,0.00035958,0.020245
0.063669,0.18102,0.30844,0.27835,0.10112,0.049691,0.00055837,0.017154,0.24891,0.28728,0.17438,0.14662,0.10456,0.013612,0.0090906,0.015545
0.067178,0.15333,0.34082,0.2717,0.10687,0.04563,9.9959e-005,0.014378,0.27956,0.26043,0.20615,0.14221,0.095595,0.0071857,0.0017326,0.0071364
0.078727,0.16205,0.34161,0.23878,0.11564,0.046086,0.0010777,0.016037,0.2928,0.26561,0.21463,0.11982,0.06588,0.013014,0.0056549,0.022591
0.072598,0.14055,0.33794,0.25589,0.11725,0.041975,0.006324,0.027474,0.20978,0.26744,0.25788,0.15732,0.08128,0.017346,0.00058296,0.0083667
0.06446,0.11161,0.35759,0.28598,0.12074,0.046093,0.0020303,0.011497,0.2052,0.26657,0.28003,0.13994,0.068329,0.034527,5.1875e-005,0.0053458
0.096937,0.14868,0.26929,0.2962,0.097153,0.068653,0.0025019,0.020589,0.20184,0.23373,0.26307,0.13867,0.08931,0.051063,0.0004287,0.021887
0.070889,0.1692,0.29817,0.27486,0.065536,0.089249,0.0039887,0.028105,0.22222,0.22464,0.26232,0.14961,0.11203,0.019128,0.0016157,0.0084346
0.087807,0.16572,0.29983,0.27744,0.077152,0.068052,0.0088707,0.015133,0.26384,0.23161,0.23351,0.13938,0.090921,0.028281,0.0013484,0.011109
0.075715,0.14958,0.27776,0.32428,0.10958,0.039487,0.00588,0.017706,0.28193,0.28761,0.2021,0.11907,0.072188,0.015191,0.012204,0.0097105
0.069715,0.19156,0.27068,0.3164,0.076925,0.050677,0.00086059,0.023187,0.22689,0.28816,0.20649,0.1567,0.072245,0.036253,0.0078802,0.0053914
0.072478,0.17324,0.23861,0.34187,0.093467,0.066857,0.0030666,0.010411,0.2262,0.27975,0.21185,0.13824,0.1047,0.033011,0.0026378,0.0036153
0.063677,0.13126,0.30369,0.31552,0.081257,0.073756,0.0012461,0.029603,0.21782,0.34345,0.22111,0.1042,0.088381,0.023437,5.4425e-006,0.0015933
0.060418,0.14852,0.3397,0.25154,0.11109,0.068871,0.0028052,0.017061,0.23648,0.28,0.22302,0.14077,0.073852,0.0413,1.9823e-006,0.0045757
0.080474,0.12506,0.32385,0.28427,0.11543,0.047713,0.0019405,0.021264,0.23645,0.30899,0.2498,0.10636,0.074999,0.018978,0.0013233,0.0030968
0.065844,0.16375,0.33022,0.26239,0.11048,0.040117,0.0013359,0.025866,0.29905,0.2972,0.19608,0.12435,0.061053,0.012229,0.00083044,0.0092019
0.044405,0.13753,0.36922,0.28359,0.085589,0.05538,0.0041644,0.020131,0.26889,0.35973,0.1916,0.10095,0.050127,0.01968,2.0891e-005,0.0090036
0.056791,0.17794,0.32811,0.25106,0.11484,0.056873,0.0023741,0.012006,0.26556,0.31307,0.2501,0.074033,0.069758,0.020883,0.00012883,0.00646
0.073056,0.14936,0.32453,0.28452,0.088244,0.061909,0.0099069,0.0084757,0.25144,0.3017,0.24095,0.13291,0.042462,0.023858,4.8394e-007,0.0066739
0.079899,0.13644,0.32989,0.28024,0.1244,0.025085,0.0078707,0.016184,0.20884,0.28735,0.24952,0.16655,0.072569,0.010672,0.00047765,0.0040194
0.097759,0.14247,0.36898,0.24861,0.077745,0.032305,0.0076089,0.024525,0.20606,0.30501,0.25218,0.14754,0.067902,0.018903,0.0017128,0.00069311
0.09743,0.1371,0.30844,0.30087,0.098995,0.037627,0.0041856,0.015349,0.20839,0.29208,0.24378,0.14957,0.078359,0.02324,5.801e-005,0.0045275
0.083053,0.13504,0.30149,0.29219,0.11545,0.038704,0.017028,0.017048,0.22308,0.26624,0.26183,0.12171,0.096433,0.025978,2.1483e-005,0.0047155
0.10007,0.14353,0.28619,0.29005,0.11479,0.038534,0.0019547,0.02489,0.2088,0.29171,0.24777,0.13909,0.079025,0.020948,0.00065,0.011998
0.074852,0.15877,0.27163,0.34776,0.08843,0.039463,0.00047841,0.018618,0.23908,0.26049,0.25441,0.119,0.097694,0.021982,0.0013023,0.0060459
0.059862,0.13663,0.33051,0.30315,0.11359,0.040799,0.00082047,0.014647,0.2583,0.25919,0.22938,0.10497,0.098941,0.037444,0.00664,0.0051334
0.075921,0.14006,0.35793,0.26724,0.11398,0.022677,0.0027528,0.019445,0.22777,0.29549,0.26019,0.10868,0.074913,0.026254,0.00018329,0.0065167
0.081816,0.12104,0.35323,0.3032,0.096987,0.032019,0.0047065,0.0070021,0.18429,0.30319,0.25261,0.1264,0.085774,0.041235,0.0033603,0.0031425
0.081952,0.14748,0.32781,0.28853,0.086557,0.053127,0.007647,0.0069011,0.2025,0.27113,0.29066,0.1536,0.043802,0.026918,0.0049228,0.0064687
0.096846,0.14188,0.27556,0.30308,0.097056,0.065997,0.00057056,0.019,0.20512,0.27736,0.2661,0.13868,0.061594,0.036031,0.0055886,0.0095335
0.10289,0.18059,0.26199,0.29994,0.10608,0.038518,0.0018447,0.0081444,0.17988,0.32198,0.2574,0.11745,0.070388,0.042967,0.00030656,0.0096211
0.076169,0.16003,0.31145,0.27153,0.11242,0.046365,0.0032738,0.018763,0.1871,0.33469,0.22578,0.15316,0.049947,0.028323,0.0079173,0.013078
0.04285,0.145,0.34455,0.25575,0.13791,0.049797,0.00022072,0.023923,0.19713,0.2803,0.28136,0.13867,0.058202,0.020581,0.0051785,0.018576
0.062855,0.11598,0.34482,0.28051,0.11216,0.051288,0.0030961,0.029282,0.22167,0.29869,0.28776,0.1004,0.051923,0.022068,0.00075448,0.016724
0.085959,0.10215,0.33165,0.28067,0.1156,0.058188,0.0032871,0.022498,0.21411,0.3064,0.2695,0.11171,0.062991,0.026082,6.5491e-006,0.0092049
0.078047,0.095316,0.32139,0.31115,0.1136,0.063469,0.0015794,0.015449,0.18441,0.30427,0.25851,0.15112,0.080655,0.018171,0.00010549,0.0027693
0.057122,0.14481,0.3282,0.28719,0.086367,0.079694,0.0040537,0.012569,0.18364,0.3566,0.22445,0.15168,0.055741,0.024723,0.00011225,0.0030519
0.057908,0.17503,0.33809,0.24354,0.097197,0.063739,0.010935,0.013567,0.24192,0.28465,0.23555,0.13278,0.063192,0.027841,0.0058997,0.0081677
0.062038,0.17363,0.2617,0.32084,0.097425,0.065012,0.0012844,0.018068,0.19243,0.3066,0.23322,0.1454,0.076314,0.019991,5.0417e-005,0.025993
0.050737,0.20612,0.32204,0.2483,0.10161,0.049662,0.0013361,0.020199,0.19596,0.29857,0.25365,0.13845,0.073385,0.024886,0.0033101,0.011798
0.056639,0.20175,0.31358,0.25781,0.094286,0.055909,0.0014071,0.018616,0.23463,0.26039,0.27865,0.11168,0.071284,0.013305,0.010742,0.019314
0.063913,0.18889,0.34319,0.26442,0.074752,0.03522,0.0031104,0.026503,0.23225,0.26077,0.27637,0.11475,0.075317,0.027187,0.0060362,0.0073232
0.052776,0.14505,0.36967,0.28203,0.083334,0.044067,0.0036382,0.01944,0.2291,0.24067,0.31296,0.13255,0.060781,0.012521,0.0066709,0.004746
0.059404,0.15165,0.30119,0.30059,0.105,0.039667,0.022357,0.020141,0.1986,0.32488,0.26117,0.14217,0.033676,0.032811,0.0031085,0.0035847
0.061028,0.15222,0.32797,0.3147,0.07994,0.036687,0.0012704,0.026189,0.22482,0.34445,0.25982,0.088976,0.035496,0.028034,0.0017761,0.016635
0.090118,0.14764,0.32835,0.31363,0.069326,0.027784,0.001413,0.02173,0.25556,0.31807,0.23945,0.10134,0.033079,0.043274,0.0026997,0.0065379
0.063943,0.18905,0.34206,0.26291,0.10647,0.030899,0.0011537,0.0035139,0.26494,0.30182,0.26778,0.098808,0.031471,0.030722,2.1334e-005,0.004434
0.061824,0.18301,0.32932,0.27426,0.098114,0.047627,0.0003597,0.0054771,0.24429,0.33692,0.24335,0.11917,0.039455,0.012703,0.0012051,0.0029064
0.051021,0.16433,0.33307,0.23598,0.13022,0.061874,0.0065923,0.016911,0.25288,0.28281,0.23326,0.12056,0.063946,0.039188,0.00061103,0.0067491
0.078087,0.16969,0.31353,0.26368,0.096674,0.06418,0.001973,0.012188,0.22725,0.27989,0.24508,0.15529,0.053568,0.037162,0.00072561,0.0010372
0.071251,0.17615,0.33458,0.26507,0.088555,0.048385,0.0013847,0.014626,0.18428,0.35495,0.23519,0.14612,0.046415,0.031124,0.00088419,0.0010329
0.059452,0.18861,0.30204,0.29974,0.083566,0.052651,0.0028133,0.011125,0.17526,0.29267,0.27224,0.15628,0.070845,0.022373,0.0021228,0.0082086
0.083294,0.16542,0.29464,0.28179,0.093299,0.057654,0.00023371,0.023676,0.18838,0.31905,0.30017,0.11251,0.041465,0.034717,0.0010033,0.0027019
0.073168,0.14563,0.30139,0.31313,0.089553,0.046769,0.00040722,0.029946,0.23049,0.28088,0.23789,0.124,0.071771,0.038722,0.0058562,0.010391
0.093872,0.15331,0.28179,0.29663,0.11745,0.033461,0.0016557,0.021831,0.23352,0.32264,0.2164,0.10082,0.075406,0.04368,0.0017139,0.0058145
0.055132,0.15069,0.27855,0.29332,0.12544,0.072768,0.00040055,0.023693,0.21147,0.32616,0.2564,0.10281,0.058639,0.025843,0.011027,0.007653
0.074176,0.15848,0.30437,0.26805,0.10243,0.071601,0.0011064,0.019788,0.1911,0.31119,0.23478,0.14033,0.073384,0.038183,0.001556,0.0094838
0.07068,0.1268,0.30807,0.30185,0.10434,0.057322,0.0013921,0.029558,0.20415,0.34956,0.26331,0.08553,0.07307,0.012181,0.0041576,0.008045
0.064381,0.13673,0.28865,0.33658,0.10643,0.044511,0.00013178,0.022575,0.22951,0.30522,0.22176,0.11116,0.095283,0.02794,0.0083545,0.0007704
0.06423,0.13619,0.34851,0.28918,0.10308,0.043973,0.00017553,0.014658,0.24917,0.25439,0.25585,0.12035,0.091952,0.026895,0.00047985,0.0009072
0.084164,0.12957,0.31155,0.28428,0.10738,0.053066,0.0031793,0.026812,0.18753,0.32986,0.23582,0.10561,0.096982,0.038227,0.00072332,0.0052427
0.081054,0.11068,0.37155,0.26063,0.119,0.03998,0.00024087,0.016857,0.22018,0.30035,0.23003,0.13448,0.085268,0.019853,0.0066538,0.0031894
0.087308,0.1202,0.34216,0.30281,0.1043,0.036551,8.591e-005,0.0065864,0.23566,0.32053,0.23345,0.10787,0.073399,0.021306,6.3454e-005,0.0077294
0.084435,0.14696,0.35233,0.26482,0.09957,0.034399,0.000162,0.017334,0.2494,0.30688,0.2392,0.11437,0.057975,0.020883,0.004146,0.007138
0.075779,0.13207,0.32195,0.30399,0.096533,0.048585,0.0044767,0.016612,0.17718,0.29324,0.2404,0.17264,0.076619,0.028997,0.0037349,0.0071976
0.075403,0.12871,0.26878,0.30676,0.12229,0.087398,0.0020686,0.0085883,0.19002,0.25377,0.24093,0.17744,0.10433,0.01814,0.0023844,0.012986
0.083921,0.14975,0.33091,0.24723,0.11154,0.051614,0.003908,0.021124,0.25041,0.34108,0.22575,0.096946,0.05677,0.020117,0.00014762,0.0087792
0.11075,0.15087,0.3341,0.23346,0.10844,0.052988,0.0019534,0.0074349,0.19285,0.37054,0.21498,0.11293,0.059885,0.038972,0.0018423,0.0080102
0.073355,0.15046,0.26187,0.26418,0.15522,0.083415,1.0836e-006,0.0115,0.1539,0.35433,0.26403,0.13239,0.050922,0.033973,0.00015948,0.010296
0.090342,0.12898,0.30491,0.31569,0.087638,0.051776,5.745e-005,0.020599,0.17811,0.34259,0.25485,0.10296,0.084505,0.02301,0.00010429,0.013872
0.065772,0.12915,0.3353,0.28468,0.10969,0.056654,0.0032814,0.015469,0.2167,0.3324,0.24334,0.10508,0.068221,0.026531,0.0021596,0.0055647
0.079436,0.17681,0.28387,0.29613,0.077757,0.076184,0.0017103,0.0081037,0.19921,0.31746,0.26807,0.12565,0.060472,0.021117,0.00023126,0.0077963
0.089029,0.14383,0.31389,0.31795,0.069539,0.054393,0.00032228,0.011049,0.25701,0.26506,0.22686,0.14413,0.08527,0.015267,3.5304e-005,0.006362
0.051985,0.13423,0.30578,0.29457,0.12562,0.060636,0.00040316,0.02678,0.23024,0.27748,0.24956,0.16679,0.050479,0.013811,0.0092738,0.0023666
0.060408,0.16591,0.305,0.27931,0.10793,0.051715,3.4522e-006,0.029716,0.26114,0.27319,0.25424,0.12197,0.064863,0.014148,0.0038535,0.0065846
0.080012,0.13119,0.30113,0.29087,0.1282,0.05193,0.0020667,0.014605,0.23508,0.31666,0.22782,0.097525,0.085301,0.026306,0.0085816,0.0027202
0.079525,0.1608,0.29462,0.2866,0.12153,0.036934,8.1484e-006,0.019973,0.21551,0.33388,0.21241,0.13001,0.06705,0.02383,0.0036691,0.01363
0.10704,0.15479,0.32023,0.25853,0.10044,0.044134,0.00030114,0.014529,0.22622,0.33414,0.21939,0.12768,0.063465,0.021676,0.0044873,0.0029327
0.08607,0.1257,0.34435,0.28008,0.10694,0.041156,0.00048184,0.015227,0.2224,0.37059,0.20558,0.098097,0.05672,0.02696,0.0099931,0.0096637
0.073438,0.12915,0.31064,0.29042,0.12365,0.055422,0.0035486,0.01374,0.27067,0.32458,0.20377,0.093329,0.071641,0.027738,0.0067084,0.0015668
0.087941,0.16892,0.265,0.28431,0.12538,0.036735,0.00010576,0.031599,0.2703,0.36927,0.17891,0.10002,0.054567,0.015867,0.0057508,0.0053158
0.087811,0.16313,0.30018,0.28137,0.11657,0.025636,4.8437e-006,0.025301,0.18581,0.37219,0.25978,0.09573,0.070119,0.0079668,0.0050805,0.0033165
0.091061,0.12639,0.299,0.26584,0.13598,0.048459,0.0049587,0.028306,0.20906,0.31774,0.30096,0.083026,0.063807,0.02001,0.0018091,0.0035914
0.068583,0.1521,0.29474,0.30937,0.10922,0.052816,0.00076918,0.012409,0.24924,0.30861,0.27649,0.08601,0.043004,0.017919,0.0049135,0.013801
0.061925,0.14388,0.32122,0.29048,0.1147,0.048663,0.0030884,0.016043,0.22477,0.29816,0.3032,0.089649,0.047881,0.020575,0.0015459,0.014221
0.060738,0.13457,0.35227,0.24385,0.12907,0.063676,0.0078335,0.0079877,0.19088,0.34163,0.29205,0.072314,0.066147,0.015107,0.0024754,0.019401
0.051917,0.18315,0.31171,0.30005,0.091682,0.052745,0.0016358,0.0071018,0.25393,0.3221,0.27895,0.074787,0.047963,0.015788,0.00022479,0.0062589
0.071932,0.15512,0.28054,0.30878,0.12375,0.049661,1.8148e-005,0.0102,0.22286,0.33369,0.22453,0.11008,0.070508,0.032537,7.3908e-005,0.0057252
0.047262,0.17029,0.32847,0.28934,0.081084,0.062852,0.0011128,0.01959,0.27215,0.28884,0.23769,0.10941,0.051684,0.033211,0.00010877,0.0068999
0.055122,0.11424,0.32641,0.30633,0.11347,0.064333,0.0008637,0.019236,0.21303,0.33836,0.22754,0.09286,0.075994,0.035061,0.00084863,0.016302
0.079005,0.14335,0.30973,0.29667,0.09044,0.065844,0.0009101,0.01405,0.21854,0.32237,0.25132,0.10421,0.064299,0.031154,0.0009423,0.0071723
0.08248,0.17758,0.2937,0.29407,0.07469,0.056605,0.0014464,0.019432,0.18807,0.30357,0.27977,0.12587,0.054385,0.039274,1.1053e-005,0.0090443
0.066117,0.1743,0.27962,0.31509,0.10775,0.046909,0.00089229,0.0093154,0.28513,0.24347,0.25884,0.1499,0.045693,0.011933,5.6319e-006,0.0050302
0.038805,0.18608,0.31406,0.29298,0.08861,0.069984,0.00099482,0.0084938,0.26427,0.25566,0.25168,0.13983,0.050664,0.025938,0.00021891,0.011736
0.056285,0.15951,0.28853,0.31105,0.11313,0.054162,0.0083309,0.0090094,0.25406,0.26336,0.28705,0.11269,0.05584,0.017089,0.00051895,0.009396
0.064218,0.1355,0.31908,0.32525,0.087675,0.047342,0.0036719,0.017259,0.19789,0.30212,0.28023,0.11686,0.078623,0.011366,0.00011336,0.012811
0.06178,0.146,0.28427,0.29297,0.13977,0.047007,0.0010413,0.027153,0.22636,0.29946,0.23804,0.14881,0.056127,0.026661,0.0022614,0.0022806
0.051315,0.13971,0.31932,0.28211,0.14178,0.051941,0.00026798,0.01356,0.23052,0.29876,0.24946,0.14083,0.043529,0.017106,0.0010404,0.018754
0.064365,0.1787,0.28717,0.29031,0.117,0.039058,0.008517,0.014882,0.25473,0.32928,0.19195,0.10585,0.068421,0.025017,0.0043837,0.020362
0.097036,0.12585,0.2899,0.27344,0.13461,0.057758,0.0085861,0.012818,0.25341,0.3165,0.2459,0.084202,0.056558,0.024724,0.0065968,0.012109
0.049929,0.16688,0.29551,0.30417,0.11106,0.042581,0.007597,0.02228,0.24552,0.28459,0.26217,0.11946,0.061508,0.021258,0.00023508,0.0052624
0.082882,0.13071,0.3372,0.32878,0.078637,0.03251,0.001504,0.0077835,0.22958,0.26667,0.2681,0.11508,0.065938,0.042602,0.0039647,0.0080643
0.085758,0.13041,0.37809,0.2654,0.093571,0.032949,0.0072015,0.0066249,0.24429,0.28692,0.2385,0.11373,0.062752,0.046378,0.0015146,0.0058986
0.088283,0.15392,0.32952,0.25937,0.098896,0.051074,0.00086975,0.018072,0.22837,0.30831,0.20998,0.14347,0.087522,0.012427,0.00093076,0.0089845
0.091722,0.15641,0.29703,0.29459,0.11005,0.031329,0.00051259,0.018352,0.27963,0.34885,0.17838,0.11486,0.050657,0.015384,0.0012039,0.011036
0.077392,0.20121,0.26561,0.28647,0.090246,0.060782,0.011479,0.0068154,0.28401,0.27061,0.28071,0.081558,0.041999,0.037646,0.0021229,0.0013408
0.078265,0.16099,0.2616,0.32601,0.09752,0.062693,0.0055273,0.0073942,0.26903,0.32337,0.19452,0.086896,0.08816,0.012185,0.0094601,0.016375
0.079263,0.17492,0.26238,0.2885,0.14404,0.040517,0.0015495,0.0088356,0.26043,0.26763,0.27897,0.10023,0.056358,0.011549,0.002347,0.02248
0.06354,0.15298,0.26957,0.32518,0.10959,0.064421,0.0047908,0.0099267,0.25338,0.31957,0.23141,0.13026,0.037675,0.010057,0.0029516,0.014694
0.09941,0.18796,0.23965,0.29693,0.095188,0.068653,2.4743e-006,0.012213,0.24521,0.28276,0.23352,0.13149,0.062322,0.022864,0.0077787,0.01405
0.078587,0.1764,0.34092,0.23649,0.094705,0.067299,7.8592e-007,0.0056014,0.22888,0.31798,0.24201,0.11455,0.055836,0.01558,0.00017518,0.024982
0.065348,0.15757,0.32334,0.29477,0.076137,0.049888,0.00046098,0.032486,0.20593,0.31462,0.23894,0.14008,0.065441,0.019479,1.174e-005,0.015504
0.092941,0.19169,0.26771,0.26427,0.07522,0.087396,0.0032843,0.017496,0.22057,0.299,0.24512,0.10352,0.064135,0.045581,0.00016449,0.021912
0.07622,0.17606,0.28841,0.25346,0.091357,0.091783,0.00072151,0.021985,0.23725,0.31847,0.22807,0.097815,0.064411,0.024629,0.001472,0.027881
0.10468,0.20347,0.26627,0.27111,0.081063,0.05932,0.0010459,0.013044,0.24558,0.30799,0.22959,0.082551,0.090572,0.030004,0.0037793,0.0099281
0.077935,0.13841,0.31712,0.269,0.11311,0.060617,0.00030918,0.023492,0.25261,0.25808,0.24865,0.091427,0.11185,0.028498,0.0038857,0.0050121
0.068616,0.14789,0.3155,0.28316,0.1063,0.054767,0.0051411,0.018632,0.25391,0.23646,0.28038,0.12482,0.066916,0.020862,0.00089686,0.015757
0.050362,0.17604,0.27271,0.30866,0.11321,0.042592,0.001328,0.035106,0.25185,0.23159,0.22565,0.17041,0.052988,0.032014,0.0028164,0.032684
0.065629,0.16204,0.28478,0.30698,0.091587,0.074977,0.001234,0.01278,0.20925,0.25278,0.29234,0.15788,0.063983,0.0085372,0.0014109,0.013819
0.066063,0.15179,0.29066,0.30071,0.11023,0.058845,0.0019849,0.019715,0.21062,0.28167,0.28516,0.13413,0.055908,0.016497,0.00014316,0.015876
0.046964,0.19406,0.28855,0.29126,0.070814,0.09027,0.00019999,0.017872,0.19483,0.26983,0.29389,0.13062,0.057821,0.045842,0.00016769,0.0069955
0.032281,0.17154,0.31092,0.30454,0.11231,0.045192,0.0057005,0.017522,0.19973,0.35629,0.22692,0.10922,0.075818,0.030131,4.3334e-005,0.0018506
0.061588,0.1795,0.33515,0.25267,0.079072,0.08264,0.001891,0.007491,0.23535,0.29004,0.2306,0.13107,0.06939,0.036517,0.00081302,0.0062111
0.045051,0.18475,0.29706,0.25924,0.10092,0.083039,0.012845,0.017091,0.22087,0.24767,0.24322,0.14348,0.088673,0.040728,0.0001637,0.015189
0.034637,0.14885,0.32455,0.30727,0.077805,0.075721,0.015148,0.016026,0.17071,0.28294,0.27228,0.12571,0.084577,0.019846,0.0044118,0.039516
0.040473,0.16639,0.28675,0.3322,0.097969,0.059569,0.0070225,0.0096172,0.2139,0.26695,0.22443,0.12179,0.083924,0.048862,0.021571,0.018582
0.071467,0.16745,0.30733,0.27493,0.097811,0.066754,0.0025506,0.011708,0.23998,0.27695,0.24479,0.09262,0.087762,0.043055,4.3086e-005,0.014799
0.070236,0.17056,0.30175,0.24298,0.10936,0.075075,0.007937,0.022104,0.24335,0.28639,0.26186,0.091186,0.080463,0.029167,5.3737e-005,0.0075183
0.076102,0.18105,0.26323,0.26533,0.13015,0.053118,0.012926,0.018091,0.23295,0.27111,0.30385,0.10402,0.057652,0.024377,0.0019945,0.0040463
0.055501,0.21578,0.2804,0.27458,0.090365,0.060198,0.0035366,0.019631,0.24763,0.28282,0.26948,0.091902,0.053324,0.043108,0.0052249,0.0065098
0.056043,0.14884,0.35243,0.23408,0.1076,0.079395,0.0049649,0.01665,0.22338,0.27107,0.24757,0.11422,0.099404,0.029265,0.0063,0.0087902
0.087943,0.17328,0.31605,0.24769,0.11367,0.045911,0.0012249,0.014226,0.25559,0.24279,0.25855,0.092953,0.088414,0.0427,0.0097638,0.0092407
0.082757,0.18035,0.26417,0.26748,0.14029,0.05704,0.0015145,0.0063982,0.20385,0.33153,0.19812,0.12037,0.10733,0.031482,0.0041449,0.0031753
0.091224,0.17016,0.24936,0.28605,0.11206,0.068045,0.001103,0.021994,0.19195,0.3206,0.2493,0.13275,0.062978,0.032684,0.0045311,0.0051931
0.049436,0.16903,0.32544,0.2615,0.11075,0.057509,0.0060767,0.020254,0.19455,0.31581,0.25284,0.1204,0.071438,0.036482,0.0029964,0.0054861
0.049475,0.14635,0.36584,0.24793,0.1171,0.054153,0.002039,0.017107,0.18528,0.31185,0.26727,0.096481,0.097204,0.024193,0.0040571,0.013668
0.073736,0.18051,0.27032,0.25005,0.12852,0.066156,0.0082298,0.022485,0.18773,0.30234,0.27206,0.093824,0.10679,0.024757,0.004625,0.0078757
0.076614,0.15496,0.29348,0.25823,0.10206,0.072382,0.0016836,0.040589,0.21687,0.27366,0.22432,0.14498,0.10269,0.017493,0.0010784,0.01891
0.058591,0.17497,0.28968,0.28534,0.11406,0.059121,0.0027508,0.015491,0.19099,0.2826,0.24054,0.16834,0.074731,0.022485,0.0068705,0.013438
0.053503,0.19361,0.28971,0.28927,0.11561,0.046981,0.0007124,0.010602,0.23829,0.31143,0.21982,0.14473,0.058664,0.013555,0.0054363,0.0080731
0.062217,0.16889,0.33345,0.27486,0.10541,0.044635,0.002323,0.0082135,0.22926,0.2625,0.29142,0.1044,0.093869,0.01297,0.0016713,0.0039026
0.076959,0.14127,0.27134,0.28865,0.15059,0.056902,0.00073801,0.013548,0.20813,0.25563,0.28824,0.11741,0.10105,0.02474,0.00087588,0.0039252
0.085736,0.1387,0.27252,0.30222,0.12192,0.061792,0.0019972,0.015119,0.24946,0.27712,0.21902,0.11184,0.10267,0.014763,0.0030641,0.022067
0.09539,0.14591,0.28063,0.31264,0.12249,0.029187,0.0043738,0.009384,0.27521,0.33297,0.17305,0.092423,0.077306,0.022248,0.0034698,0.023326
0.082087,0.16447,0.23048,0.34531,0.1249,0.045131,9.0078e-005,0.0075306,0.24063,0.29289,0.26459,0.08878,0.085623,0.018828,0.00079665,0.0078674
0.082295,0.12838,0.27348,0.31449,0.14554,0.045523,0.00016161,0.010124,0.23753,0.31808,0.22359,0.11113,0.075812,0.015459,0.0044008,0.013993
0.075681,0.16838,0.28062,0.24472,0.16165,0.053311,5.9172e-006,0.015632,0.20227,0.30024,0.27082,0.12257,0.057833,0.041118,0.0037332,0.0014197
0.10072,0.14392,0.2647,0.2742,0.10589,0.088212,0.00302,0.019342,0.26769,0.28739,0.25466,0.11358,0.042194,0.028288,0.0032826,0.0029096
0.12733,0.15377,0.26986,0.24371,0.12079,0.063735,0.0038255,0.016969,0.2224,0.28453,0.26709,0.12032,0.056819,0.039008,0.0012194,0.0086136
0.078334,0.15719,0.28961,0.25125,0.12541,0.069411,0.00077514,0.02802,0.19408,0.36975,0.25055,0.096537,0.03965,0.04388,2.9794e-005,0.0055203
0.064628,0.15773,0.30892,0.26384,0.11055,0.066882,0.0026852,0.024762,0.18168,0.24865,0.30238,0.13541,0.077633,0.045963,0.0044343,0.0038453
0.088565,0.1631,0.28185,0.29693,0.1096,0.028979,0.0085273,0.022461,0.22591,0.28272,0.26322,0.094604,0.092936,0.036483,0.00059259,0.0035261
0.099216,0.13986,0.28865,0.27689,0.11747,0.04894,0.00039953,0.02857,0.22985,0.25172,0.27884,0.12317,0.071443,0.037331,0.0043749,0.0032663
0.080412,0.12455,0.30256,0.28493,0.11613,0.064394,2.3619e-005,0.027006,0.22749,0.2352,0.30378,0.12023,0.08681,0.02115,0.0020992,0.0032358
0.09678,0.1751,0.31902,0.20079,0.11107,0.068215,0.0066011,0.022438,0.21189,0.28568,0.27477,0.13278,0.067535,0.020818,0.0054872,0.0010281
0.095962,0.17398,0.36851,0.16174,0.13093,0.052806,0.00023729,0.015836,0.17044,0.33501,0.25626,0.13436,0.071456,0.026802,0.0032246,0.0024397
0.12082,0.15785,0.37637,0.18413,0.091204,0.046895,0.0016926,0.021023,0.18774,0.34695,0.27291,0.11897,0.042277,0.022605,0.0043895,0.0041552
0.093189,0.15276,0.36052,0.21389,0.10278,0.063142,0.00020318,0.013507,0.20174,0.34458,0.24521,0.12602,0.044198,0.034336,0.0015882,0.0023263
0.10227,0.14735,0.2913,0.29123,0.096782,0.050847,0.00063634,0.01959,0.17582,0.35453,0.2679,0.098573,0.064939,0.0308,0.0033694,0.0040667
0.083215,0.14605,0.29784,0.32162,0.067228,0.051324,0.00025706,0.032462,0.17651,0.31841,0.26385,0.12834,0.07689,0.03167,0.0029997,0.0013235
0.089814,0.17179,0.32764,0.26559,0.072367,0.050216,0.00018243,0.022403,0.1432,0.35519,0.26418,0.13639,0.07079,0.018957,0.0015038,0.0097786
0.085932,0.18715,0.29766,0.268,0.096906,0.037847,0.0055214,0.020993,0.15824,0.34065,0.25439,0.1487,0.054377,0.032778,0.002886,0.0079751
0.070396,0.19246,0.34225,0.23438,0.10319,0.036376,0.00043135,0.020521,0.1876,0.30736,0.21245,0.20315,0.069569,0.016928,0.0002398,0.0027039
0.06509,0.18258,0.28236,0.26397,0.12562,0.064183,0.00023856,0.015953,0.23488,0.29209,0.25761,0.13477,0.0506,0.029422,2.0105e-005,0.00061419
0.047491,0.15456,0.28125,0.31718,0.11319,0.07604,0.00073939,0.0095507,0.20543,0.36817,0.2207,0.11726,0.041296,0.032297,0.00011541,0.014738
0.045967,0.15384,0.36017,0.26563,0.093871,0.056976,0.0019404,0.021606,0.20243,0.38102,0.20114,0.11747,0.055711,0.031578,0.0016508,0.0089945
0.05231,0.14091,0.35054,0.27549,0.11222,0.049315,0.0040771,0.015133,0.21572,0.32643,0.20375,0.14399,0.059248,0.036743,0.00095614,0.013165
0.070684,0.18047,0.28,0.30279,0.10055,0.049137,0.0053961,0.010971,0.22559,0.2995,0.2497,0.12706,0.049631,0.030684,0.014533,0.0032989
0.06609,0.19759,0.26013,0.28726,0.10674,0.053064,0.0055269,0.023604,0.25797,0.27698,0.25264,0.10732,0.071467,0.024107,0.00085442,0.0086639
0.05381,0.17273,0.30707,0.25836,0.11708,0.061387,0.0088578,0.020702,0.17586,0.37602,0.24442,0.091133,0.078299,0.024962,0.003703,0.0055984
0.073011,0.15652,0.33699,0.25646,0.085807,0.066207,0.0039166,0.021091,0.21791,0.27934,0.28516,0.11382,0.076863,0.0234,0.0029525,0.00055489
0.098726,0.17477,0.30445,0.25235,0.11337,0.045143,0.0015476,0.0096483,0.19399,0.29111,0.26357,0.16238,0.055389,0.019536,0.0013216,0.012708
0.081471,0.13952,0.3046,0.29417,0.10728,0.058836,0.0020879,0.012023,0.18214,0.32512,0.24037,0.17611,0.042537,0.016772,0.0079484,0.0089945
0.07252,0.16911,0.29251,0.29649,0.0773,0.076923,0.00055068,0.014604,0.22038,0.29407,0.24594,0.15973,0.056967,0.016194,0.0053322,0.0013892
0.053449,0.18335,0.30647,0.28745,0.10371,0.060491,0.0004437,0.0046357,0.25086,0.2886,0.24803,0.12433,0.053131,0.020354,0.011507,0.0031808
0.049874,0.21553,0.24275,0.32894,0.069691,0.069207,9.3455e-008,0.024012,0.20139,0.32282,0.27883,0.13257,0.030094,0.0147,0.0040785,0.015505
0.05326,0.2034,0.23632,0.31173,0.087961,0.10007,2.0425e-009,0.0072639,0.22519,0.26901,0.2653,0.1695,0.05611,0.0054373,0.00070135,0.008753
0.058611,0.19998,0.26575,0.27712,0.11182,0.073654,0.00012001,0.012944,0.21331,0.27792,0.25299,0.1561,0.071633,0.016707,0.0018476,0.0094833
0.07556,0.19956,0.31177,0.22096,0.098331,0.081232,0.0011065,0.011486,0.20405,0.29356,0.23051,0.19183,0.057073,0.012333,0.0075629,0.0030692
0.095897,0.17389,0.30887,0.2645,0.067109,0.075424,1.0848e-005,0.014296,0.2325,0.25044,0.27545,0.15885,0.04047,0.016503,0.0021075,0.023679
0.083926,0.16832,0.30024,0.29196,0.07579,0.066469,0.00042608,0.012873,0.20593,0.20865,0.31707,0.15668,0.061364,0.042715,0.00030559,0.0072783
0.08699,0.1713,0.2817,0.2817,0.10492,0.065577,0.00013111,0.0076758,0.23417,0.24876,0.27677,0.12326,0.081554,0.030714,0.0002845,0.0044857
0.094996,0.13869,0.29213,0.27072,0.080782,0.10559,0.00017625,0.01691,0.23228,0.29689,0.2129,0.15629,0.081725,0.014881,0.0011371,0.0038941
0.07045,0.18191,0.28929,0.30207,0.087486,0.057486,1.1292e-006,0.011311,0.19633,0.29383,0.26143,0.15855,0.060078,0.024942,0.0042968,0.00054837
0.074753,0.1736,0.31013,0.28174,0.087175,0.05226,1.6874e-008,0.020338,0.21314,0.32708,0.23401,0.14406,0.048169,0.02596,0.00087124,0.0067182
0.061047,0.15114,0.31831,0.25931,0.12811,0.063651,0.00023235,0.018196,0.19677,0.29724,0.30305,0.11701,0.069545,0.010755,0.0011151,0.0045198
0.062918,0.16955,0.29942,0.27371,0.10172,0.070166,0.00019676,0.022324,0.21774,0.30971,0.27169,0.10828,0.081941,0.0063691,0.00063519,0.0036174
0.084191,0.15594,0.34049,0.24083,0.093707,0.06623,0.004466,0.014144,0.23441,0.27411,0.29363,0.10504,0.069954,0.016781,0.00077683,0.0052985
0.070235,0.16234,0.26539,0.30249,0.12473,0.051799,0.0039969,0.01902,0.23333,0.23307,0.29663,0.15351,0.056834,0.018288,0.0015237,0.0068201
0.071432,0.18694,0.26062,0.30847,0.099741,0.045912,0.0041583,0.022733,0.22685,0.27235,0.27357,0.14147,0.05504,0.015364,0.0020048,0.013355
0.087922,0.17383,0.24926,0.31912,0.085353,0.056647,3.8219e-005,0.027823,0.23926,0.26947,0.24664,0.14663,0.08014,0.017346,6.5555e-005,0.00043957
0.061099,0.15547,0.28595,0.31422,0.09838,0.063927,0.0018559,0.019098,0.2102,0.29551,0.22345,0.16438,0.086515,0.018624,0.00092413,0.00040131
0.051891,0.17676,0.28259,0.30089,0.097103,0.061639,0.0016048,0.02752,0.22571,0.29842,0.23708,0.12836,0.087946,0.020348,0.00076311,0.0013729
0.082338,0.19238,0.29866,0.25973,0.091779,0.049142,0.0052892,0.020685,0.18504,0.31976,0.26051,0.13129,0.072966,0.016479,0.0022318,0.011719
0.058795,0.16759,0.29918,0.28165,0.11991,0.059557,0.0038564,0.0094708,0.19718,0.33533,0.22623,0.13523,0.073868,0.026692,5.9635e-005,0.0054098
0.080778,0.14177,0.27791,0.30497,0.13338,0.03095,0.003628,0.02662,0.1897,0.29731,0.28761,0.099922,0.10236,0.019311,0.0024667,0.0013183
0.079703,0.1424,0.30094,0.27089,0.14277,0.049063,0.00033638,0.0139,0.20421,0.34607,0.25742,0.10547,0.055996,0.027841,0.0013468,0.0016494
0.079865,0.16008,0.29677,0.23872,0.15186,0.056148,1.3133e-005,0.016535,0.24288,0.30988,0.2398,0.13503,0.048374,0.021498,0.00060921,0.00193
0.073298,0.13594,0.26005,0.31167,0.13687,0.060597,0.00048054,0.021096,0.30669,0.31008,0.21322,0.079773,0.043877,0.038736,4.1166e-009,0.0076294
0.078056,0.16749,0.26268,0.27738,0.11561,0.083985,3.545e-006,0.014792,0.24213,0.32077,0.2465,0.089578,0.054998,0.043749,0.00096428,0.0013184
0.066236,0.12243,0.27756,0.26465,0.15268,0.092482,0.0021195,0.021847,0.18521,0.35201,0.31289,0.080479,0.037241,0.017098,0.0034864,0.011584
0.08023,0.19408,0.29296,0.23885,0.083143,0.090928,0.0027412,0.017063,0.18765,0.34648,0.24687,0.13601,0.069379,0.0079502,0.0015371,0.0041234
0.083644,0.17666,0.28231,0.22961,0.13809,0.06346,0.0019253,0.0243,0.23798,0.27506,0.24405,0.14636,0.074466,0.017732,0.0034716,0.00088235
0.10899,0.17162,0.26129,0.27401,0.10678,0.054415,3.1786e-005,0.022871,0.24827,0.3268,0.20476,0.14711,0.041851,0.028202,0.0016602,0.0013479
0.071003,0.19596,0.2654,0.27,0.10968,0.051475,0.0032631,0.033219,0.24997,0.30698,0.24601,0.10615,0.055088,0.034939,0.00039647,0.00046179
0.070213,0.19075,0.24245,0.26511,0.12585,0.083881,0.010328,0.01141,0.23745,0.29706,0.23676,0.11319,0.077929,0.035714,0.00011754,0.0017792
0.058402,0.16236,0.28175,0.29078,0.10399,0.081442,0.0063673,0.014915,0.2166,0.25151,0.24039,0.12608,0.10176,0.057236,0.0045142,0.0019022
0.055482,0.20556,0.29601,0.26278,0.080993,0.0723,0.0035189,0.023346,0.24387,0.26179,0.23294,0.14745,0.07776,0.029584,0.00098993,0.0056049
0.067547,0.21589,0.3064,0.23705,0.091815,0.068775,0.0045449,0.0079789,0.21087,0.30051,0.22051,0.16359,0.07138,0.021852,0.005676,0.0056163
0.088114,0.16556,0.28616,0.28636,0.10036,0.063174,0.00033649,0.0099298,0.22753,0.24503,0.25854,0.14691,0.086349,0.022725,0.0049385,0.007981
0.087132,0.15476,0.33305,0.2841,0.078,0.04654,0.0012782,0.015145,0.22327,0.30991,0.23274,0.13761,0.04743,0.037101,0.0044355,0.0075108
0.062705,0.17264,0.25261,0.26545,0.13708,0.076718,0.0016092,0.031199,0.20357,0.32474,0.20918,0.1627,0.067011,0.028374,3.7898e-005,0.0043906
0.064491,0.18096,0.29937,0.25271,0.12123,0.071042,0.00049222,0.0096953,0.22353,0.35632,0.21178,0.1138,0.067336,0.023236,2.5569e-006,0.0039946
0.057247,0.20522,0.25135,0.26702,0.12057,0.078885,0.002963,0.016739,0.22519,0.29152,0.26384,0.10469,0.068294,0.043314,0.00071782,0.0024292
0.097859,0.16205,0.26515,0.26713,0.11603,0.078413,0.0034012,0.0099577,0.20055,0.3459,0.22852,0.10317,0.082467,0.037037,0.00070157,0.0016563
0.08193,0.20888,0.26994,0.26419,0.1096,0.048131,0.0013077,0.016014,0.23162,0.29089,0.26919,0.10431,0.055467,0.038416,0.00048514,0.0096231
0.060698,0.17332,0.28751,0.27054,0.10426,0.090867,3.4699e-005,0.012776,0.2287,0.36085,0.21174,0.10464,0.058281,0.030959,0.0016906,0.0031415
0.091928,0.16025,0.25466,0.24956,0.14945,0.078426,0.0027232,0.013003,0.19364,0.34071,0.23842,0.11734,0.079362,0.02466,7.6487e-005,0.0057967
0.06763,0.17386,0.26076,0.26242,0.12269,0.082214,0.0051521,0.02527,0.20995,0.34103,0.25133,0.10953,0.049373,0.022162,0.0040308,0.012592
0.063762,0.18275,0.27981,0.26215,0.14195,0.063652,0.00015813,0.0057669,0.20947,0.35383,0.18838,0.13076,0.091241,0.012573,0.0012987,0.012454
0.088331,0.17125,0.29031,0.27266,0.096745,0.071541,0.00024529,0.0089154,0.22262,0.29599,0.24321,0.11527,0.090618,0.010733,4.392e-005,0.021521
0.084647,0.14252,0.30019,0.30811,0.10068,0.045925,4.5945e-005,0.017887,0.21176,0.27448,0.27443,0.13194,0.072217,0.015856,8.6766e-006,0.019306
0.054097,0.18269,0.24521,0.31979,0.11136,0.048324,0.0026068,0.035919,0.22972,0.29306,0.28204,0.10685,0.068358,0.010794,0.0047351,0.0044347
0.058819,0.17783,0.29928,0.31405,0.10759,0.029979,0.0041739,0.0082861,0.27054,0.24688,0.27655,0.11251,0.054433,0.016722,0.004057,0.018308
0.069749,0.13948,0.25174,0.37303,0.088613,0.045573,0.011806,0.020012,0.23627,0.25637,0.25571,0.16838,0.052166,0.024559,0.0011203,0.0054263
0.056641,0.16308,0.35626,0.2526,0.10967,0.044896,0.0025667,0.014287,0.1797,0.29286,0.28645,0.17287,0.043986,0.018612,0.0021897,0.0033436
0.067891,0.17489,0.32696,0.27266,0.086949,0.03515,0.0010666,0.034436,0.20054,0.27136,0.26731,0.15075,0.065686,0.038096,0.00057707,0.0056844
0.077605,0.13098,0.33358,0.28585,0.12654,0.038634,4.1854e-005,0.0067675,0.18923,0.27321,0.2285,0.18353,0.0547,0.043596,0.00035373,0.026875
0.081037,0.16462,0.35714,0.23194,0.10898,0.037149,0.0017983,0.017325,0.21197,0.26926,0.31525,0.12564,0.049794,0.014931,0.01032,0.0028283
0.065969,0.1823,0.2806,0.30816,0.10367,0.048783,0.0024,0.0081241,0.2106,0.25022,0.25785,0.13773,0.084273,0.035001,0.0090721,0.01525
0.086448,0.1772,0.25583,0.28695,0.10556,0.059047,0.0040137,0.024965,0.21378,0.30928,0.25071,0.13607,0.050904,0.027613,0.00081638,0.010825
0.1067,0.15538,0.27003,0.31152,0.10305,0.037962,0.0037858,0.011571,0.18564,0.38359,0.22814,0.12417,0.060777,0.012461,0.0001366,0.0050852
0.083752,0.16573,0.27429,0.29379,0.11809,0.057938,2.0708e-005,0.0064007,0.17025,0.34786,0.24126,0.10376,0.089321,0.042133,1.0644e-005,0.0054138
0.096478,0.14078,0.31674,0.29659,0.087707,0.055022,0.00011301,0.0065667,0.21022,0.32869,0.25323,0.096579,0.065659,0.040269,4.6313e-005,0.005301
0.056789,0.16139,0.35274,0.29433,0.067605,0.053162,0.0019132,0.012073,0.22934,0.33121,0.19267,0.15629,0.061221,0.02366,0.00010645,0.0055065
0.086922,0.22435,0.30268,0.25386,0.086061,0.036738,0.001486,0.0078998,0.18198,0.30839,0.26001,0.14407,0.068458,0.03145,2.3695e-005,0.0056235
0.048651,0.15375,0.33718,0.30899,0.090076,0.04462,3.0226e-005,0.016698,0.21914,0.26805,0.24454,0.15087,0.066373,0.044604,2.3227e-008,0.0064264
0.05475,0.17493,0.31582,0.30314,0.10085,0.040278,0.00018344,0.010045,0.164,0.35181,0.26494,0.11314,0.068896,0.029141,0.0039138,0.0041484
0.045775,0.18432,0.28944,0.32383,0.10305,0.041162,0.0019219,0.010505,0.18111,0.2758,0.27652,0.1544,0.043781,0.047766,0.00027544,0.020342
0.064577,0.17646,0.26213,0.30075,0.10254,0.0819,0.00048163,0.01117,0.20838,0.24788,0.30648,0.12761,0.065417,0.040125,0.00028342,0.0038276
0.072773,0.16468,0.3565,0.25874,0.093506,0.032637,0.0010621,0.020103,0.19298,0.284,0.25334,0.13655,0.080057,0.044026,0.0046126,0.0044387
0.068394,0.13395,0.34962,0.26896,0.12242,0.033675,7.4864e-005,0.022908,0.1764,0.3038,0.22532,0.16962,0.065036,0.045926,0.0018589,0.012037
0.058552,0.1379,0.36819,0.24855,0.11737,0.052122,0.00077129,0.016539,0.15258,0.30836,0.26763,0.20483,0.041769,0.018063,0.00074901,0.0060263
0.095643,0.12719,0.32945,0.29707,0.095194,0.035094,0.00085581,0.019504,0.1565,0.32367,0.29114,0.13435,0.048883,0.037805,0.001216,0.0064186
0.095007,0.10777,0.35044,0.29192,0.10561,0.043786,0.0012664,0.0041946,0.1632,0.28773,0.30005,0.17519,0.044048,0.018779,0.00040824,0.010594
0.088428,0.097639,0.33656,0.28194,0.10552,0.070792,0.00070183,0.018416,0.1812,0.29211,0.24107,0.18319,0.063648,0.028668,7.1642e-005,0.010051
0.12773,0.13023,0.2806,0.30193,0.088233,0.036656,0.0084719,0.026144,0.17757,0.27499,0.27751,0.16087,0.04507,0.024552,0.0040695,0.035364
0.099689,0.10621,0.30919,0.34523,0.087055,0.034777,0.0042199,0.013628,0.16402,0.29051,0.25382,0.15703,0.050006,0.04003,0.016443,0.028148
0.076616,0.14596,0.3259,0.29066,0.07391,0.061058,4.6197e-005,0.025855,0.23317,0.27627,0.23305,0.14861,0.043417,0.05815,0.00096134,0.0063664
0.062289,0.12215,0.33594,0.2884,0.093888,0.080149,0.00019848,0.01699,0.21899,0.25622,0.29536,0.15396,0.046148,0.024093,0.00025505,0.0049733
0.051179,0.12193,0.36191,0.29506,0.093593,0.064149,1.0522e-005,0.012165,0.2249,0.26137,0.24309,0.1341,0.10796,0.021741,0.0039535,0.0028905
0.066858,0.14334,0.352,0.25271,0.10164,0.054595,0.00045274,0.028403,0.23273,0.21619,0.26893,0.12247,0.10338,0.033302,0.011017,0.011984
0.051181,0.12908,0.3308,0.2897,0.10546,0.042385,0.0017206,0.049683,0.2404,0.2034,0.26449,0.15126,0.090091,0.033927,0.0057758,0.010643
0.075136,0.12022,0.37837,0.26547,0.075555,0.05382,2.6633e-008,0.031431,0.27107,0.297,0.19767,0.15105,0.053935,0.023159,0.0027159,0.003394
0.055618,0.13521,0.334,0.30667,0.099108,0.059095,0.00043751,0.0098689,0.22638,0.31327,0.218,0.15267,0.051769,0.036273,4.3707e-005,0.0015839
0.046493,0.13993,0.31762,0.26388,0.15195,0.063797,4.8293e-009,0.016334,0.29011,0.26333,0.25483,0.089222,0.064949,0.025755,0.0065624,0.0052448
0.053809,0.14976,0.30017,0.23966,0.18024,0.044363,1.4475e-006,0.031992,0.29315,0.2741,0.20844,0.12228,0.072864,0.022181,0.0029304,0.0040543
0.043849,0.15157,0.34209,0.27771,0.14428,0.024936,0.00086057,0.014695,0.29373,0.29796,0.1841,0.13641,0.064565,0.011424,0.0015893,0.010214
0.077213,0.15758,0.35211,0.23882,0.11819,0.042057,4.3345e-008,0.014039,0.29568,0.30909,0.18003,0.13415,0.062506,0.012763,4.8689e-008,0.0057741
0.095288,0.15921,0.26855,0.29118,0.10738,0.070262,0.0016084,0.0065294,0.28173,0.29149,0.21991,0.09067,0.10135,0.011989,0.0020115,0.00084175
0.084123,0.18114,0.2549,0.29532,0.09939,0.066661,0.0037015,0.014765,0.25993,0.26839,0.23106,0.11109,0.096272,0.020502,0.012382,0.00036396
0.079371,0.12913,0.2901,0.30726,0.12233,0.053558,0.0013582,0.016909,0.22026,0.26128,0.23222,0.14569,0.089515,0.043306,0.0047334,0.0029958
0.071147,0.14511,0.25633,0.29138,0.13997,0.059112,0.0062947,0.030657,0.29817,0.28174,0.20241,0.10874,0.076905,0.021514,0.0040232,0.0065018
0.064956,0.15034,0.31619,0.29375,0.11279,0.04503,0.0021766,0.014776,0.2798,0.29217,0.22756,0.11104,0.063116,0.019169,2.0172e-005,0.0071264
0.069997,0.15428,0.31066,0.24572,0.12525,0.078588,0.0026183,0.012892,0.28009,0.29191,0.20595,0.085724,0.1041,0.01168,0.0030457,0.0175
0.059001,0.1793,0.27531,0.26464,0.12806,0.083616,0.0014597,0.0086218,0.23948,0.29824,0.25604,0.12538,0.060656,0.0042102,0.010347,0.0056374
0.062536,0.166,0.30414,0.22622,0.12234,0.079729,0.0062652,0.032772,0.22545,0.3429,0.21635,0.11465,0.069661,0.022966,0.0038137,0.0042084
0.066548,0.14154,0.28338,0.33468,0.10298,0.055766,0.00089913,0.01421,0.17749,0.30702,0.25741,0.13387,0.10655,0.014783,0.0017341,0.0011467
0.074476,0.15888,0.30109,0.27495,0.090802,0.086258,0.0002137,0.013339,0.23458,0.28253,0.25926,0.11114,0.083059,0.019699,1.9446e-005,0.0097189
0.10016,0.1535,0.28192,0.30079,0.099325,0.050735,3.6199e-005,0.013535,0.23186,0.26545,0.26159,0.091384,0.11875,0.027269,0.00014156,0.0035455
0.080053,0.13791,0.29992,0.26615,0.12326,0.071591,0.0065314,0.014586,0.20612,0.27237,0.28618,0.11026,0.083795,0.039533,0.0010374,0.00070309
0.077234,0.14267,0.27651,0.32039,0.11423,0.058023,8.1808e-005,0.010865,0.24006,0.32598,0.22356,0.12498,0.053779,0.02237,0.0020037,0.0072609
0.078502,0.13875,0.28128,0.2849,0.13981,0.059515,0.00061784,0.016616,0.18598,0.2849,0.32053,0.12669,0.059334,0.015689,0.0034859,0.003391
0.10711,0.14612,0.28094,0.31323,0.085507,0.053104,0.0014629,0.012523,0.30496,0.28594,0.2354,0.084494,0.067352,0.016579,0.00018599,0.0050867
0.063148,0.13926,0.26037,0.31534,0.11601,0.068075,0.006073,0.031733,0.2044,0.33986,0.23593,0.094162,0.097055,0.022626,0.00043665,0.0055254
0.081609,0.17294,0.28577,0.30234,0.091976,0.054868,0.0037497,0.0067534,0.20192,0.36506,0.26042,0.087043,0.061521,0.022954,1.3262e-005,0.001069
0.10324,0.16618,0.28097,0.27116,0.093564,0.064004,0.00079405,0.020076,0.20874,0.3233,0.27825,0.096145,0.062017,0.02271,9.7488e-006,0.0088313
0.12691,0.169,0.2468,0.28282,0.10133,0.050085,0.004766,0.018271,0.2434,0.34113,0.2101,0.11243,0.069339,0.021572,2.6649e-007,0.0020341
0.099274,0.18168,0.268,0.28684,0.095021,0.055331,0.0024235,0.011433,0.24525,0.32295,0.25372,0.074113,0.086971,0.0093131,0.0029699,0.0047122
0.094624,0.17609,0.28251,0.26983,0.088794,0.065258,0.014364,0.0085358,0.23799,0.29107,0.2682,0.085993,0.097663,0.01667,1.9096e-006,0.0024026
0.10075,0.15229,0.31645,0.26819,0.063556,0.079882,0.01172,0.007154,0.24194,0.26353,0.28973,0.11536,0.065825,0.021432,7.2356e-005,0.0021113
0.09312,0.15391,0.36072,0.23149,0.076522,0.070125,0.0053839,0.0087277,0.23487,0.29195,0.21895,0.15039,0.075806,0.014682,0.0030623,0.010293
0.09408,0.14445,0.30788,0.29739,0.092448,0.048224,0.0039851,0.011533,0.19756,0.33622,0.22769,0.1282,0.070699,0.027448,0.00042051,0.011759
0.05795,0.15191,0.28522,0.33497,0.10729,0.04253,0.0015051,0.018624,0.22276,0.26192,0.23604,0.15173,0.08031,0.027798,0.012004,0.007451
0.069657,0.17064,0.27051,0.31613,0.10049,0.055046,0.0023949,0.015136,0.2189,0.3333,0.21964,0.10607,0.071348,0.04074,0.0039861,0.0060169
0.064494,0.16104,0.30512,0.28617,0.10958,0.045215,0.0012521,0.027126,0.19908,0.3144,0.25527,0.093632,0.075672,0.055593,0.0040191,0.00233
0.073334,0.18913,0.26978,0.30894,0.079177,0.038292,0.0050278,0.036314,0.23977,0.31089,0.23932,0.1065,0.074004,0.018819,0.00020256,0.010491
0.065896,0.17938,0.28476,0.29052,0.088657,0.048212,0.0039699,0.038603,0.21587,0.26635,0.26629,0.14806,0.082044,0.0098539,1.3876e-005,0.011527
0.043838,0.16364,0.27257,0.30416,0.10792,0.083458,0.0065682,0.017847,0.17718,0.28179,0.29619,0.12009,0.098849,0.019633,6.2295e-005,0.0062067
0.069797,0.16369,0.31033,0.27961,0.10488,0.066318,0.00073407,0.004641,0.24198,0.24735,0.25959,0.11498,0.10266,0.018747,1.9979e-005,0.014673
0.066684,0.14192,0.34736,0.29339,0.099292,0.035544,0.00011193,0.015707,0.21515,0.21969,0.27174,0.12421,0.12498,0.040567,0.00010875,0.0035557
0.055445,0.13003,0.33849,0.31707,0.10077,0.05012,0.00031917,0.0077573,0.29979,0.22095,0.25108,0.099489,0.085742,0.038297,5.3099e-005,0.004592
0.078351,0.17543,0.29942,0.30024,0.067859,0.056865,0.0028272,0.019005,0.21857,0.26681,0.30214,0.10937,0.08699,0.014002,3.5931e-005,0.0020871
0.071584,0.18087,0.35554,0.24098,0.06989,0.057921,0.0029338,0.020281,0.17967,0.22379,0.30875,0.16624,0.075947,0.039729,0.00052592,0.0053426
0.080554,0.14912,0.35074,0.26148,0.086092,0.062113,0.00057271,0.0093187,0.20858,0.24222,0.29713,0.14762,0.050838,0.031536,0.00054324,0.021531
0.10346,0.10461,0.34567,0.27326,0.11581,0.034897,0.0019547,0.020343,0.21019,0.27121,0.23898,0.15959,0.073063,0.032346,0.0047724,0.0098432
0.10103,0.15157,0.29414,0.2737,0.10027,0.055316,0.0042291,0.019743,0.21597,0.28032,0.29034,0.12696,0.04625,0.032251,0.0013597,0.0065419
0.077719,0.13072,0.36701,0.2577,0.10697,0.039909,0.012231,0.0077397,0.22662,0.23449,0.30284,0.13484,0.059079,0.028513,0.0025787,0.011035
0.090714,0.15582,0.33023,0.29928,0.072179,0.037445,0.0047876,0.009542,0.26625,0.1945,0.24982,0.16054,0.073746,0.037355,0.0026322,0.015165
0.061354,0.17231,0.30834,0.28709,0.076548,0.057073,0.0042225,0.033059,0.21671,0.27081,0.27017,0.14532,0.065084,0.02284,0.0059515,0.0031107
0.10918,0.15953,0.24864,0.29312,0.091229,0.059018,0.0043625,0.034923,0.22469,0.25515,0.28403,0.11373,0.082783,0.031008,0.0032644,0.0053451
0.11126,0.15797,0.26837,0.24151,0.13532,0.05074,0.0014003,0.033429,0.25235,0.21503,0.30656,0.095021,0.086057,0.032582,0.0015793,0.010823
0.086181,0.16238,0.28955,0.25428,0.11241,0.055957,0.0024703,0.036774,0.19845,0.2679,0.27379,0.11953,0.10354,0.021563,0.00059469,0.01463
0.093014,0.12173,0.28119,0.33076,0.1018,0.044793,0.0054266,0.02128,0.23497,0.3076,0.24476,0.096745,0.076891,0.022238,0.00048998,0.016303
0.078089,0.14392,0.30922,0.27872,0.11639,0.056229,0.00029893,0.017137,0.22766,0.28509,0.23212,0.12126,0.061105,0.061281,0.00010782,0.011373
0.072169,0.19022,0.30281,0.22883,0.12616,0.069933,0.00093365,0.0089475,0.19138,0.33917,0.25801,0.10421,0.060697,0.023361,0.0023678,0.020798
0.066926,0.12502,0.32734,0.2701,0.11772,0.077438,0.0010893,0.014371,0.21949,0.33784,0.24205,0.11437,0.055588,0.025619,0.00020493,0.0048363
0.084729,0.16119,0.27431,0.28491,0.10263,0.079289,0.0067066,0.0062381,0.22161,0.37407,0.17372,0.099555,0.07834,0.026287,0.0032533,0.023167
0.052797,0.1483,0.30614,0.32512,0.080004,0.062307,0.0024532,0.022884,0.21047,0.37223,0.18355,0.089838,0.098332,0.032368,2.4343e-005,0.013182
0.078837,0.1571,0.28362,0.2951,0.10689,0.048642,0.0045547,0.025252,0.21462,0.27554,0.2498,0.099496,0.1357,0.020687,0.00021643,0.0039442
0.070854,0.16163,0.32439,0.26992,0.11398,0.034612,0.0014492,0.023172,0.20817,0.25398,0.24117,0.14384,0.10686,0.039068,0.0017062,0.0052128
0.078284,0.1533,0.28082,0.29532,0.13284,0.039355,0.00043079,0.019653,0.20176,0.28382,0.26325,0.13572,0.088784,0.019721,0.00097304,0.0059776
0.078859,0.13285,0.30665,0.23872,0.16411,0.048997,0.00040628,0.029409,0.17544,0.30259,0.28942,0.10751,0.1015,0.022425,6.8356e-005,0.0010466
0.076407,0.14431,0.26039,0.28783,0.1461,0.071984,0.0011709,0.011807,0.19281,0.31417,0.264,0.10426,0.078896,0.043835,9.0391e-006,0.0020116
0.074817,0.18364,0.31606,0.23042,0.11097,0.050127,0.0039452,0.030011,0.13279,0.30818,0.29482,0.16196,0.058414,0.040322,0.0019009,0.0016086
0.087988,0.13939,0.27049,0.28541,0.11645,0.084648,0.00093693,0.01469,0.18284,0.32048,0.26417,0.13715,0.068145,0.014659,0.005569,0.0069871
0.071226,0.17844,0.29743,0.27155,0.097765,0.067867,0.00026761,0.015447,0.23356,0.3027,0.21036,0.12701,0.073738,0.028759,0.0067863,0.017088
0.073472,0.15133,0.29873,0.26485,0.095064,0.077058,0.012576,0.026926,0.24252,0.28998,0.24745,0.15102,0.04964,0.0088302,0.0022136,0.0083472
0.066555,0.15242,0.33456,0.24828,0.1235,0.038891,0.0082025,0.027598,0.23887,0.31286,0.24093,0.10092,0.060498,0.033018,0.00070191,0.012207
0.069287,0.16287,0.31074,0.26575,0.11699,0.041417,0.0012315,0.031712,0.17342,0.31727,0.25609,0.11595,0.063803,0.062545,0.0028199,0.0081021
0.051287,0.13931,0.30325,0.27697,0.13637,0.081279,0.0031357,0.0083933,0.16963,0.38074,0.22931,0.10099,0.050472,0.041506,0.0049446,0.022398
0.04494,0.18864,0.33208,0.26543,0.09081,0.059435,6.701e-005,0.018601,0.18839,0.28284,0.27689,0.11035,0.08449,0.048419,0.0019461,0.0066776
0.06288,0.14091,0.32564,0.25761,0.11038,0.070345,0.0017254,0.030508,0.23257,0.28986,0.24109,0.10316,0.084812,0.030332,0.0013249,0.016844
0.056332,0.16921,0.34323,0.25551,0.087874,0.057095,0.001822,0.02892,0.25619,0.28346,0.25006,0.10824,0.079684,0.012122,0.0046062,0.0056401
0.066408,0.15885,0.26876,0.31697,0.1151,0.037678,7.9119e-005,0.036159,0.3008,0.22116,0.25816,0.098688,0.074529,0.030895,0.011794,0.0039743
0.091303,0.14589,0.29129,0.27375,0.12179,0.052466,0.00219,0.021319,0.22444,0.2756,0.28699,0.10861,0.079303,0.01519,6.2991e-005,0.009814
0.076116,0.15127,0.28859,0.28456,0.10207,0.080275,0.00029594,0.016824,0.25768,0.26185,0.30291,0.098017,0.048368,0.020485,0.00084027,0.0098479
0.097409,0.14389,0.32613,0.24053,0.12128,0.058696,0.0021186,0.0099445,0.18892,0.29971,0.27577,0.12465,0.057571,0.036664,0.00074759,0.015964
0.087904,0.15301,0.29774,0.26768,0.1045,0.065109,1.2618e-005,0.024036,0.18692,0.29943,0.31286,0.1215,0.03519,0.037781,0.002327,0.0039868
0.075546,0.15008,0.29067,0.28047,0.11823,0.066066,0.0010242,0.017913,0.21366,0.27689,0.30367,0.14095,0.046908,0.013621,0.00053676,0.0037619
0.081062,0.14,0.31103,0.30911,0.088402,0.052408,0.00078726,0.01719,0.19563,0.33311,0.27913,0.11956,0.041061,0.016421,0.0043955,0.010703
0.077882,0.12019,0.32645,0.23306,0.12526,0.096635,0.0024763,0.018047,0.1959,0.35247,0.23663,0.11873,0.054774,0.018818,0.0012528,0.021422
0.06105,0.14955,0.2875,0.28282,0.10428,0.073326,0.0058997,0.035581,0.21526,0.33958,0.22449,0.13416,0.049378,0.021833,0.0048646,0.01044
0.07524,0.12452,0.31871,0.32298,0.078345,0.062756,3.8237e-005,0.017413,0.2105,0.28154,0.27086,0.13696,0.066894,0.029355,0.00037661,0.0035101
0.096833,0.12436,0.34488,0.26426,0.094545,0.053916,0.0033667,0.017843,0.1976,0.27153,0.27784,0.14763,0.085007,0.012412,0.0034037,0.004582
0.08949,0.16158,0.27349,0.27663,0.11501,0.063414,0.00033937,0.020052,0.20716,0.30764,0.27925,0.11986,0.069214,0.012124,0.0027996,0.0019473
0.082856,0.12808,0.30501,0.27136,0.12819,0.049143,0.0010416,0.034328,0.18208,0.24529,0.35229,0.11498,0.074559,0.016301,0.0040648,0.010434
0.045234,0.14053,0.36997,0.25587,0.10956,0.045298,0.0068557,0.026675,0.17386,0.27262,0.28897,0.12376,0.092531,0.043883,0.00068894,0.0036926
0.057757,0.17026,0.34945,0.23371,0.10903,0.056006,0.0021624,0.021614,0.19977,0.31309,0.25201,0.13209,0.068053,0.024906,0.0052203,0.0048526
0.046566,0.16885,0.30479,0.28906,0.082355,0.081741,0.0016215,0.025017,0.23823,0.26457,0.23809,0.13936,0.087538,0.019036,0.0065455,0.0066302
0.059306,0.19632,0.28689,0.28208,0.074718,0.080912,0.0026004,0.017163,0.2301,0.29421,0.21377,0.15007,0.051728,0.050434,0.0064073,0.0032881
0.06918,0.15749,0.29756,0.28785,0.073675,0.080418,0.0026923,0.031132,0.18072,0.28194,0.28275,0.16334,0.048164,0.036377,1.3075e-005,0.0067032
0.079967,0.1398,0.36282,0.2699,0.075829,0.046557,0.0051265,0.019999,0.20966,0.32613,0.25946,0.1103,0.065658,0.019124,0.00099446,0.0086743
0.053619,0.10405,0.33214,0.33152,0.10263,0.049518,0.0081624,0.018367,0.23506,0.31559,0.21135,0.14659,0.065742,0.018047,0.0021469,0.0054874
0.053703,0.16186,0.29542,0.35119,0.070702,0.053677,0.0015901,0.011854,0.21411,0.32833,0.26125,0.14367,0.036644,0.012075,0.00017173,0.0037489
0.046696,0.11814,0.32252,0.34001,0.10179,0.036018,0.0087648,0.026056,0.2693,0.26526,0.23163,0.14736,0.05083,0.027899,0.0041876,0.0035346
0.05031,0.13663,0.31288,0.31819,0.1019,0.031737,0.00019789,0.048147,0.2528,0.24092,0.27783,0.11826,0.076644,0.02793,0.00069805,0.0049267
0.03967,0.19419,0.33806,0.27413,0.10615,0.029529,0.00017887,0.018091,0.23009,0.28478,0.27715,0.093471,0.073476,0.027673,0.0013699,0.011995
0.052102,0.19339,0.26053,0.34125,0.12188,0.015989,0.00071867,0.014147,0.26805,0.25002,0.26001,0.1107,0.084634,0.017622,0.0013814,0.0075836
0.055014,0.13762,0.31957,0.3502,0.077713,0.028994,0.0021424,0.028748,0.27749,0.27757,0.22977,0.1156,0.049508,0.04309,0.0029366,0.0040283
0.060861,0.16733,0.31762,0.31325,0.10254,0.011087,0.00046553,0.026846,0.2386,0.27474,0.22748,0.13393,0.064845,0.042389,0.0047784,0.013235
0.060387,0.16317,0.34036,0.27753,0.10404,0.023675,0.0011456,0.029691,0.18269,0.30245,0.24317,0.15567,0.046952,0.048824,0.0019045,0.018346
0.053859,0.14387,0.27716,0.3608,0.12731,0.02269,0.0028021,0.011504,0.21796,0.30913,0.21609,0.12005,0.053916,0.056036,0.012979,0.013844
0.058613,0.14415,0.27883,0.338,0.12624,0.04129,0.009013,0.00386,0.24034,0.29669,0.23058,0.13137,0.063123,0.028306,0.0044367,0.0051602
0.06802,0.20256,0.25038,0.321,0.10104,0.039125,0.0040897,0.013784,0.21842,0.30636,0.25107,0.11307,0.055549,0.034838,0.0033989,0.017291
0.068839,0.18186,0.29143,0.30231,0.092263,0.050527,0.0018585,0.01091,0.3028,0.32111,0.20112,0.073623,0.051274,0.027288,0.0012397,0.02155
0.077028,0.18545,0.27879,0.27779,0.10656,0.053768,4.4211e-005,0.020565,0.26238,0.32857,0.24099,0.066058,0.05431,0.034826,0.00013902,0.01273
0.084759,0.18636,0.23232,0.34201,0.097291,0.035158,0.0054021,0.016698,0.2407,0.3158,0.2414,0.1007,0.054118,0.039813,0.0023489,0.0051314
0.12442,0.18044,0.23289,0.32126,0.081408,0.036933,0.0034786,0.019167,0.2607,0.31952,0.21506,0.10336,0.063704,0.028638,3.9027e-005,0.008983
0.10975,0.17914,0.23845,0.28065,0.10729,0.057195,0.0013204,0.026205,0.23891,0.24804,0.24924,0.15487,0.072724,0.035654,0.00030799,0.00026099
0.069057,0.15346,0.28531,0.30959,0.12062,0.049947,0.00095118,0.011077,0.24994,0.32709,0.23786,0.10586,0.054116,0.024059,0.00061954,0.00045291
0.042909,0.17201,0.30258,0.33913,0.10473,0.024992,0.00058524,0.013063,0.24115,0.28769,0.25909,0.074474,0.10134,0.012117,0.0062447,0.017883
0.098398,0.16959,0.28892,0.31632,0.096867,0.019327,0.00015772,0.010424,0.29903,0.29598,0.19492,0.10086,0.093864,0.0095213,0.00081652,0.0050016
0.054041,0.19333,0.30583,0.30873,0.10526,0.019164,0.0001322,0.013521,0.26065,0.29024,0.25213,0.088311,0.088531,0.016499,0.00069792,0.002937
0.060773,0.17108,0.29214,0.30567,0.12647,0.030298,0.001174,0.012397,0.25191,0.28464,0.2509,0.095137,0.086071,0.022945,0.0030642,0.0053317
0.079642,0.13287,0.31062,0.31711,0.10183,0.032284,0.002188,0.023454,0.23052,0.29746,0.26356,0.1154,0.061095,0.02624,0.00062533,0.0050978
0.089731,0.1389,0.30569,0.31669,0.10545,0.027041,0.0057241,0.010779,0.23369,0.3554,0.21318,0.10538,0.065503,0.018796,0.00038286,0.0076607
0.069597,0.15294,0.33939,0.26273,0.12908,0.036447,0.0049019,0.0049076,0.24211,0.28509,0.26117,0.11918,0.074403,0.011999,0.0026445,0.0033973
0.08039,0.19442,0.32031,0.26339,0.091877,0.030626,0.00021684,0.018769,0.21389,0.27611,0.2745,0.14905,0.050464,0.01956,0.0012444,0.015183
0.066837,0.16641,0.30216,0.30108,0.097384,0.033211,0.0031926,0.029728,0.19829,0.28646,0.2797,0.1372,0.080048,0.0071907,0.00046362,0.010652
0.06361,0.203,0.30008,0.28516,0.092221,0.028637,0.0020221,0.025278,0.19859,0.2513,0.27652,0.15592,0.088991,0.019572,0.00063116,0.0084786
0.054018,0.17355,0.34908,0.29119,0.084996,0.036298,0.00031354,0.010555,0.20024,0.2668,0.25307,0.15255,0.090959,0.025218,0.0028189,0.0083411
0.058224,0.18137,0.33906,0.28374,0.083086,0.039427,0.00014308,0.014948,0.24877,0.22023,0.28197,0.17256,0.042911,0.014374,0.00364,0.015538
0.091874,0.15561,0.31102,0.28759,0.094811,0.048481,0.00026688,0.010342,0.2212,0.23787,0.29912,0.13773,0.066889,0.028204,0.00093906,0.0080467
0.072604,0.16072,0.2927,0.29765,0.12397,0.034275,0.0012504,0.016831,0.20372,0.27426,0.29267,0.11586,0.068579,0.031175,6.8067e-006,0.013728
0.085647,0.13664,0.26682,0.33915,0.10364,0.052096,6.5252e-005,0.015933,0.19116,0.28367,0.24432,0.16769,0.057673,0.04275,0.0011659,0.011571
0.061926,0.14993,0.26163,0.32582,0.14138,0.040324,0.0019254,0.01706,0.16854,0.24723,0.31945,0.14405,0.070095,0.038227,0.00025931,0.012161
0.057328,0.11391,0.24157,0.37281,0.11466,0.07461,0.0044001,0.02072,0.22068,0.29321,0.29574,0.099613,0.047317,0.039697,7.8667e-006,0.0037395
0.083025,0.10565,0.25297,0.34896,0.1234,0.059968,0.009685,0.016331,0.20551,0.25251,0.32436,0.099073,0.054358,0.055202,0.00010841,0.0088718
0.074043,0.12601,0.29112,0.29748,0.11909,0.072655,0.0015313,0.018062,0.21884,0.27653,0.30557,0.091524,0.060495,0.031004,4.7766e-006,0.01604
0.083163,0.15605,0.25221,0.29911,0.11256,0.081132,5.6315e-005,0.015718,0.17182,0.2655,0.34676,0.10354,0.089901,0.018139,0.00047338,0.0038634
0.10692,0.14724,0.25532,0.30375,0.10212,0.071228,0.0017383,0.01168,0.20221,0.28625,0.27075,0.10865,0.10038,0.028214,0.0013253,0.0022327
0.10009,0.12689,0.2432,0.33598,0.093498,0.075543,0.004568,0.020235,0.20598,0.27853,0.2608,0.11973,0.094746,0.038207,2.1393e-007,0.0020069
0.10374,0.16036,0.20111,0.34422,0.12989,0.046768,0.00010043,0.013808,0.16981,0.30762,0.2545,0.13961,0.073013,0.048549,0.0027586,0.0041384
0.074285,0.15939,0.22927,0.30278,0.17085,0.043437,0.0062383,0.013746,0.20238,0.26425,0.28555,0.15925,0.052299,0.023176,0.00019357,0.012901
0.053991,0.14838,0.3245,0.30434,0.11024,0.046201,0.0035946,0.0087556,0.16575,0.28087,0.31469,0.14667,0.068782,0.019394,0.001663,0.0021788
0.074424,0.12661,0.29478,0.31478,0.11728,0.047751,0.0032609,0.021116,0.16186,0.30698,0.28514,0.12249,0.084566,0.027875,0.0012854,0.0098028
0.062303,0.11645,0.29179,0.35475,0.10514,0.052144,9.6059e-005,0.017318,0.16782,0.36453,0.23113,0.1286,0.080962,0.020095,0.00025669,0.0066179
0.081057,0.16086,0.25789,0.33778,0.088563,0.05726,0.0002888,0.016303,0.18804,0.32676,0.25102,0.14909,0.062291,0.021269,0.00044345,0.0010837
0.087206,0.17392,0.26486,0.29726,0.10747,0.053313,0.0014026,0.014569,0.16196,0.33685,0.2535,0.12824,0.088626,0.027273,0.0007996,0.0027479
0.080314,0.11945,0.28454,0.32067,0.11384,0.055939,0.0026293,0.022614,0.18386,0.27729,0.26095,0.14779,0.088346,0.036488,0.00073649,0.0045402
0.086576,0.15712,0.24805,0.28849,0.11774,0.065828,9.2995e-005,0.036107,0.18881,0.22705,0.29941,0.12916,0.10938,0.044307,3.4719e-005,0.0018531
0.061533,0.16678,0.32971,0.26482,0.10384,0.056387,8.545e-005,0.016845,0.19129,0.23059,0.2734,0.18558,0.091088,0.02381,0.00080698,0.0034339
0.098477,0.13236,0.30985,0.26336,0.12092,0.053115,0.0016966,0.020219,0.21829,0.29753,0.26152,0.10751,0.089179,0.014376,0.00032891,0.011272
0.079181,0.14382,0.27223,0.32274,0.10991,0.050694,0.0022351,0.019194,0.21957,0.27749,0.26721,0.11286,0.10025,0.019121,0.0023347,0.0011705
0.096824,0.1419,0.26754,0.32832,0.068568,0.068242,0.0057895,0.022811,0.19769,0.23181,0.30872,0.11739,0.077693,0.046129,0.00040742,0.02017
0.07125,0.17145,0.26018,0.31103,0.097272,0.062208,0.0052155,0.021394,0.23255,0.2608,0.30443,0.097114,0.063934,0.032036,1.0091e-006,0.0091393
0.085283,0.14382,0.32678,0.26986,0.088166,0.04671,0.023944,0.015431,0.24766,0.26885,0.30133,0.097945,0.05808,0.0087023,0.0019766,0.015455
0.071808,0.1765,0.28337,0.26921,0.11906,0.054827,0.01011,0.015117,0.26284,0.28059,0.26472,0.10335,0.055674,0.020497,7.8015e-005,0.012251
0.092724,0.17512,0.28445,0.26428,0.11544,0.054356,0.0020665,0.011566,0.23824,0.31091,0.26414,0.092324,0.073689,0.013847,0.0049743,0.0018794
0.069527,0.15931,0.26751,0.30455,0.11906,0.05669,0.0039811,0.019368,0.23318,0.27794,0.19702,0.16604,0.085509,0.038033,0.000486,0.0017836
0.08546,0.1794,0.3369,0.24587,0.10521,0.03694,0.00077988,0.0094326,0.2722,0.27848,0.21964,0.12439,0.067478,0.033686,0.00070402,0.0034208
0.069816,0.17279,0.31509,0.29182,0.10001,0.037567,0.00060684,0.012298,0.17934,0.2755,0.30399,0.13316,0.081052,0.022135,0.0002131,0.0046135
0.067687,0.20043,0.26438,0.30008,0.091039,0.046008,0.0031459,0.027225,0.25314,0.29171,0.27044,0.098955,0.047502,0.0334,0.0022049,0.0026532
0.084855,0.12988,0.28118,0.30226,0.11837,0.065321,0.00082134,0.017308,0.25404,0.29382,0.23297,0.12729,0.0435,0.038477,0.00069747,0.0092115
0.095141,0.11338,0.26324,0.30965,0.1151,0.076291,0.00017399,0.027031,0.22571,0.3439,0.21157,0.11048,0.064608,0.039002,0.00038248,0.0043541
0.085834,0.12236,0.30086,0.31722,0.095723,0.065788,0.001538,0.010681,0.23747,0.31795,0.22697,0.13335,0.043994,0.022842,0.006603,0.010825
0.10544,0.14025,0.3057,0.26383,0.1163,0.05084,0.0044867,0.013146,0.26952,0.31316,0.1696,0.10791,0.090379,0.038257,0.0054025,0.0057718
0.082078,0.15594,0.26398,0.28526,0.11643,0.086336,0.00095887,0.0090234,0.24839,0.289,0.24043,0.11961,0.076298,0.019851,0.0061935,0.00022293
0.10198,0.15867,0.24962,0.33619,0.089184,0.046453,0.001313,0.016591,0.24023,0.27411,0.31547,0.087263,0.058438,0.019591,0.00071423,0.0041796
0.081238,0.16983,0.27145,0.30354,0.083207,0.051397,0.0010126,0.038336,0.20338,0.27478,0.2934,0.12805,0.062971,0.021838,0.00020896,0.01538
0.091723,0.19403,0.27608,0.26943,0.085869,0.060014,0.00082572,0.022018,0.23394,0.24327,0.23573,0.14442,0.093476,0.028762,0.011006,0.0093887
0.089933,0.19062,0.274,0.28216,0.087022,0.053721,0.013542,0.0089945,0.22473,0.25276,0.28451,0.076485,0.092949,0.05502,0.0096881,0.0038497
0.089123,0.1674,0.29952,0.25022,0.081506,0.083707,0.0017372,0.026792,0.19877,0.30341,0.23672,0.095023,0.080391,0.059075,0.015576,0.011034
0.078648,0.12964,0.30522,0.33947,0.08069,0.04953,0.004347,0.01246,0.21228,0.31047,0.23848,0.12746,0.065983,0.033788,0.0051862,0.0063493
0.10602,0.1489,0.26743,0.27424,0.098619,0.080214,0.010229,0.014354,0.19973,0.30488,0.27719,0.071656,0.087887,0.025349,0.0085232,0.024787
0.11058,0.13998,0.24142,0.34935,0.070133,0.058619,0.011554,0.018373,0.1851,0.3008,0.31661,0.08865,0.075317,0.021115,0.0043253,0.0080805
0.093876,0.14461,0.29567,0.28009,0.1374,0.038754,0.0013568,0.008236,0.21,0.31285,0.24526,0.1091,0.081769,0.019097,0.0075791,0.014344
0.060595,0.19066,0.27412,0.26972,0.14269,0.036555,0.0080542,0.017604,0.22328,0.25829,0.27465,0.11527,0.08874,0.021835,0.0083202,0.009622
0.1114,0.15189,0.29028,0.24954,0.09961,0.065581,0.0078965,0.023796,0.19496,0.28696,0.24464,0.13261,0.072642,0.041561,0.019422,0.0072014
0.091598,0.14849,0.28147,0.27222,0.12344,0.057477,0.011801,0.013504,0.22531,0.30708,0.26142,0.10482,0.065569,0.023943,0.0024808,0.0093739
0.063739,0.17372,0.26496,0.29153,0.12565,0.064128,0.0040486,0.01223,0.21337,0.30483,0.24103,0.11206,0.06685,0.03232,0.0070452,0.022503
0.065616,0.1742,0.2991,0.27203,0.1087,0.05964,0.001023,0.019697,0.24494,0.29272,0.27635,0.121,0.036317,0.0043725,0.0066133,0.017683
0.061875,0.19422,0.26713,0.2768,0.13157,0.05488,0.0025895,0.010939,0.23414,0.26999,0.21441,0.14112,0.081856,0.016949,0.016542,0.024976
0.078097,0.14357,0.28408,0.27648,0.13546,0.064951,0.00067576,0.01668,0.25809,0.25911,0.20151,0.14062,0.088283,0.042154,0.0019357,0.0082961
0.080196,0.1211,0.34892,0.26257,0.10857,0.061334,0.0017773,0.015526,0.25143,0.21248,0.22188,0.13657,0.082939,0.064014,0.0042072,0.026473
0.07587,0.14559,0.31296,0.28176,0.12054,0.046844,0.0048248,0.01161,0.1573,0.31408,0.21722,0.17009,0.099212,0.023644,0.0021979,0.016254
0.064397,0.17862,0.31145,0.30576,0.092854,0.031024,0.0018989,0.013991,0.19993,0.30412,0.24421,0.14038,0.060465,0.023534,0.013357,0.014
0.065289,0.20256,0.28443,0.29592,0.092672,0.040412,2.7554e-005,0.018689,0.2384,0.27939,0.24434,0.10273,0.085673,0.045949,0.0022065,0.0013261
0.05396,0.18932,0.27905,0.25715,0.13418,0.077965,1.2247e-006,0.0083806,0.26451,0.29708,0.20473,0.11533,0.055727,0.04075,0.0057642,0.016098
0.069415,0.15405,0.32057,0.24143,0.10809,0.096302,0.00034188,0.0097948,0.2337,0.26054,0.22343,0.12741,0.071429,0.046605,0.029039,0.0078446
0.11336,0.099934,0.34616,0.26355,0.10408,0.052683,6.6989e-005,0.02017,0.17632,0.29083,0.24558,0.12088,0.12384,0.030981,0.00027556,0.011286
0.076448,0.13923,0.34214,0.26827,0.092899,0.068605,7.7621e-006,0.012408,0.16793,0.31749,0.24237,0.13642,0.075884,0.054471,0.0024674,0.0029657
0.054199,0.17006,0.32127,0.31368,0.081676,0.040528,5.109e-005,0.01854,0.18147,0.39752,0.22045,0.10607,0.067439,0.024068,0.00089939,0.0020843
0.083265,0.13327,0.31813,0.28718,0.10166,0.055177,0.00014434,0.021178,0.20729,0.29484,0.28578,0.10469,0.075651,0.02291,0.0017084,0.0071295
0.060431,0.15148,0.32172,0.2702,0.13007,0.055929,0.0023162,0.0078587,0.22289,0.24075,0.26834,0.12249,0.1122,0.017316,0.0031075,0.012912
0.097334,0.1898,0.29549,0.24547,0.11059,0.04546,5.8149e-005,0.015786,0.2068,0.30575,0.24829,0.11454,0.065777,0.046998,0.00039031,0.011458
0.087782,0.20773,0.30372,0.24362,0.11828,0.032015,0.00017098,0.0066895,0.21604,0.26761,0.25452,0.13962,0.080775,0.027414,0.00040107,0.013625
0.067387,0.1524,0.27021,0.30666,0.13963,0.05173,6.3028e-005,0.011918,0.23293,0.20983,0.30015,0.11729,0.10272,0.025167,0.0003235,0.011597
0.095212,0.15224,0.25383,0.30796,0.11937,0.055704,0.00054109,0.015144,0.20083,0.25598,0.27721,0.14067,0.08184,0.033363,0.0036743,0.0064332
0.044032,0.16806,0.29387,0.335,0.077687,0.05507,0.00062482,0.025657,0.21372,0.31916,0.24283,0.11044,0.08091,0.019626,0.0018607,0.011456
0.056186,0.18034,0.31608,0.26533,0.11381,0.05289,0.00022327,0.015143,0.23929,0.29849,0.21349,0.1415,0.086631,0.016961,7.8822e-005,0.0035571
0.06897,0.12535,0.3259,0.29959,0.10626,0.062746,0.0011279,0.010055,0.29253,0.28621,0.21839,0.089675,0.068715,0.031502,0.0025072,0.010475
0.077507,0.096166,0.29584,0.31257,0.12022,0.076134,0.00017179,0.021392,0.19624,0.33951,0.27706,0.08706,0.062495,0.031603,0.0037401,0.0022841
0.079001,0.11616,0.30701,0.32346,0.11449,0.043233,0.0031039,0.013532,0.18033,0.31614,0.29289,0.13794,0.033974,0.031726,0.00331,0.0036909
0.065124,0.16457,0.31064,0.25948,0.12551,0.055107,0.00047008,0.019099,0.18721,0.28887,0.26066,0.14475,0.07214,0.029541,0.0033102,0.013519
0.065324,0.13282,0.29934,0.3046,0.091211,0.050654,0.012827,0.043223,0.24173,0.26663,0.22151,0.16022,0.074674,0.025374,0.0034303,0.0064376
0.070104,0.15495,0.34381,0.26831,0.086463,0.053816,0.0079331,0.014615,0.25013,0.30165,0.18174,0.16219,0.080956,0.017309,0.00090722,0.0051235
0.077192,0.18675,0.307,0.27069,0.072729,0.04536,0.00088837,0.039393,0.23868,0.27855,0.2379,0.14759,0.05551,0.029513,0.0013885,0.010878
0.069857,0.12641,0.33347,0.30255,0.08985,0.062798,0.00022231,0.014838,0.2113,0.27636,0.23976,0.17454,0.036937,0.041521,0.0049125,0.014669
0.06802,0.18803,0.31809,0.2632,0.094226,0.04433,3.1476e-005,0.024071,0.2379,0.27171,0.25798,0.12973,0.063748,0.022339,0.0015881,0.014997
0.087603,0.17486,0.28499,0.26077,0.12243,0.065129,0.00029518,0.00393,0.23754,0.26615,0.29548,0.11993,0.048318,0.018456,5.8905e-005,0.01407
0.065289,0.17884,0.24734,0.30544,0.11747,0.075915,7.57e-005,0.0096267,0.19126,0.31538,0.24285,0.13369,0.081695,0.013398,0.00054078,0.021193
0.06749,0.20972,0.24883,0.28676,0.13852,0.039082,0.00019127,0.0094026,0.17262,0.30028,0.27488,0.11835,0.091429,0.030106,0.0025718,0.0097679
0.080773,0.15704,0.28753,0.27622,0.12523,0.037929,0.0078492,0.027427,0.17338,0.27572,0.31775,0.13883,0.067071,0.016921,0.0017041,0.0086197
0.092413,0.19394,0.27683,0.24984,0.13232,0.033783,0.001954,0.018918,0.20218,0.22977,0.29946,0.12895,0.1086,0.022551,0.0023843,0.0060985
0.1157,0.19125,0.27813,0.24296,0.10404,0.039727,0.00064601,0.027554,0.20574,0.26696,0.21477,0.15536,0.1182,0.03212,0.00059646,0.0062645
0.11001,0.15799,0.29492,0.27322,0.11507,0.04008,0.0011136,0.0075972,0.24868,0.249,0.26363,0.1522,0.062643,0.017346,0.0018911,0.0046116
0.073253,0.18474,0.27829,0.27987,0.12487,0.049749,6.1337e-005,0.0091606,0.18955,0.31123,0.22052,0.16373,0.083896,0.026943,0.0023146,0.0018188
0.10245,0.20171,0.27233,0.22725,0.14778,0.035845,0.0013343,0.011305,0.22657,0.28829,0.24017,0.11877,0.095185,0.018004,0.0023224,0.010693
0.076305,0.20507,0.24839,0.27087,0.13711,0.051456,0.0011336,0.0096555,0.21391,0.35234,0.18434,0.11925,0.10536,0.016507,0.006594,0.0016969
0.0735,0.17204,0.2419,0.32859,0.11844,0.039944,0.0023142,0.023267,0.2154,0.3235,0.2277,0.11705,0.088678,0.018247,0.00028748,0.0091357
0.078025,0.18773,0.23344,0.31976,0.12404,0.046806,0.00043954,0.0097635,0.21372,0.33614,0.22913,0.10087,0.091263,0.025275,4.9428e-006,0.0036035
0.060135,0.15743,0.31056,0.28711,0.078907,0.092991,0.0017852,0.011085,0.19948,0.3198,0.22412,0.14009,0.073347,0.038785,7.584e-005,0.0042981
0.048116,0.14227,0.36017,0.27614,0.091851,0.061921,0.00035459,0.019184,0.23166,0.28849,0.26194,0.13148,0.069452,0.01064,0.0011209,0.0052137
0.057003,0.17286,0.33131,0.2534,0.11611,0.052799,0.00068452,0.015826,0.17749,0.3083,0.23891,0.1483,0.093199,0.022987,0.001372,0.0094449
0.072384,0.14086,0.32468,0.28884,0.096428,0.060699,0.00024434,0.015861,0.20454,0.29249,0.2786,0.12425,0.072853,0.015756,0.005238,0.0062778
0.086319,0.16149,0.30805,0.2378,0.097652,0.085701,0.0075409,0.015451,0.19593,0.32178,0.24147,0.13574,0.099287,0.0051649,0.00012126,0.00050324
0.083907,0.13889,0.30215,0.28572,0.11504,0.064101,0.00088498,0.0093106,0.17478,0.3358,0.24927,0.13965,0.075207,0.010067,0.0051957,0.010031
0.070155,0.14427,0.3018,0.29096,0.13424,0.04014,0.0015024,0.016925,0.14417,0.31463,0.3008,0.098534,0.1148,0.013173,0.00061538,0.013264
0.083928,0.21693,0.28294,0.29199,0.083607,0.026926,0.0053052,0.0083789,0.16603,0.2733,0.29405,0.14851,0.078781,0.034266,0.0049718,9.1853e-005
0.076246,0.14332,0.36666,0.26585,0.089842,0.032373,0.0090959,0.016617,0.22958,0.27125,0.27839,0.11301,0.06226,0.032529,0.0031181,0.0098582
0.093803,0.16866,0.30549,0.30899,0.075139,0.018267,0.0061663,0.023489,0.24149,0.30828,0.26069,0.085975,0.058729,0.031189,0.0060891,0.007556
0.10796,0.1807,0.32249,0.27305,0.083224,0.021711,0.0016927,0.0091673,0.21022,0.28825,0.25741,0.1177,0.085918,0.028661,0.0016728,0.010175
0.094869,0.16489,0.29663,0.27733,0.085005,0.056424,0.0015028,0.023348,0.24683,0.28461,0.25238,0.10175,0.077256,0.015393,0.006843,0.014935
0.075403,0.1624,0.28554,0.29192,0.09626,0.064294,0.00066892,0.023516,0.22069,0.31657,0.25148,0.1046,0.071584,0.012911,0.0017922,0.020376
0.089263,0.1568,0.31486,0.26196,0.10413,0.048128,0.00057083,0.024285,0.23553,0.30588,0.22293,0.12398,0.071307,0.0238,0.0086368,0.0079306
0.08597,0.18191,0.3131,0.24656,0.098201,0.051675,0.0021674,0.020406,0.25524,0.27123,0.19962,0.13836,0.067,0.037114,0.0023269,0.029105
0.092878,0.21453,0.28485,0.22585,0.11693,0.055972,0.00083749,0.0081568,0.23563,0.3353,0.23466,0.10814,0.063805,0.0163,0.0004024,0.0057555
0.083177,0.2115,0.27353,0.23629,0.10398,0.069479,0.00028721,0.021758,0.25065,0.28763,0.20933,0.14452,0.071379,0.033249,3.5464e-005,0.0032
0.089566,0.1995,0.28202,0.25241,0.10709,0.040972,0.0043742,0.024073,0.19614,0.35715,0.1799,0.17232,0.072135,0.014599,0.0027794,0.0049794
0.056793,0.21267,0.26402,0.27098,0.13725,0.041269,0.0006997,0.01632,0.22432,0.29828,0.22346,0.14647,0.067401,0.032677,0.0057154,0.001676
0.11037,0.16049,0.29194,0.268,0.11974,0.029709,0.0033118,0.01644,0.24277,0.32052,0.18603,0.12593,0.082651,0.024961,0.0082656,0.0088707
0.099054,0.14021,0.34579,0.24496,0.1104,0.034027,0.0050469,0.020511,0.2406,0.27036,0.25943,0.13142,0.061861,0.030085,0.00034777,0.0058968
0.077014,0.1894,0.30741,0.2189,0.1256,0.05012,0.0034754,0.028078,0.25801,0.22666,0.27495,0.12727,0.089476,0.002864,0.0024792,0.018284
0.084104,0.1693,0.28612,0.27122,0.11266,0.058444,0.0062703,0.011882,0.23318,0.25729,0.28851,0.098717,0.10056,0.014174,0.0005105,0.0070687
0.069962,0.15592,0.2938,0.29837,0.11609,0.051869,0.004642,0.0093426,0.2706,0.26141,0.23363,0.11094,0.086203,0.02295,0.0078943,0.0063668
0.053273,0.15834,0.28352,0.27202,0.14119,0.063054,0.0055155,0.023094,0.28359,0.27765,0.2206,0.12168,0.069368,0.016309,0.0027556,0.0080423
0.055995,0.19346,0.28733,0.25131,0.13301,0.053936,0.0022508,0.022709,0.25964,0.27458,0.23424,0.12092,0.06569,0.030424,0.00037622,0.014118
0.061277,0.15434,0.27441,0.2738,0.15605,0.07071,0.00048998,0.008923,0.29,0.2866,0.20203,0.1204,0.074914,0.017178,0.00051099,0.0083606
0.057049,0.14969,0.27944,0.29469,0.12833,0.075485,2.2834e-005,0.015296,0.19768,0.29638,0.24984,0.17535,0.066728,0.0071462,0.0041791,0.0027074
0.08642,0.16906,0.29655,0.25227,0.11459,0.051476,0.001163,0.028468,0.22419,0.29607,0.2112,0.16238,0.069017,0.01324,7.8665e-006,0.023886
0.061031,0.18729,0.30234,0.26255,0.11792,0.044038,0.0016222,0.023204,0.24952,0.34548,0.21754,0.091031,0.081496,0.0083826,8.2167e-006,0.0065473
0.077833,0.19636,0.29256,0.23167,0.10538,0.073615,0.0028423,0.019743,0.20803,0.30755,0.25259,0.11371,0.092803,0.018004,6.5433e-005,0.00724
0.083131,0.19801,0.31204,0.23474,0.10717,0.049645,0.0021919,0.013073,0.20226,0.31241,0.22747,0.11616,0.091464,0.038995,0.00020489,0.01103
0.081656,0.16938,0.29619,0.2844,0.11217,0.039331,7.9257e-005,0.016797,0.20071,0.36245,0.24183,0.10765,0.050105,0.018075,0.011735,0.0074425
0.069402,0.19573,0.27581,0.31008,0.072677,0.053905,0.0024624,0.019929,0.20726,0.3518,0.24883,0.092695,0.058023,0.034368,0.0044698,0.0025527
0.082813,0.21061,0.277,0.2583,0.088095,0.04782,0.0042228,0.031143,0.1816,0.3385,0.23144,0.10129,0.094489,0.042609,0.0062572,0.0038178
0.054704,0.18093,0.26995,0.31584,0.089082,0.072561,0.00013307,0.016802,0.23334,0.36025,0.19724,0.084072,0.088801,0.027824,0.0026553,0.0058229
0.072426,0.16794,0.27551,0.28302,0.11516,0.059753,0.0036733,0.022517,0.19907,0.34437,0.21558,0.085236,0.08159,0.057068,0.00061576,0.016465
0.066858,0.15912,0.28365,0.27864,0.10672,0.075075,0.0060932,0.023856,0.21104,0.33977,0.25113,0.10525,0.050398,0.02969,0.00059056,0.012132
0.056488,0.16312,0.27578,0.28618,0.095043,0.094794,0.013343,0.015251,0.22218,0.33242,0.2517,0.10425,0.065884,0.018188,0.00080802,0.0045584
0.058113,0.18567,0.28392,0.29066,0.1063,0.059264,0.0032403,0.012835,0.21646,0.36888,0.23732,0.06848,0.065454,0.030214,0.0034332,0.0097571
0.09027,0.19774,0.30716,0.22584,0.095127,0.059681,0.0027354,0.021443,0.19605,0.37121,0.22505,0.075137,0.073642,0.040381,0.0060488,0.012487
0.072437,0.15743,0.30084,0.27043,0.12284,0.056291,0.007871,0.011864,0.22104,0.31381,0.24152,0.11639,0.052789,0.045989,0.0028018,0.005651
0.091821,0.19874,0.2966,0.25082,0.099203,0.049201,0.0012222,0.012394,0.17838,0.34034,0.26289,0.10187,0.063263,0.042609,0.00022748,0.01042
0.084915,0.19879,0.2872,0.25573,0.084512,0.065745,0.0023347,0.020771,0.22133,0.35283,0.23925,0.093262,0.075059,0.011669,0.0056163,0.00098414
0.10488,0.17415,0.30836,0.22461,0.10444,0.069181,0.0047355,0.0096452,0.22334,0.31607,0.28398,0.11597,0.040618,0.018321,0.00063299,0.0010579
0.092967,0.18883,0.26266,0.25199,0.12171,0.057533,0.00045994,0.023849,0.20819,0.28774,0.26887,0.15306,0.048665,0.029119,0.00095869,0.0033898
0.080162,0.15251,0.33885,0.23864,0.10712,0.045594,0.0029895,0.03413,0.17631,0.33038,0.25509,0.14888,0.050458,0.034657,0.0005561,0.0036615
0.094433,0.17481,0.28638,0.25557,0.12542,0.047773,0.0044249,0.011182,0.19116,0.33673,0.22575,0.1422,0.068385,0.024805,0.00063026,0.010342
0.090264,0.1814,0.26637,0.29915,0.11702,0.019276,0.0045343,0.021981,0.23689,0.36641,0.2095,0.11151,0.054276,0.016717,0.001679,0.0030236
0.065925,0.17713,0.33239,0.27789,0.10848,0.021544,0.0015739,0.015063,0.18648,0.30915,0.30322,0.11094,0.049408,0.029634,0.0010586,0.010098
0.072725,0.21082,0.27406,0.28686,0.12415,0.020248,0.00066322,0.010466,0.23887,0.30642,0.24806,0.10826,0.063312,0.026037,0.0067238,0.0023231
0.13229,0.1915,0.24387,0.25673,0.12251,0.018404,0.016864,0.017839,0.19694,0.35837,0.22426,0.12424,0.054732,0.035352,0.00035098,0.0057521
0.076019,0.16935,0.2839,0.30611,0.1227,0.024158,0.0084114,0.0093465,0.2498,0.23972,0.25727,0.16822,0.057517,0.016969,0.00016328,0.010344
0.080716,0.18957,0.26448,0.30315,0.099293,0.053195,0.0019247,0.0076676,0.2203,0.29559,0.21759,0.11546,0.084292,0.036851,0.00031436,0.0296
0.077887,0.19207,0.30064,0.28484,0.076933,0.044642,0.0069562,0.016029,0.22053,0.29439,0.25693,0.13178,0.035668,0.038686,0.0049526,0.017074
0.058427,0.20696,0.24756,0.28046,0.11746,0.074903,0.0010032,0.013219,0.2139,0.2501,0.259,0.15353,0.072117,0.024864,0.0017173,0.024775
0.057734,0.19925,0.27553,0.29114,0.10137,0.05707,0.00024335,0.01766,0.24799,0.25643,0.18867,0.16435,0.070682,0.049354,0.0053683,0.017153
0.062533,0.17041,0.31188,0.26961,0.088203,0.080152,0.00055049,0.016655,0.25614,0.22422,0.18022,0.19637,0.083881,0.049591,0.00021449,0.0093644
0.059095,0.1725,0.33211,0.28948,0.080149,0.061922,0.00076126,0.0039769,0.22095,0.30082,0.19658,0.17214,0.065242,0.042009,0.00030676,0.0019592
0.045643,0.18123,0.31828,0.31471,0.10035,0.03197,0.0001914,0.0076237,0.18523,0.34152,0.22356,0.18503,0.040587,0.020103,0.0010049,0.0029576
0.065883,0.20587,0.26838,0.29431,0.097134,0.046879,0.010138,0.011403,0.22887,0.26162,0.23757,0.17732,0.060028,0.029245,0.00024204,0.0051106
0.068308,0.15154,0.30636,0.30513,0.10657,0.034544,0.0084598,0.01908,0.21945,0.26688,0.2527,0.15075,0.083479,0.018759,0.0067491,0.0012319
0.054182,0.2015,0.29349,0.2877,0.10342,0.03626,0.0032911,0.020157,0.19885,0.2976,0.27394,0.14781,0.038982,0.031224,0.0076207,0.0039683
0.060812,0.2014,0.30113,0.27844,0.10123,0.038055,0.0048658,0.014063,0.21051,0.36848,0.23595,0.099734,0.052403,0.031207,0.00058277,0.0011276
0.071279,0.17938,0.28624,0.30385,0.09696,0.044452,0.00068749,0.017148,0.19745,0.3382,0.25213,0.088857,0.058936,0.062116,0.0011526,0.0011603
0.12229,0.18594,0.32659,0.21885,0.089909,0.035424,0.0046885,0.016305,0.18139,0.34127,0.21322,0.16398,0.057428,0.036847,7.8252e-005,0.0057855
0.069911,0.17795,0.30689,0.30973,0.089995,0.025838,0.0028775,0.016814,0.1847,0.33909,0.2214,0.14967,0.065274,0.02712,0.00046617,0.012287
0.057442,0.15645,0.31856,0.28557,0.12702,0.035753,0.0022512,0.016959,0.261,0.33819,0.17152,0.14348,0.064563,0.0091591,5.638e-005,0.012024
0.099682,0.16139,0.2405,0.32033,0.10667,0.045702,0.00030666,0.025418,0.2124,0.32319,0.23776,0.15183,0.054315,0.016572,0.001356,0.0025733
0.086989,0.11515,0.32258,0.30197,0.12439,0.025739,0.011982,0.011194,0.21476,0.32507,0.2254,0.14969,0.065066,0.012727,0.00021568,0.0070676
0.086478,0.16128,0.28323,0.26598,0.14008,0.036627,0.0018601,0.024468,0.23769,0.29265,0.23314,0.11221,0.092671,0.029836,4.1016e-006,0.0018012
0.057847,0.17429,0.28196,0.29251,0.12474,0.047976,0.0010476,0.019631,0.18465,0.32878,0.26857,0.12956,0.055141,0.022304,0.00010369,0.010889
0.087641,0.23442,0.26078,0.25933,0.10168,0.042544,0.0019226,0.011692,0.21096,0.29593,0.25115,0.14151,0.070282,0.01504,0.00025598,0.014882
0.092678,0.17698,0.28116,0.26437,0.1151,0.03998,0.0013074,0.028424,0.22642,0.32612,0.2121,0.14277,0.079847,0.0063416,2.3697e-006,0.0064092
0.082848,0.18997,0.27593,0.25524,0.11775,0.05116,0.0026693,0.024439,0.23935,0.27536,0.21484,0.18749,0.071436,0.0079374,6.6204e-005,0.0035133
0.08016,0.13394,0.30325,0.3038,0.11908,0.031341,0.00020298,0.028227,0.1964,0.27388,0.24785,0.15312,0.11245,0.0088578,1.8283e-005,0.0074223
0.079092,0.12969,0.29671,0.30704,0.11351,0.053879,0.00090673,0.019169,0.1649,0.3628,0.23032,0.14741,0.080924,0.012403,3.7302e-005,0.001213
0.064426,0.11257,0.30764,0.30815,0.11501,0.070707,0.0021105,0.019386,0.15181,0.33692,0.25279,0.16624,0.083182,0.0035217,1.9837e-005,0.0055136
0.067773,0.15453,0.30365,0.30089,0.086427,0.057219,0.00065621,0.028852,0.22025,0.30412,0.22636,0.15131,0.071351,0.022034,0.0030987,0.0014767
0.0584,0.16187,0.30378,0.29788,0.09498,0.055925,0.0021546,0.025011,0.25466,0.2987,0.24386,0.10371,0.077489,0.019668,1.8244e-008,0.0019073
0.056543,0.16745,0.32268,0.278,0.12076,0.035827,0.00079425,0.017946,0.22668,0.32398,0.26722,0.088428,0.087838,0.0047035,0.00071572,0.00043705
0.054322,0.15259,0.2974,0.27532,0.15145,0.050969,3.2835e-006,0.017954,0.19316,0.30632,0.29775,0.11069,0.075922,0.013007,0.0026145,0.000533
0.047434,0.13916,0.29774,0.30138,0.14302,0.061605,0.0017121,0.0079394,0.22061,0.28123,0.26202,0.12667,0.069129,0.027312,0.0010137,0.012019
0.04828,0.15669,0.28077,0.30053,0.11636,0.068043,0.0021269,0.027197,0.22603,0.31745,0.24293,0.12661,0.065237,0.015972,0.00015008,0.0056255
0.061176,0.14883,0.30767,0.32306,0.098737,0.04767,0.0020252,0.010824,0.20214,0.28362,0.2635,0.17093,0.059769,0.0071127,0.0019155,0.011024
0.079901,0.12947,0.30232,0.28311,0.13468,0.06044,0.00028759,0.0097922,0.21645,0.28863,0.24933,0.16199,0.059639,0.016615,4.0008e-005,0.0073095
0.066562,0.15933,0.27008,0.28254,0.13586,0.069895,0.001832,0.013894,0.2449,0.28318,0.22436,0.13846,0.084342,0.01588,4.0627e-005,0.008841
0.076561,0.15976,0.26635,0.26041,0.16404,0.055213,0.00085436,0.016803,0.22335,0.29791,0.25794,0.11999,0.085832,0.012628,3.3571e-005,0.0023101
0.054952,0.13932,0.33235,0.27548,0.11061,0.0637,0.008247,0.015343,0.24925,0.30017,0.27343,0.10346,0.042387,0.022498,0.00099033,0.0078154
0.073935,0.1552,0.33497,0.23027,0.12442,0.055356,0.00042784,0.02541,0.24759,0.2645,0.25054,0.14639,0.052298,0.034659,0.00021035,0.0038092
0.069294,0.17168,0.30185,0.24628,0.10851,0.080595,0.0013559,0.020441,0.22015,0.32788,0.20441,0.15657,0.051384,0.028282,8.3959e-008,0.011321
0.071561,0.16703,0.28561,0.23937,0.14563,0.075283,0.0025043,0.013003,0.19013,0.31687,0.24813,0.13419,0.06091,0.045414,9.3172e-006,0.0043557
0.097129,0.1771,0.2571,0.26337,0.12618,0.059854,0.0030366,0.01623,0.20099,0.3223,0.23542,0.14029,0.063523,0.027459,0.00016683,0.00985
0.095595,0.1638,0.26888,0.25181,0.12903,0.071351,0.00010677,0.019433,0.2241,0.26145,0.28395,0.15725,0.044874,0.024441,4.9728e-008,0.0039405
0.12384,0.16538,0.2947,0.23777,0.10934,0.059252,0.0014259,0.0082866,0.20407,0.28591,0.33118,0.11299,0.041013,0.023109,4.084e-005,0.0016873
0.094889,0.16472,0.29662,0.27043,0.082501,0.075761,0.0017134,0.013357,0.21495,0.28543,0.28908,0.13462,0.041146,0.015239,0.0025001,0.017032
0.084492,0.19381,0.28222,0.23779,0.10733,0.065797,0.011787,0.016776,0.19827,0.2679,0.28947,0.13182,0.08338,0.023983,0.0019484,0.0032281
0.085444,0.17042,0.24412,0.29846,0.11719,0.071895,0.0025707,0.0099042,0.24515,0.28401,0.25275,0.12153,0.082412,0.007585,0.0024205,0.0041455
0.096586,0.13799,0.2379,0.31986,0.1112,0.059137,0.0013174,0.036026,0.24147,0.27419,0.24434,0.1029,0.1025,0.026368,0.004411,0.0038285
0.09004,0.1424,0.27943,0.30325,0.11217,0.052162,0.0050614,0.015479,0.22948,0.33158,0.25017,0.086954,0.065726,0.017875,0.0049349,0.013282
0.087589,0.16587,0.23764,0.33151,0.098863,0.064354,0.00017778,0.013998,0.25326,0.27697,0.24199,0.14045,0.062524,0.014976,0.0019738,0.0078521
0.07863,0.16304,0.25703,0.30283,0.098961,0.080376,0.00023451,0.018899,0.2871,0.22493,0.2578,0.15711,0.046258,0.022501,0.0033449,0.00095553
0.087,0.17786,0.23436,0.29522,0.10534,0.07806,0.0011079,0.02106,0.23872,0.26937,0.26679,0.13591,0.049888,0.019661,0.0043429,0.015323
0.094949,0.15105,0.22031,0.34581,0.10629,0.071005,0.00084302,0.0097474,0.21998,0.31571,0.2074,0.14848,0.081536,0.020561,0.0019744,0.004357
0.10579,0.1687,0.2963,0.23024,0.1009,0.078859,0.0037045,0.015491,0.1671,0.35079,0.2139,0.15268,0.07707,0.035654,0.00067349,0.0021261
0.077772,0.14684,0.29299,0.28508,0.10588,0.073398,0.0013853,0.016645,0.18099,0.34214,0.20776,0.16751,0.065905,0.03213,0.0019261,0.0016278
0.057994,0.13715,0.30944,0.28214,0.10566,0.072376,8.1213e-005,0.035159,0.12594,0.36001,0.22809,0.19779,0.054782,0.028937,0.00035983,0.0040959
0.072874,0.1884,0.26885,0.2841,0.10322,0.055594,0.00032119,0.02664,0.18478,0.28501,0.22712,0.19841,0.063489,0.033843,0.00010361,0.0072471
0.075464,0.20399,0.29585,0.27006,0.090704,0.053387,6.9919e-006,0.010532,0.2053,0.26348,0.23464,0.16649,0.083919,0.021661,0.0039681,0.020551
0.053898,0.20144,0.258,0.30308,0.084598,0.067591,0.0032601,0.028133,0.19036,0.25463,0.25816,0.17214,0.066916,0.042932,0.0020517,0.012805
0.072628,0.20426,0.27655,0.24713,0.11147,0.077938,0.00044148,0.0095755,0.20622,0.26553,0.24644,0.17247,0.064617,0.03887,0.00046266,0.005381
0.038645,0.16552,0.27887,0.34345,0.095312,0.063926,0.00096883,0.013308,0.16197,0.29873,0.2631,0.1674,0.063881,0.037849,6.9434e-005,0.0070015
0.072263,0.15911,0.3224,0.26434,0.096746,0.065602,0.0029157,0.016628,0.18014,0.27178,0.30155,0.1454,0.067885,0.021395,0.0053644,0.0064805
0.096443,0.12138,0.29906,0.29053,0.11188,0.057643,0.0012214,0.021842,0.15589,0.33673,0.28373,0.12936,0.072118,0.013909,0.00032053,0.0079425
0.066053,0.1668,0.2699,0.29572,0.10982,0.070874,0.0049706,0.015866,0.19836,0.32926,0.21672,0.17029,0.04724,0.016425,0.0056468,0.01606
0.072461,0.16861,0.3049,0.30283,0.086145,0.046403,0.0012369,0.017419,0.17188,0.27837,0.24266,0.18375,0.068074,0.043489,0.0036479,0.0081381
0.049058,0.21163,0.29569,0.27867,0.087642,0.048549,0.0018202,0.026943,0.19411,0.30154,0.26119,0.14456,0.069793,0.019966,0.0015198,0.0073232
0.061957,0.15159,0.29853,0.34016,0.096878,0.030095,0.0019084,0.018889,0.24151,0.25927,0.23219,0.14659,0.074505,0.04262,0.00088833,0.0024299
0.082211,0.17813,0.28236,0.30299,0.09568,0.040055,0.0012881,0.017289,0.23728,0.22999,0.3053,0.1307,0.067196,0.027719,0.00017417,0.0016326
0.05042,0.18321,0.31523,0.28388,0.098653,0.042069,0.0034312,0.023105,0.23146,0.27867,0.2803,0.11394,0.073649,0.016429,0.001428,0.0041322
0.058757,0.14701,0.33968,0.27895,0.10572,0.043842,0.0017565,0.02427,0.17915,0.2758,0.2819,0.14374,0.079405,0.0098661,0.0049824,0.025147
0.047639,0.16178,0.26732,0.32445,0.13184,0.044085,0.00025443,0.022629,0.22135,0.31859,0.26105,0.097774,0.072486,0.011145,0.003406,0.014199
0.062181,0.13289,0.26762,0.32259,0.14343,0.048136,0.00012097,0.023038,0.25433,0.27547,0.27704,0.10469,0.069796,0.0094314,0.0057703,0.0034824
0.086561,0.13993,0.27702,0.30947,0.11038,0.059105,0.00096713,0.016555,0.20362,0.30756,0.2345,0.13283,0.099495,0.011436,0.0060784,0.0044704
0.075475,0.15379,0.29813,0.27054,0.12334,0.06539,0.00023195,0.013098,0.17139,0.28013,0.31495,0.13022,0.072242,0.026108,1.3436e-005,0.0049505
0.062274,0.18214,0.26347,0.30206,0.11457,0.061561,1.2272e-005,0.013917,0.18589,0.37125,0.22728,0.12819,0.05702,0.018226,0.00082244,0.011315
0.065283,0.15854,0.2941,0.32649,0.087575,0.040945,3.0483e-005,0.027033,0.16889,0.35785,0.21777,0.1629,0.048153,0.039927,0.00021348,0.0042898
0.064517,0.16972,0.29533,0.29743,0.080245,0.075837,0.00037265,0.016543,0.20917,0.30177,0.24326,0.14906,0.077981,0.016594,2.5142e-005,0.0021354
0.050973,0.16254,0.37504,0.24928,0.089772,0.050956,0.0027331,0.018708,0.19359,0.32416,0.26553,0.11769,0.07717,0.017728,5.0748e-005,0.0040765
0.084829,0.11874,0.34912,0.2738,0.10555,0.056281,0.0029268,0.0087513,0.18118,0.35526,0.27715,0.093596,0.039352,0.039616,0.0038978,0.0099501
0.096435,0.13583,0.32284,0.26107,0.071693,0.074026,0.017517,0.020593,0.206,0.28266,0.26287,0.11266,0.075936,0.051607,0.0019279,0.0063337
0.063968,0.18341,0.3263,0.2928,0.055853,0.065408,0.0018758,0.010389,0.19505,0.25846,0.26463,0.16276,0.088716,0.026799,0.0011723,0.0024051
0.084623,0.16135,0.26634,0.28075,0.094562,0.099936,0.0012189,0.01121,0.19287,0.24843,0.29906,0.16003,0.069841,0.023989,0.0023325,0.0034457
0.071385,0.15214,0.30737,0.28155,0.097749,0.08095,0.0023774,0.0064736,0.18372,0.30576,0.2985,0.11449,0.060477,0.021981,0.0027077,0.012375
0.10154,0.155,0.24919,0.29841,0.092256,0.082599,0.0032385,0.017774,0.13382,0.31173,0.25126,0.15073,0.086873,0.050642,0.0092841,0.0056559
0.074013,0.14032,0.31862,0.27584,0.10429,0.051326,0.012474,0.02312,0.19908,0.28382,0.27444,0.15041,0.071495,0.0089276,0.0061128,0.0057153
0.082883,0.13452,0.33229,0.26101,0.10593,0.066131,0.0031951,0.014041,0.20028,0.28625,0.20824,0.20312,0.072939,0.015982,0.0036249,0.009563
0.074562,0.172,0.28844,0.26031,0.11581,0.060619,0.0089568,0.019305,0.19677,0.28994,0.22427,0.17008,0.075446,0.036536,0.0018317,0.0051306
0.10434,0.17677,0.28009,0.24987,0.1214,0.03987,0.013976,0.013694,0.17932,0.28577,0.30119,0.13275,0.067766,0.027096,0.0014193,0.0046932
0.087793,0.16699,0.29526,0.28726,0.12386,0.01824,0.0083437,0.012263,0.24577,0.19074,0.29008,0.1196,0.074507,0.048856,5.3098e-005,0.030394
0.087764,0.12019,0.3107,0.29324,0.1055,0.061235,0.0067617,0.014612,0.27102,0.23208,0.24684,0.13727,0.078705,0.02152,0.00080997,0.011747
0.086762,0.14219,0.26524,0.31255,0.13294,0.041863,0.0060869,0.012368,0.2567,0.25209,0.25268,0.10959,0.079425,0.043461,0.0023997,0.0036537
0.063094,0.15697,0.32344,0.27795,0.083356,0.057658,0.0047281,0.032808,0.18764,0.26453,0.27382,0.15885,0.056511,0.050367,0.0015214,0.0067689
0.064205,0.14309,0.30218,0.29621,0.073887,0.080629,0.0063632,0.033429,0.22585,0.2662,0.23563,0.1671,0.047329,0.042318,0.0056708,0.0098992
0.084404,0.16106,0.29663,0.29827,0.079676,0.044164,0.0010934,0.034709,0.28456,0.26953,0.18377,0.1485,0.068873,0.03532,0.0028851,0.0065629
0.059629,0.16821,0.30529,0.3109,0.08131,0.056419,0.00057078,0.017675,0.22079,0.31925,0.22928,0.11189,0.065219,0.039164,0.010395,0.0040258
0.089987,0.17405,0.26108,0.29579,0.11323,0.044841,0.001967,0.019053,0.21847,0.31663,0.23415,0.13456,0.051905,0.042428,0.00048399,0.0013826
0.10335,0.17369,0.28827,0.27335,0.10495,0.037745,0.00082753,0.017825,0.2756,0.25366,0.27528,0.10766,0.039652,0.036964,0.0024963,0.0086894
0.075819,0.14878,0.2891,0.29878,0.11483,0.058258,0.0044053,0.010035,0.19932,0.31103,0.33782,0.089644,0.041655,0.014428,0.00091645,0.0051902
0.060013,0.12759,0.25775,0.34156,0.10548,0.083768,0.013364,0.010475,0.27062,0.31938,0.23866,0.10943,0.038021,0.023226,0.00011543,0.00054671
0.057571,0.17563,0.26507,0.31055,0.10326,0.065862,0.0064951,0.015564,0.24711,0.31507,0.25203,0.11156,0.042823,0.023181,0.0016013,0.0066286
0.071784,0.14769,0.27324,0.30303,0.11204,0.074809,0.0005323,0.016873,0.2669,0.22833,0.23987,0.14279,0.070245,0.042875,0.0010932,0.0079056
0.049688,0.16831,0.2714,0.30058,0.121,0.063298,0.0052812,0.020441,0.21092,0.23992,0.25166,0.17699,0.066326,0.045013,0.0042012,0.0049677
0.046975,0.17771,0.28513,0.2617,0.14532,0.065865,0.0036876,0.013616,0.21041,0.25828,0.29506,0.15561,0.043736,0.02544,0.0033014,0.0081622
0.063905,0.14093,0.32802,0.27905,0.12252,0.048925,0.0041882,0.012464,0.2159,0.31954,0.27585,0.1093,0.047712,0.018297,0.00014112,0.013259
0.061042,0.10152,0.32137,0.30937,0.10289,0.070211,0.0040155,0.029576,0.25407,0.24886,0.33222,0.094082,0.040186,0.019564,0.0016297,0.0093906
0.091628,0.12433,0.30961,0.21881,0.14654,0.082239,0.011035,0.015811,0.30312,0.28477,0.23432,0.099654,0.049675,0.021445,0.00040243,0.006615
0.099869,0.13013,0.30028,0.22239,0.14731,0.074258,0.0080862,0.017665,0.23289,0.32684,0.23836,0.088338,0.080195,0.028603,0.0010259,0.0037488
0.051555,0.11971,0.35001,0.28501,0.10273,0.053605,0.010133,0.027237,0.27653,0.31561,0.2118,0.086841,0.07663,0.012861,9.6725e-006,0.019717
0.058378,0.12828,0.33885,0.24778,0.098568,0.086126,0.014951,0.027057,0.21212,0.31264,0.26416,0.11819,0.06038,0.014731,0.0012669,0.016511
0.082323,0.10402,0.30256,0.31984,0.12965,0.045965,0.0013797,0.014258,0.22143,0.30673,0.26114,0.13007,0.053435,0.023136,0.00017067,0.0038778
0.0656,0.14478,0.28941,0.32811,0.11851,0.027444,0.011206,0.01494,0.27116,0.28512,0.19232,0.14957,0.074687,0.016973,0.0053173,0.0048598
0.074102,0.1497,0.30023,0.3339,0.064563,0.034331,0.0041017,0.039077,0.26192,0.27934,0.17439,0.15331,0.080638,0.044692,0.0017607,0.0039531
0.064389,0.1532,0.27163,0.29504,0.10092,0.07805,0.010201,0.026579,0.26088,0.30919,0.22597,0.1138,0.048048,0.036837,0.0015184,0.0037536
0.091426,0.15512,0.2504,0.28846,0.10842,0.086095,0.005181,0.014897,0.24692,0.29549,0.22658,0.13531,0.055227,0.022905,0.0016569,0.015902
0.085587,0.13417,0.32912,0.25399,0.10763,0.066799,0.001578,0.021123,0.23366,0.30669,0.23395,0.12831,0.058859,0.034714,0.00070439,0.0031081
0.066302,0.1855,0.28109,0.30184,0.082591,0.073418,0.0025568,0.0067015,0.23407,0.27996,0.26683,0.13556,0.058688,0.017313,0.0022134,0.0053607
0.049555,0.14446,0.36092,0.23331,0.11031,0.090458,0.00082487,0.010154,0.19754,0.30906,0.25307,0.13623,0.084685,0.01242,0.0010519,0.005934
0.04618,0.16637,0.31144,0.2792,0.091183,0.099484,0.0018177,0.0043309,0.2103,0.26774,0.29313,0.12976,0.057675,0.027369,0.008856,0.0051702
0.045682,0.17458,0.29538,0.28065,0.11692,0.067181,0.0034795,0.016125,0.24893,0.24916,0.28226,0.13559,0.041751,0.040213,8.8036e-005,0.0020082
0.080913,0.1528,0.30922,0.27123,0.099965,0.073071,0.0014806,0.011322,0.219,0.27074,0.24795,0.15245,0.0613,0.042615,0.00024112,0.0057044
0.074077,0.1894,0.31947,0.28472,0.061527,0.062013,0.00079811,0.008001,0.20463,0.26471,0.22899,0.16771,0.087263,0.04085,5.5863e-008,0.0058535
0.084944,0.16279,0.32255,0.28554,0.067997,0.068169,0.0023271,0.0056896,0.23845,0.34353,0.24032,0.081236,0.046831,0.046245,0.0006915,0.0026971
0.068314,0.16975,0.28425,0.30531,0.09384,0.065505,0.0012369,0.011789,0.18663,0.32269,0.28142,0.099264,0.077175,0.03055,0.00070453,0.0015637
0.086001,0.17789,0.32956,0.26694,0.074546,0.045831,0.00037061,0.01886,0.21017,0.30651,0.26888,0.12894,0.052209,0.02878,0.00075899,0.0037552
0.065459,0.16461,0.34191,0.29408,0.070699,0.048356,0.0032125,0.011676,0.18227,0.30905,0.24051,0.14744,0.089449,0.022054,0.0031142,0.0061097
0.1088,0.14565,0.29732,0.26544,0.06486,0.075596,0.011909,0.030426,0.16321,0.29582,0.24839,0.14384,0.096794,0.038831,0.00090135,0.012218
0.10023,0.14863,0.30341,0.28894,0.074602,0.067128,0.0029036,0.01415,0.25506,0.31107,0.23701,0.085316,0.079934,0.020149,0.00029523,0.011163
0.10149,0.1921,0.27292,0.25772,0.066686,0.093024,0.0001897,0.015877,0.21617,0.33834,0.22108,0.13656,0.059816,0.019564,0.0056169,0.0028483
0.078923,0.2015,0.28811,0.2857,0.081245,0.046318,0.00027696,0.017927,0.22344,0.30858,0.26056,0.12392,0.046591,0.02811,0.0049613,0.0038454
0.079118,0.18246,0.24787,0.28445,0.127,0.057343,0.0013501,0.020408,0.24955,0.30486,0.25094,0.1003,0.05444,0.034933,0.0032614,0.0017186
0.08403,0.19844,0.29934,0.25276,0.10985,0.040137,0.0021956,0.013246,0.27069,0.353,0.21702,0.075507,0.050513,0.021975,0.0064016,0.0048955
0.070178,0.17651,0.28111,0.28464,0.096894,0.076679,0.0028005,0.011187,0.23947,0.31088,0.22219,0.11444,0.056658,0.038462,0.0034991,0.0144
0.074547,0.12904,0.2983,0.25294,0.1645,0.063725,0.00035901,0.016586,0.2566,0.26382,0.2431,0.12772,0.060368,0.024031,0.0041219,0.020239
0.069776,0.15499,0.27531,0.28353,0.1493,0.047578,0.0028424,0.016667,0.20213,0.29745,0.25252,0.12168,0.078698,0.0288,0.0029351,0.01579
0.081347,0.16848,0.29369,0.23738,0.13412,0.060982,0.0022148,0.021784,0.24102,0.24763,0.26785,0.12007,0.082719,0.038365,0.00042557,0.0019182
0.093832,0.15688,0.32919,0.26243,0.088365,0.049646,0.0044852,0.015173,0.23065,0.24009,0.25471,0.14179,0.095,0.031418,0.00045407,0.0058835
0.091569,0.1968,0.29215,0.27357,0.072924,0.053083,0.008717,0.011191,0.27404,0.2278,0.28991,0.088166,0.062463,0.047756,0.004297,0.0055735
0.048249,0.17187,0.29991,0.30992,0.10093,0.059028,0.0019671,0.0081386,0.22521,0.27901,0.28166,0.11552,0.06866,0.019409,0.0041241,0.0064157
0.04718,0.18074,0.24846,0.32677,0.12535,0.051398,0.0026645,0.017439,0.17256,0.27682,0.29621,0.15557,0.046622,0.043159,0.0032995,0.0057618
0.056478,0.1954,0.28635,0.28692,0.11031,0.052702,0.00070836,0.011134,0.22394,0.27396,0.28305,0.15294,0.049002,0.011446,0.0019296,0.0037418
0.088834,0.17453,0.29734,0.26564,0.097389,0.059987,0.0073605,0.0089181,0.21649,0.31023,0.27069,0.12398,0.051234,0.021739,0.0015613,0.0040758
0.070687,0.17158,0.25211,0.29161,0.10561,0.082142,0.0020265,0.024238,0.2153,0.27374,0.24585,0.15437,0.081025,0.026767,0.0024996,0.00044889
0.071632,0.16735,0.30282,0.28276,0.078273,0.075768,0.0036125,0.017789,0.20301,0.29787,0.2713,0.11521,0.080455,0.027214,0.0014467,0.0035017
0.078373,0.17869,0.31057,0.23618,0.086041,0.091698,0.0042093,0.014246,0.20558,0.24315,0.29334,0.16364,0.052196,0.027386,0.0035028,0.0112
0.095181,0.17302,0.28893,0.30946,0.064654,0.055489,0.00048642,0.012792,0.21301,0.25946,0.27447,0.13617,0.077362,0.02728,0.0023254,0.00993
0.07067,0.13977,0.31705,0.2951,0.12046,0.046917,0.00038492,0.009649,0.24563,0.26303,0.23199,0.15945,0.076889,0.0082683,0.013105,0.0016391
0.062788,0.13925,0.28492,0.33418,0.09588,0.067306,0.00020973,0.015459,0.2274,0.2639,0.22669,0.13065,0.088867,0.033957,0.0049719,0.023567
0.090269,0.15009,0.2775,0.30652,0.098983,0.07007,0.00020119,0.0063747,0.20981,0.29694,0.25802,0.12541,0.066103,0.033826,0.00035909,0.0095334
0.08394,0.13955,0.32908,0.28692,0.076165,0.062737,0.0011909,0.020422,0.2277,0.30474,0.264,0.12179,0.054377,0.017546,0.00015714,0.0096942
0.072832,0.13531,0.27698,0.32824,0.10038,0.05875,0.00174,0.025768,0.23474,0.36809,0.20525,0.10422,0.044332,0.016966,0.011425,0.014978
0.057125,0.16144,0.28808,0.31108,0.1173,0.042329,0.0032285,0.019417,0.20213,0.32668,0.21768,0.12165,0.10804,0.016305,0.0049152,0.0026095
0.069193,0.19973,0.26641,0.29416,0.11051,0.042392,0.0039427,0.013656,0.25563,0.33421,0.18916,0.12589,0.071878,0.0065494,0.0079363,0.0087503
0.050728,0.17248,0.3069,0.28803,0.11039,0.054333,0.0008844,0.016244,0.24778,0.35098,0.19155,0.096859,0.086843,0.015565,0.0052816,0.0051381
0.049413,0.17745,0.31586,0.28998,0.087018,0.066162,5.4134e-005,0.014061,0.18983,0.28054,0.29724,0.11452,0.08864,0.022462,0.0028609,0.0039026
0.067492,0.17324,0.31482,0.27924,0.094016,0.051529,0.00033474,0.019323,0.18607,0.29574,0.25809,0.11319,0.099639,0.033201,0.0018008,0.012274
0.071067,0.12851,0.33537,0.26702,0.11073,0.054125,6.0076e-005,0.033115,0.22279,0.31748,0.21115,0.15051,0.066186,0.022734,0.0051514,0.0040077
0.065583,0.13135,0.32314,0.26391,0.12229,0.065487,0.0046851,0.023566,0.20162,0.27988,0.2203,0.1965,0.062148,0.022534,0.0053561,0.01166
0.058988,0.16314,0.33461,0.24501,0.090751,0.079451,0.001455,0.026594,0.20795,0.27015,0.22099,0.1694,0.081409,0.03572,0.0019899,0.012391
0.1019,0.14473,0.31598,0.27207,0.1026,0.039298,0.00099646,0.022434,0.23299,0.29112,0.20047,0.15471,0.082726,0.023072,0.0015024,0.01341
0.1095,0.11969,0.33897,0.258,0.11293,0.038166,0.012027,0.010715,0.24056,0.20246,0.22781,0.18302,0.077849,0.045768,0.015422,0.0071108
0.10638,0.13595,0.30557,0.25392,0.10682,0.060954,0.0062415,0.024168,0.25497,0.24332,0.24426,0.13153,0.084035,0.032851,0.0066649,0.0023641
0.074694,0.1713,0.30984,0.2589,0.1093,0.047357,0.0061087,0.022494,0.25608,0.30407,0.17193,0.15029,0.086726,0.017124,3.3688e-005,0.013746
0.091856,0.15831,0.32153,0.23725,0.087248,0.074282,0.014496,0.015021,0.21635,0.2809,0.2031,0.15485,0.11729,0.015719,3.6397e-005,0.011755
0.052562,0.16238,0.31927,0.26905,0.086332,0.066101,0.0088083,0.0355,0.21529,0.35548,0.18606,0.12922,0.094297,0.014915,0.0025749,0.002162
0.073643,0.1798,0.2928,0.28132,0.096379,0.060571,0.00078423,0.014695,0.18048,0.32901,0.24146,0.1457,0.080298,0.010324,0.0064106,0.0063048
0.075641,0.16971,0.28776,0.265,0.11986,0.048714,0.0021462,0.031167,0.2422,0.28046,0.24474,0.12853,0.085148,0.0080885,0.0027344,0.0080996
0.098099,0.13692,0.29807,0.27769,0.097192,0.056407,0.0044954,0.031121,0.26723,0.28552,0.22387,0.14014,0.064061,0.018702,4.3984e-009,0.00047591
0.076479,0.15268,0.31886,0.29106,0.07524,0.066473,0.00098109,0.01823,0.19086,0.29188,0.25231,0.19629,0.044539,0.015504,0.0047548,0.0038621
0.07035,0.17266,0.32246,0.2739,0.080921,0.069036,0.0008457,0.0098226,0.25351,0.28967,0.24246,0.13278,0.049852,0.025877,0.00011166,0.0057352
0.072899,0.16044,0.33332,0.25853,0.084753,0.067854,0.0024638,0.019733,0.18472,0.27553,0.28806,0.13692,0.078882,0.028984,0.0004179,0.0064893
0.095792,0.15576,0.34513,0.23053,0.091536,0.060596,0.0032643,0.017393,0.24841,0.3011,0.24464,0.11581,0.055038,0.022031,0.0012258,0.011743
0.058276,0.12773,0.30031,0.30391,0.13335,0.051776,0.00068397,0.023958,0.23573,0.30492,0.2546,0.10244,0.056141,0.03553,0.00022882,0.010421
0.092786,0.12564,0.36242,0.25009,0.08993,0.055284,0.00055931,0.023288,0.25199,0.25911,0.20615,0.13393,0.083485,0.051655,0.0047967,0.0088775
0.073389,0.17178,0.31813,0.28397,0.080672,0.055789,0.0059195,0.010357,0.24858,0.2589,0.23649,0.15558,0.062944,0.034079,6.6687e-005,0.003359
0.088648,0.15213,0.31045,0.27929,0.075875,0.076358,0.0022449,0.015001,0.25382,0.2587,0.23057,0.12186,0.087563,0.040942,1.5064e-006,0.0065402
0.06517,0.15105,0.33446,0.29734,0.077359,0.056805,0.00036338,0.017451,0.25415,0.30275,0.22154,0.1152,0.081014,0.022674,0.0015957,0.0010694
0.066165,0.16133,0.32437,0.30467,0.085315,0.044679,0.0047708,0.0086916,0.23525,0.29189,0.24586,0.1321,0.071495,0.021373,4.9217e-005,0.0019725
0.072939,0.13635,0.33211,0.29125,0.089207,0.056311,0.0084368,0.013388,0.22044,0.2907,0.26418,0.13923,0.06923,0.01421,0.00051298,0.0014954
0.0585,0.16766,0.31941,0.2704,0.10621,0.05749,0.0018231,0.01851,0.23151,0.26107,0.25999,0.11045,0.0978,0.033323,0.0027535,0.0031075
0.050187,0.16436,0.31153,0.28595,0.10475,0.05215,0.0049475,0.026119,0.25772,0.22796,0.21218,0.16666,0.096262,0.029076,0.0076709,0.0024662
0.083168,0.16021,0.31101,0.26161,0.12611,0.03941,0.00031157,0.018157,0.23298,0.27545,0.24137,0.14299,0.063892,0.030539,0.0035204,0.0092635
0.083313,0.20041,0.29716,0.24341,0.12535,0.025591,0.00047605,0.024301,0.22818,0.31222,0.25596,0.10658,0.044946,0.039267,0.00047843,0.012369
0.062921,0.18677,0.28985,0.27133,0.12892,0.039565,0.0025646,0.018092,0.17383,0.37795,0.25024,0.12095,0.050356,0.022088,0.0037527,0.00082776
0.090918,0.18267,0.22871,0.34932,0.085919,0.046486,0.0035088,0.012463,0.18156,0.32077,0.26556,0.14012,0.043385,0.035486,0.0061893,0.00693
0.088453,0.19237,0.22787,0.32313,0.090271,0.047355,0.0069211,0.023629,0.18924,0.26691,0.22005,0.19587,0.073942,0.051974,0.00051397,0.0014907
0.078803,0.15078,0.26802,0.29379,0.13676,0.034558,0.0053209,0.031968,0.20402,0.32933,0.17181,0.12498,0.12688,0.031481,0.0034713,0.0080256
0.077051,0.15222,0.32917,0.26261,0.12395,0.039739,0.0013563,0.013909,0.24772,0.30153,0.19269,0.12563,0.089916,0.031621,0.00061553,0.010268
0.074222,0.16391,0.37737,0.23073,0.093287,0.04081,0.0037326,0.015943,0.22708,0.31005,0.21077,0.10536,0.10214,0.029298,0.0011504,0.014165
0.084342,0.14828,0.32814,0.26332,0.11017,0.041847,0.00012802,0.02378,0.22757,0.27191,0.26237,0.11586,0.095861,0.015463,0.000313,0.010652
0.065366,0.14955,0.27783,0.30283,0.122,0.059966,0.00078576,0.021663,0.1742,0.30816,0.24439,0.12935,0.10345,0.015327,0.0086267,0.016491
0.061225,0.10406,0.29356,0.36839,0.10329,0.059573,0.0016759,0.0082357,0.20984,0.29351,0.24249,0.12377,0.054609,0.063745,0.0019004,0.010149
0.087615,0.12405,0.34241,0.30959,0.074642,0.044479,0.0010625,0.016151,0.21816,0.28897,0.21007,0.15413,0.095904,0.027529,0.0013615,0.0038671
0.091442,0.1447,0.31347,0.27504,0.089036,0.066959,0.0009616,0.018394,0.22904,0.30155,0.15211,0.19531,0.07834,0.039339,0.0011649,0.0031478
0.084631,0.15271,0.289,0.27977,0.11214,0.051797,0.0076133,0.022347,0.2627,0.27322,0.19976,0.1489,0.083021,0.024907,0.0013542,0.0061331
0.073748,0.17497,0.27292,0.24813,0.13841,0.067041,0.0029644,0.021818,0.27909,0.2724,0.22121,0.12802,0.072324,0.016217,0.0011735,0.0095679
0.083161,0.16506,0.27995,0.2819,0.099081,0.056894,0.0041231,0.029833,0.24271,0.2702,0.24489,0.14491,0.07571,0.019949,0.00079043,0.00084351
0.061396,0.13779,0.30342,0.30283,0.0958,0.063097,0.0057831,0.029883,0.20977,0.21608,0.28618,0.16465,0.08224,0.027353,0.012077,0.001641
0.07458,0.20491,0.2817,0.27712,0.075996,0.077957,0.00039753,0.0073437,0.26982,0.25184,0.25871,0.11022,0.069771,0.021101,0.0038419,0.014693
0.068544,0.20046,0.27122,0.25948,0.11935,0.065105,5.1685e-006,0.015843,0.31184,0.25582,0.19856,0.09922,0.10113,0.017916,0.0010243,0.014482
0.06009,0.15357,0.27427,0.3592,0.092469,0.050922,0.00019341,0.0092894,0.30467,0.24382,0.18219,0.11015,0.13077,0.016147,0.00066537,0.011592
0.096357,0.15275,0.3057,0.27207,0.098852,0.049999,0.0052736,0.018999,0.25912,0.25748,0.22716,0.15214,0.076361,0.022647,1.5926e-005,0.0050705
0.070639,0.17917,0.20601,0.30001,0.16012,0.055658,0.0060878,0.022319,0.22637,0.25658,0.23343,0.1485,0.095954,0.03084,0.0054883,0.0028346
0.067679,0.18216,0.21414,0.30246,0.12297,0.077051,0.0039827,0.029551,0.23357,0.34141,0.19006,0.13204,0.074899,0.027313,6.111e-005,0.00065346
0.080321,0.1715,0.30082,0.25015,0.11889,0.057385,0.0055408,0.015391,0.25986,0.338,0.17983,0.095475,0.093645,0.026063,0.00029563,0.0068331
0.085823,0.16863,0.31724,0.25665,0.10924,0.050599,0.0012728,0.010546,0.25685,0.24262,0.21138,0.10676,0.13951,0.020111,0.0012452,0.021519
0.068019,0.14581,0.33052,0.21794,0.11882,0.10075,0.001077,0.017052,0.22212,0.31755,0.21739,0.15377,0.073891,0.010209,0.0021049,0.0029674
0.089226,0.17759,0.27579,0.23081,0.12016,0.0847,0.00026038,0.02146,0.16201,0.29758,0.27833,0.10834,0.10812,0.042142,0.00095284,0.0025109
0.091954,0.11138,0.32133,0.29836,0.092345,0.056664,0.0024634,0.025506,0.20475,0.33388,0.2175,0.10667,0.076257,0.04618,3.3215e-006,0.014764
0.087377,0.10963,0.3278,0.30859,0.10855,0.046343,0.00024709,0.011458,0.23038,0.33694,0.18849,0.11567,0.092254,0.017874,0.006113,0.012282
0.073904,0.14022,0.31302,0.31464,0.071796,0.07612,0.0016816,0.0086196,0.24446,0.35801,0.18372,0.1107,0.070534,0.023872,0.00030063,0.0083929
0.064164,0.16092,0.30559,0.28001,0.10114,0.070286,0.005738,0.012142,0.22423,0.33977,0.18829,0.12955,0.083234,0.028813,0.00021161,0.0059076
0.083246,0.14558,0.29714,0.29224,0.11733,0.051905,0.0013872,0.011166,0.23806,0.41991,0.14827,0.094663,0.055098,0.039412,0.00033755,0.0042567
0.08657,0.14218,0.3089,0.2613,0.11653,0.075878,5.81e-005,0.0085909,0.2638,0.27492,0.20789,0.15671,0.069829,0.015193,0.0048596,0.0068004
0.050229,0.15754,0.30962,0.24618,0.11206,0.092647,0.0030433,0.028685,0.20948,0.25701,0.30804,0.12862,0.070963,0.0094577,0.0022794,0.014152
0.056478,0.19738,0.30469,0.25804,0.096764,0.053673,0.010843,0.022133,0.27988,0.25903,0.26599,0.1016,0.074226,0.012866,0.0019345,0.004475
0.085955,0.19925,0.25959,0.25273,0.10306,0.080144,0.0022559,0.01702,0.24962,0.25263,0.28057,0.11062,0.066244,0.030429,0.0059514,0.0039348
0.08752,0.17229,0.27327,0.3165,0.086699,0.039513,0.00074331,0.023462,0.21567,0.27606,0.25342,0.15201,0.069001,0.027344,3.949e-005,0.0064518
0.058472,0.16057,0.29237,0.30272,0.09611,0.066492,0.0030452,0.020222,0.21818,0.25518,0.26718,0.1699,0.072637,0.011376,0.0022744,0.0032705
0.066245,0.14848,0.28045,0.34019,0.090212,0.053503,0.0020294,0.018895,0.23629,0.25638,0.28204,0.12925,0.068559,0.015751,0.0073639,0.0043495
0.062975,0.132,0.32691,0.30669,0.10832,0.033631,0.0048784,0.024603,0.27256,0.27608,0.26157,0.10574,0.057995,0.015096,0.0068605,0.0041
0.085556,0.14439,0.30181,0.29359,0.099016,0.065256,0.0045045,0.0058742,0.23647,0.27335,0.27388,0.10737,0.07828,0.017078,0.00066927,0.012892
0.061069,0.15652,0.3251,0.27871,0.1025,0.054991,0.001241,0.019872,0.20855,0.27559,0.29791,0.10773,0.0787,0.01791,0.00013953,0.013472
0.0781,0.15727,0.30159,0.27005,0.11036,0.057871,0.0010616,0.023698,0.24368,0.32793,0.21784,0.12498,0.058754,0.01472,0.0028343,0.0092572
0.070927,0.15469,0.27253,0.31308,0.13883,0.034015,0.00040163,0.015522,0.22784,0.28354,0.26668,0.13928,0.056676,0.024018,0.0008064,0.0011656
0.085361,0.15075,0.27481,0.31904,0.11256,0.030409,0.007229,0.019832,0.19124,0.33121,0.28794,0.10469,0.064291,0.01845,0.00044912,0.001726
0.096071,0.13372,0.28071,0.31581,0.12448,0.033706,0.0010614,0.014438,0.16956,0.32262,0.27185,0.16343,0.034641,0.036628,5.2003e-009,0.0012635
0.081497,0.12712,0.31,0.31369,0.081877,0.068589,0.00030807,0.016909,0.23895,0.2655,0.23984,0.13216,0.078285,0.044327,0.00038929,0.00054812
0.064055,0.13941,0.31571,0.3087,0.093258,0.060859,1.1196e-005,0.017998,0.19246,0.3228,0.23867,0.14602,0.065736,0.030742,1.8083e-006,0.0035633
0.086627,0.18976,0.27495,0.28566,0.088395,0.05427,0.00010547,0.020227,0.22947,0.23797,0.26419,0.14183,0.10284,0.022067,0.00025193,0.0013849
0.081387,0.15622,0.33464,0.26422,0.10415,0.048456,0.0014867,0.0094456,0.21052,0.29921,0.26327,0.11648,0.078783,0.029206,2.1331e-005,0.0025209
0.05939,0.18715,0.27512,0.31152,0.092844,0.069175,5.2643e-005,0.0047522,0.19921,0.29929,0.26324,0.13862,0.058557,0.037037,1.9314e-005,0.0040245
0.038162,0.16435,0.3784,0.23125,0.090351,0.078075,0.00078291,0.01863,0.23707,0.28828,0.26447,0.10905,0.059993,0.03825,0.00022289,0.0026483
0.064443,0.17575,0.30009,0.26281,0.10961,0.068787,8.2568e-006,0.018501,0.2403,0.32481,0.23052,0.096438,0.069634,0.030223,0.0014277,0.0066413
0.048822,0.1744,0.29209,0.26931,0.091367,0.099965,0.00013098,0.023916,0.24554,0.28732,0.25003,0.11275,0.072417,0.030651,0.00059567,0.00070022
0.046108,0.16486,0.25023,0.33264,0.11784,0.06613,0.0076022,0.014586,0.22701,0.29027,0.25328,0.13116,0.061355,0.024151,0.00028346,0.012493
0.042981,0.16764,0.27809,0.28921,0.13194,0.064131,0.0012687,0.024743,0.19054,0.36993,0.24387,0.093373,0.075092,0.013608,0.0036537,0.0099372
0.066383,0.17599,0.30878,0.30652,0.080526,0.049652,3.1645e-006,0.012147,0.21775,0.3283,0.23893,0.10265,0.084744,0.019459,0.0043548,0.0038193
0.083409,0.17463,0.29274,0.30084,0.067669,0.061347,0.0038943,0.015472,0.21938,0.30568,0.22591,0.15272,0.07544,0.016141,3.111e-005,0.0046947
0.069004,0.174,0.26371,0.32411,0.091678,0.057024,0.0061797,0.014295,0.22754,0.3045,0.24679,0.11318,0.075312,0.026839,0.0010086,0.004829
0.05833,0.21327,0.29029,0.27699,0.091406,0.055725,0.0021232,0.01187,0.1922,0.33905,0.29192,0.10368,0.052642,0.019949,0.00018015,0.00037092
0.056889,0.16476,0.30435,0.27732,0.092468,0.086311,0.0017157,0.016186,0.19349,0.2597,0.35085,0.089044,0.092007,0.012329,1.1305e-005,0.0025695
0.071634,0.17697,0.33557,0.23966,0.088995,0.075681,0.0025997,0.0088895,0.27266,0.31157,0.22859,0.093232,0.077676,0.0041369,0.0020477,0.010083
0.072519,0.19063,0.32844,0.25249,0.089712,0.051353,0.002885,0.011973,0.24327,0.28893,0.2703,0.11057,0.05656,0.0090153,0.0036266,0.017723
0.058141,0.16055,0.33756,0.28219,0.085306,0.061329,0.0018711,0.01306,0.20829,0.29808,0.24161,0.13956,0.074462,0.021188,0.0013051,0.015507
0.068977,0.16397,0.34007,0.24797,0.10481,0.047992,0.0067323,0.01948,0.16871,0.3229,0.26667,0.14381,0.058838,0.034472,0.0018725,0.0027327
0.072573,0.15644,0.29252,0.27401,0.13403,0.045405,0.0033101,0.021711,0.18239,0.33045,0.26421,0.12705,0.061517,0.024955,0.0029662,0.0064643
0.08466,0.17251,0.30621,0.28553,0.094216,0.04605,0.0059547,0.0048679,0.22519,0.29177,0.27224,0.11868,0.051349,0.029927,0.003559,0.0072752
0.066395,0.16619,0.3053,0.31908,0.077562,0.039398,0.0056617,0.020416,0.25735,0.26803,0.21904,0.13269,0.065754,0.044281,0.00027771,0.012583
0.05564,0.20087,0.32474,0.24134,0.10359,0.04644,0.007123,0.020243,0.19423,0.29733,0.18024,0.18853,0.055817,0.059903,0.0012534,0.022689
0.074488,0.17434,0.27915,0.28595,0.11767,0.051248,0.0012404,0.015913,0.23689,0.25486,0.20861,0.17168,0.076903,0.042244,7.9194e-006,0.0088028
0.076217,0.15592,0.32891,0.29644,0.096482,0.037537,0.001276,0.0072088,0.21642,0.32591,0.23143,0.12627,0.065322,0.023802,0.0032156,0.0076227
0.077964,0.16328,0.27174,0.30726,0.10542,0.052647,0.0040317,0.017665,0.17841,0.36817,0.24418,0.13184,0.049193,0.023631,0.00085341,0.0037216
0.10027,0.16007,0.25922,0.29219,0.11265,0.05563,0.011123,0.008838,0.19518,0.33942,0.23023,0.14772,0.06709,0.013247,0.00047601,0.0066351
0.076812,0.14835,0.30846,0.27907,0.098773,0.062427,6.295e-005,0.026038,0.18287,0.33709,0.22814,0.14661,0.071788,0.022986,0.002395,0.0081248
0.10885,0.13069,0.30277,0.28262,0.10208,0.056107,0.0037443,0.013134,0.14839,0.29059,0.29199,0.151,0.08301,0.028897,7.6844e-005,0.0060533
0.093033,0.15813,0.32268,0.27373,0.1083,0.031433,0.00092309,0.011772,0.15684,0.29519,0.27795,0.16825,0.06158,0.030295,0.00079479,0.0090977
0.061833,0.18289,0.32173,0.27377,0.098769,0.03634,0.0037277,0.020937,0.24942,0.30553,0.22835,0.12598,0.04983,0.017155,0.0013138,0.022417
0.057885,0.16351,0.34762,0.28638,0.097482,0.027258,0.012305,0.0075662,0.25061,0.29459,0.22155,0.11113,0.06174,0.040329,0.00084933,0.019202
0.090436,0.18355,0.27939,0.2778,0.095101,0.046171,0.0027705,0.024782,0.20815,0.35658,0.22842,0.10362,0.067427,0.031908,0.00068214,0.0032118
0.071652,0.17909,0.30091,0.29837,0.081679,0.052295,0.00086502,0.015136,0.25653,0.29706,0.18502,0.12665,0.10266,0.028314,7.7925e-005,0.0036878
0.084708,0.1538,0.38202,0.23811,0.074163,0.042844,0.002647,0.021711,0.25902,0.28039,0.21986,0.10829,0.10349,0.023668,0.00089242,0.0043924
0.072923,0.12681,0.33339,0.31676,0.075908,0.054236,0.00082096,0.019156,0.26748,0.24388,0.25836,0.091258,0.10573,0.026376,0.00070946,0.006198
0.098294,0.14868,0.33683,0.25212,0.10855,0.045849,0.0038193,0.0058598,0.23519,0.32184,0.19953,0.11693,0.070534,0.029547,0.0084071,0.018018
0.056819,0.15929,0.32059,0.2751,0.077501,0.082326,0.0010749,0.027297,0.24506,0.30874,0.2367,0.099205,0.067931,0.024018,0.012077,0.0062732
0.069508,0.14069,0.32016,0.30179,0.08516,0.065136,8.0525e-007,0.017544,0.26276,0.24755,0.27881,0.092686,0.087523,0.028579,0.00053945,0.0015459
0.087676,0.15061,0.30373,0.27987,0.083707,0.075165,0.0015384,0.01771,0.20535,0.28728,0.27361,0.1324,0.064793,0.035931,0.00012645,0.00050816
0.083259,0.14487,0.30825,0.2842,0.08948,0.074622,9.6353e-005,0.015221,0.18196,0.362,0.26945,0.10873,0.047955,0.027367,0.00039573,0.0021445
0.054111,0.14855,0.33372,0.26161,0.12631,0.062073,0.00084441,0.012776,0.18965,0.29317,0.28256,0.11422,0.070255,0.036469,0.0016686,0.012009
0.047307,0.1621,0.31205,0.28614,0.11649,0.059893,0.00019999,0.015816,0.16115,0.33354,0.26287,0.12339,0.081048,0.034249,0.0016807,0.002072
0.045678,0.15271,0.29261,0.33048,0.094668,0.049686,0.0015909,0.03258,0.16337,0.33925,0.24552,0.12162,0.058571,0.061962,4.4997e-005,0.0096624
0.069146,0.12814,0.3213,0.30352,0.10909,0.049526,0.0011966,0.018082,0.1723,0.31978,0.25265,0.16462,0.062952,0.024734,0.00022661,0.0027402
0.063841,0.15009,0.29128,0.29671,0.12593,0.065688,0.00010796,0.0063523,0.17365,0.32722,0.28476,0.15569,0.044276,0.013693,0.00018448,0.00052646
0.075341,0.16898,0.26762,0.27629,0.13305,0.060258,0.0014617,0.016995,0.18321,0.30731,0.26758,0.14405,0.078012,0.012858,0.0021862,0.0047858
0.089175,0.13896,0.32988,0.26916,0.092302,0.067206,0.00017723,0.013143,0.15792,0.32152,0.2563,0.17178,0.068376,0.014349,0.0037064,0.0060474
0.082477,0.17965,0.28788,0.2809,0.11881,0.039717,0.00011476,0.010459,0.25069,0.3758,0.21867,0.097809,0.022282,0.031649,5.1795e-005,0.0030429
0.059576,0.18721,0.33221,0.26778,0.094109,0.048379,0.0021822,0.0085556,0.28275,0.29827,0.26443,0.10795,0.035063,0.010427,7.9605e-005,0.0010287
0.098025,0.16902,0.29318,0.27978,0.094223,0.049684,0.00079059,0.015293,0.23457,0.32888,0.22371,0.11562,0.077359,0.013029,1.5852e-007,0.0068392
0.064839,0.12785,0.30592,0.31122,0.11201,0.044949,0.00016401,0.033045,0.22168,0.29624,0.25347,0.11748,0.079767,0.025697,0.00087657,0.0047856
0.07136,0.18558,0.29513,0.25673,0.11322,0.055716,5.5233e-005,0.022204,0.25095,0.28176,0.21312,0.17348,0.055674,0.023987,0.00025615,0.0007711
0.072126,0.19561,0.2449,0.25786,0.13332,0.068433,0.0018974,0.025864,0.22955,0.31593,0.1926,0.129,0.085012,0.045759,4.7026e-006,0.002135
0.083643,0.17766,0.31125,0.25368,0.086386,0.065108,0.0072462,0.01503,0.23691,0.33158,0.18187,0.10669,0.094412,0.040034,7.5541e-006,0.0084978
0.086273,0.18136,0.25436,0.30095,0.082401,0.072706,0.0036294,0.018325,0.28429,0.3098,0.17586,0.10912,0.07086,0.045248,5.0305e-006,0.004816
0.074916,0.18138,0.26116,0.28951,0.087661,0.069798,0.001934,0.033638,0.24761,0.2617,0.2323,0.15463,0.062781,0.019484,0.01592,0.0055733
0.065713,0.10825,0.34975,0.28351,0.11893,0.040835,0.0013871,0.031626,0.21245,0.30015,0.238,0.14427,0.092111,0.011305,0.00067195,0.0010429
0.083153,0.16932,0.26559,0.27144,0.11886,0.073183,0.0016356,0.016818,0.24372,0.3355,0.16609,0.16047,0.074628,0.017143,1.1028e-006,0.0024532
0.079169,0.16141,0.27074,0.2769,0.14699,0.041262,0.011115,0.012414,0.28081,0.2236,0.25032,0.13248,0.069855,0.040551,0.00097864,0.0014042
0.06227,0.14609,0.29243,0.31757,0.11939,0.049474,0.0023082,0.010467,0.28907,0.27443,0.22201,0.12886,0.059419,0.023746,0.0001382,0.0023144
0.056427,0.16608,0.29271,0.26312,0.13294,0.068849,0.00028322,0.019593,0.24339,0.23831,0.25685,0.12673,0.077721,0.045869,0.0052379,0.0058997
0.059343,0.14649,0.26089,0.29941,0.16006,0.049755,1.2074e-005,0.024039,0.23521,0.30021,0.27326,0.13552,0.036931,0.014668,0.00079755,0.0034015
0.053798,0.17112,0.32237,0.25674,0.13348,0.044312,0.001353,0.016817,0.21452,0.26799,0.23889,0.19483,0.062523,0.016777,0.0037194,0.00074842
0.08845,0.16808,0.25841,0.28324,0.13108,0.05603,0.00014928,0.01456,0.23538,0.30096,0.178,0.15576,0.079557,0.042337,0.0053872,0.0026237
0.0911,0.1452,0.30275,0.30871,0.096428,0.044457,0.0018013,0.0095575,0.26764,0.30973,0.17119,0.14335,0.051446,0.04621,0.0024542,0.0079695
0.06134,0.14804,0.26379,0.3608,0.11074,0.038509,0.0032471,0.013533,0.31764,0.25205,0.19997,0.10262,0.082295,0.038561,0.0014735,0.0053868
0.062391,0.15054,0.25406,0.38353,0.06624,0.041083,0.016487,0.025679,0.2778,0.25695,0.22933,0.098064,0.069907,0.061258,0.002512,0.004181
0.064415,0.13644,0.30167,0.32274,0.11404,0.041062,0.0019239,0.017702,0.28114,0.23197,0.27895,0.10077,0.04749,0.044441,0.0043233,0.010905
0.055984,0.14355,0.30601,0.33768,0.096965,0.049359,0.00043562,0.010018,0.30003,0.26638,0.22331,0.088031,0.065887,0.045215,0.0016539,0.0094877
0.073903,0.15008,0.27957,0.33693,0.076689,0.051228,6.693e-006,0.031591,0.2668,0.2522,0.24759,0.12281,0.083927,0.016115,0.0064025,0.0041567
0.04489,0.13513,0.33231,0.32631,0.081056,0.05687,0.0013174,0.022117,0.25887,0.24857,0.25473,0.13398,0.077842,0.02262,0.0020394,0.0013447
0.082364,0.11237,0.28646,0.36704,0.082788,0.057279,0.00017616,0.011526,0.16717,0.27832,0.28481,0.13233,0.088398,0.038308,0.00017279,0.010495
0.068427,0.11119,0.29623,0.35409,0.09074,0.058141,0.0040256,0.017154,0.22063,0.30927,0.23439,0.13189,0.070458,0.025625,3.3089e-006,0.0077434
0.060824,0.15044,0.3524,0.27899,0.078871,0.059378,0.0022713,0.016827,0.2146,0.30411,0.30249,0.1094,0.047286,0.011184,1.925e-007,0.010928
0.047568,0.16361,0.28321,0.30067,0.11426,0.061115,0.0022504,0.027314,0.24107,0.28387,0.28136,0.12676,0.045081,0.0088952,1.0883e-006,0.012964
0.035569,0.16096,0.29408,0.31573,0.12369,0.051087,0.00089572,0.017984,0.21737,0.31869,0.21976,0.11782,0.076871,0.042093,0.00057001,0.0068212
0.077803,0.17413,0.28542,0.28818,0.10639,0.051827,0.003813,0.012437,0.30494,0.27241,0.20525,0.12292,0.058067,0.020115,0.00012431,0.016166
0.059896,0.15449,0.29726,0.29556,0.093722,0.059426,0.011731,0.027919,0.23833,0.28939,0.17799,0.12981,0.12656,0.034684,0.00015858,0.0030823
0.10123,0.15338,0.32324,0.23446,0.10719,0.059516,0.0009516,0.020031,0.25822,0.29217,0.19871,0.12568,0.10225,0.018783,0.003865,0.00032155
0.070795,0.13963,0.24881,0.32719,0.090333,0.093382,0.0021307,0.027727,0.22303,0.35937,0.17954,0.14496,0.060209,0.028947,0.0019015,0.0020399
0.072792,0.15224,0.23842,0.36391,0.075895,0.058878,0.0025098,0.035357,0.23297,0.338,0.22066,0.11027,0.069648,0.014435,0.0024701,0.01154
0.082649,0.14933,0.24034,0.35153,0.092652,0.066364,0.0018359,0.015303,0.22817,0.29597,0.23563,0.1794,0.041208,0.0078307,0.0014294,0.010363
0.079998,0.16393,0.24974,0.3199,0.079207,0.088571,0.0010345,0.017616,0.20744,0.30936,0.29843,0.12243,0.044547,0.01075,5.3495e-005,0.0069984
0.065971,0.16576,0.29635,0.29848,0.081908,0.064485,3.988e-005,0.027012,0.18201,0.27202,0.24087,0.17774,0.094189,0.011132,0.0026244,0.01942
0.083067,0.13485,0.31071,0.28502,0.081117,0.088854,9.1122e-005,0.01629,0.17052,0.33607,0.2625,0.14403,0.071165,0.0095753,0.0010676,0.0050795
0.062392,0.17003,0.33772,0.26633,0.10374,0.044697,3.3459e-005,0.015054,0.18648,0.30278,0.24559,0.1726,0.057945,0.016745,0.0041198,0.013741
0.082257,0.15673,0.28671,0.28509,0.11515,0.051924,0.00026717,0.021878,0.19072,0.29953,0.23717,0.15129,0.067752,0.031275,0.0055257,0.016728
0.090484,0.12779,0.28239,0.2781,0.11411,0.085034,0.0018111,0.020282,0.21149,0.29246,0.18916,0.17585,0.058974,0.05926,0.00098284,0.011822
0.085301,0.15566,0.26964,0.2644,0.12735,0.075621,0.003848,0.018179,0.27279,0.2724,0.24978,0.12139,0.072336,0.009254,0.00069283,0.0013633
0.072426,0.14871,0.31862,0.2543,0.12086,0.060062,0.0041445,0.020883,0.279,0.24838,0.23311,0.11851,0.088748,0.01371,0.011085,0.0074492
0.085313,0.15923,0.25616,0.27054,0.12976,0.06918,0.0063811,0.023442,0.27353,0.2604,0.22699,0.10445,0.082573,0.039991,5.6215e-005,0.012017
0.077072,0.13641,0.27576,0.32301,0.10129,0.07008,0.0034292,0.012941,0.23309,0.27874,0.23835,0.09385,0.13205,0.018056,0.00010844,0.0057596
0.061574,0.12518,0.32304,0.27007,0.09479,0.098228,0.0069347,0.020185,0.18725,0.29417,0.25639,0.14284,0.087681,0.027669,0.00011406,0.0038833
0.087245,0.11914,0.33807,0.24393,0.11725,0.070482,0.0019491,0.021942,0.23453,0.25581,0.23584,0.18106,0.075765,0.0168,3.7532e-005,0.00015168
0.06051,0.14561,0.3153,0.28653,0.11879,0.045513,0.0098047,0.017942,0.19003,0.29531,0.28155,0.13409,0.075475,0.015505,0.00027754,0.0077627
0.055002,0.15475,0.3086,0.28823,0.10063,0.070627,0.0046703,0.017491,0.19836,0.29466,0.27961,0.12614,0.067876,0.0096629,0.0030289,0.02067
0.060882,0.12288,0.3441,0.27348,0.10055,0.071894,0.010826,0.01538,0.16995,0.31057,0.28293,0.14184,0.070732,0.019778,0.00033371,0.0038599
0.047864,0.11447,0.34692,0.2853,0.1218,0.051421,0.016834,0.015389,0.20557,0.29192,0.26723,0.12038,0.096869,0.010231,0.0010313,0.0067612
0.044237,0.18239,0.29799,0.28288,0.1041,0.057869,0.0098918,0.020639,0.19525,0.28293,0.29096,0.13928,0.068643,0.015858,1.6463e-005,0.007059
0.098374,0.19653,0.26353,0.25758,0.084773,0.073619,0.0053692,0.020229,0.15399,0.29143,0.27765,0.16573,0.070918,0.035379,0.0027039,0.0022017
0.081099,0.15439,0.24064,0.34236,0.07531,0.083063,0.0018571,0.021287,0.18448,0.33727,0.21819,0.18279,0.038992,0.033664,0.00046172,0.0041527
0.070205,0.17649,0.26816,0.28387,0.095686,0.090636,0.0049603,0.0099842,0.22805,0.29894,0.21842,0.18497,0.036989,0.025538,0.0040031,0.0030834
0.071771,0.16194,0.30546,0.28833,0.093416,0.04924,0.012139,0.017701,0.21655,0.28355,0.20538,0.19739,0.047501,0.042186,0.0011244,0.0063216
0.062467,0.17946,0.29326,0.26539,0.11207,0.061551,0.0093881,0.016415,0.21807,0.31927,0.25622,0.12599,0.053803,0.025081,0.00023395,0.0013394
0.077392,0.14725,0.28316,0.27112,0.12716,0.068246,0.013647,0.012019,0.25266,0.30486,0.2153,0.12262,0.064728,0.019913,0.0049031,0.015016
0.089341,0.16918,0.32326,0.2618,0.090913,0.056411,0.00026099,0.0088337,0.22295,0.28389,0.22125,0.18608,0.03489,0.038911,0.0036646,0.0083642
0.10416,0.14866,0.24535,0.30082,0.12098,0.072098,0.0031695,0.0047483,0.18018,0.3187,0.27746,0.13738,0.046209,0.027829,0.0039772,0.0082642
0.12491,0.17017,0.24741,0.28549,0.10454,0.053306,0.00028775,0.013894,0.21336,0.30194,0.25484,0.14023,0.057177,0.023051,0.0037424,0.0056652
0.097706,0.18823,0.23304,0.31155,0.11463,0.035926,0.0005077,0.018421,0.20554,0.28844,0.23546,0.14118,0.08255,0.027376,0.0021539,0.017305
0.099915,0.13654,0.2441,0.34029,0.10791,0.056618,0.0014985,0.013121,0.20294,0.31128,0.25668,0.11725,0.077804,0.022779,3.1992e-005,0.011239
0.10618,0.11499,0.27082,0.36943,0.084816,0.035888,0.00019828,0.017688,0.19981,0.28606,0.28282,0.11937,0.076991,0.015381,0.0011121,0.018465
0.09826,0.10328,0.27167,0.34497,0.11541,0.04879,0.00022712,0.017389,0.27505,0.3105,0.2493,0.076661,0.066609,0.013561,0.00027395,0.0080466
0.062975,0.16529,0.23209,0.33876,0.1096,0.073948,0.00032879,0.017013,0.22771,0.30943,0.29159,0.092186,0.050047,0.021635,0.00055315,0.0068526
0.049886,0.21313,0.18237,0.33699,0.14986,0.047031,0.0028272,0.017909,0.20184,0.2882,0.25636,0.14185,0.047851,0.054477,0.0010144,0.0084014
0.076278,0.20118,0.25136,0.25801,0.12462,0.066062,0.0057201,0.016763,0.18894,0.28915,0.30218,0.11453,0.0755,0.018102,0.0010419,0.010555
0.064482,0.16518,0.28214,0.29107,0.11953,0.059267,6.8848e-005,0.018252,0.20021,0.27283,0.26505,0.1407,0.093289,0.024881,0.0014576,0.0015896
0.080638,0.16821,0.25641,0.28864,0.1381,0.050844,0.0046249,0.012521,0.1696,0.32058,0.25068,0.14314,0.082592,0.022282,0.0087532,0.0023694
0.078702,0.16938,0.24925,0.29073,0.12382,0.067532,0.00062474,0.019953,0.17516,0.29888,0.23983,0.18071,0.07372,0.026442,0.0014044,0.0038536
0.069688,0.18683,0.24746,0.25386,0.13202,0.094803,0.0036257,0.01172,0.2573,0.28028,0.20473,0.13637,0.087356,0.02205,0.0018236,0.010087
0.051141,0.20804,0.25991,0.28073,0.12287,0.058983,0.0021206,0.0162,0.23727,0.26222,0.30846,0.085863,0.08102,0.012642,0.0017397,0.010787
0.062568,0.18936,0.25125,0.31669,0.096172,0.050717,0.0017308,0.031512,0.19669,0.32441,0.28586,0.11193,0.044885,0.020878,0.0052807,0.010061
0.065181,0.19564,0.30135,0.29319,0.088099,0.041238,0.0030814,0.012222,0.20232,0.33508,0.24897,0.13028,0.054847,0.015036,0.0021744,0.011288
0.048975,0.23122,0.28434,0.26737,0.10876,0.026023,0.010426,0.022892,0.19639,0.29708,0.28717,0.14793,0.056256,0.0091845,0.00021961,0.0057731
0.034758,0.17463,0.30357,0.32011,0.11329,0.029068,0.002439,0.022138,0.19708,0.35312,0.25026,0.12017,0.059813,0.017952,0.0013032,0.00029915
0.094098,0.13224,0.28977,0.32187,0.073681,0.05658,0.0017889,0.02997,0.24826,0.30885,0.2042,0.12845,0.065882,0.037774,0.0014734,0.0051141
0.06637,0.1481,0.31523,0.29647,0.090627,0.062569,0.0057924,0.014846,0.22527,0.27187,0.25663,0.10652,0.088626,0.027452,0.0012542,0.022378
0.10115,0.17987,0.2399,0.32215,0.097413,0.036925,0.0036211,0.018966,0.19652,0.29566,0.26956,0.11392,0.079861,0.034118,0.003937,0.0064283
0.076779,0.14518,0.29162,0.33399,0.088559,0.036588,0.0045087,0.022768,0.13966,0.31461,0.34429,0.1022,0.057616,0.020083,2.0111e-006,0.021549
0.073486,0.18803,0.24225,0.32568,0.10938,0.037181,0.0015514,0.022441,0.17809,0.32698,0.242,0.11646,0.085617,0.016219,0.0018421,0.032796
0.079607,0.15174,0.30041,0.29159,0.10867,0.054778,4.5646e-005,0.013157,0.1706,0.31739,0.25066,0.1193,0.082009,0.021082,0.0057787,0.033179
0.050462,0.15809,0.28262,0.29125,0.15601,0.043549,0.0014317,0.016589,0.22282,0.28228,0.23016,0.15627,0.063019,0.012366,5.7161e-005,0.03303
0.061832,0.15272,0.31442,0.28628,0.11201,0.061956,0.00086417,0.0099228,0.23706,0.28781,0.20371,0.18411,0.06176,0.017747,0.00024187,0.0075553
0.073719,0.19494,0.26756,0.27607,0.1116,0.059478,0.00039801,0.016229,0.1989,0.32451,0.25681,0.12584,0.034326,0.046135,0.0012827,0.012197
0.076878,0.17821,0.30959,0.27204,0.098996,0.040635,0.0014512,0.022201,0.21488,0.26151,0.24964,0.17805,0.047827,0.011455,0.0078859,0.028762
0.061789,0.15349,0.32826,0.30323,0.086044,0.051431,7.4815e-005,0.015676,0.21619,0.27397,0.27072,0.13535,0.050145,0.011241,0.012813,0.029573
0.054242,0.17749,0.29388,0.29025,0.1097,0.044035,0.0042432,0.026155,0.2276,0.29846,0.25468,0.11327,0.062586,0.022864,0.00084557,0.019692
0.090347,0.16142,0.30839,0.25358,0.1085,0.058518,0.0048968,0.014334,0.229,0.29955,0.24608,0.10803,0.10193,0.0073184,0.00054834,0.007535
0.11944,0.15431,0.29903,0.23217,0.12711,0.047176,0.001595,0.019179,0.23405,0.29976,0.24457,0.12707,0.072984,0.0152,0.0018679,0.0045011
0.12674,0.17879,0.26337,0.24974,0.092259,0.063283,0.0038553,0.02197,0.28567,0.30217,0.24138,0.097248,0.055869,0.012267,0.00032093,0.0050782
0.086493,0.15036,0.26677,0.31493,0.097433,0.058667,0.0031454,0.022207,0.2061,0.31073,0.2627,0.12862,0.061926,0.025176,0.0011009,0.0036484
0.099011,0.16517,0.2798,0.26429,0.11838,0.045242,0.0073896,0.020715,0.21039,0.35286,0.17819,0.14577,0.06595,0.039213,0.0067287,0.00089352
0.079672,0.14348,0.25403,0.31396,0.12884,0.054625,0.0108,0.014589,0.18846,0.33423,0.2276,0.12448,0.081862,0.040086,1.7094e-005,0.0032671
0.076956,0.17101,0.31702,0.24604,0.11186,0.058755,0.010411,0.0079439,0.22097,0.29578,0.26401,0.11791,0.068854,0.020757,0.00044028,0.011273
0.067427,0.18586,0.26968,0.27556,0.11624,0.059886,0.0072884,0.018063,0.19379,0.26569,0.30472,0.13692,0.0635,0.028525,0.0018693,0.0049759
0.064978,0.17199,0.30926,0.28694,0.096982,0.045655,0.0009265,0.023271,0.20744,0.33672,0.22774,0.12681,0.072813,0.024514,3.3167e-005,0.0039254
0.088636,0.13466,0.31284,0.29188,0.10467,0.052223,0.0076424,0.0074512,0.25396,0.25146,0.30383,0.10005,0.061998,0.021107,0.0014135,0.0061796
0.10004,0.14572,0.2826,0.2994,0.098132,0.050881,0.0042734,0.018951,0.23242,0.27617,0.23115,0.15432,0.088821,0.011062,0.0029808,0.0030705
0.098783,0.16869,0.26534,0.28138,0.11541,0.054107,0.003914,0.01238,0.18391,0.24935,0.27668,0.15955,0.094982,0.012681,0.002371,0.020475
0.096969,0.14678,0.28657,0.29829,0.11035,0.045715,0.003424,0.011905,0.16942,0.3125,0.22538,0.17444,0.061313,0.041717,0.0016561,0.013573
0.081584,0.1774,0.28427,0.24712,0.13769,0.050746,0.0025081,0.018692,0.22196,0.28869,0.23858,0.14074,0.054293,0.03917,0.0034402,0.013128
0.084496,0.19311,0.33167,0.22533,0.096999,0.044109,0.0024411,0.021837,0.17344,0.28841,0.27296,0.16645,0.071299,0.022651,0.0011088,0.0036892
0.050244,0.18701,0.35821,0.25006,0.08866,0.048168,0.0010036,0.016643,0.22585,0.23595,0.23983,0.16151,0.068794,0.054691,0.0015251,0.011848
0.050931,0.14017,0.36407,0.25791,0.12313,0.035629,3.4014e-006,0.028163,0.27151,0.25764,0.25127,0.14288,0.042853,0.031596,0.00011219,0.00214
0.069787,0.12711,0.31635,0.2703,0.15675,0.046566,0.00068677,0.012452,0.19718,0.29228,0.27266,0.12174,0.078169,0.033114,0.00057834,0.0042758
0.063221,0.14505,0.35784,0.24998,0.092557,0.075019,0.0021268,0.01421,0.22797,0.21358,0.27599,0.13425,0.11293,0.017571,0.0020978,0.015608
0.11049,0.13299,0.32404,0.24174,0.10476,0.075275,7.301e-005,0.01063,0.19907,0.23627,0.28381,0.16569,0.061144,0.044165,0.00015757,0.0096944
0.067989,0.17874,0.252,0.28298,0.12911,0.065716,0.0014526,0.022018,0.19118,0.29167,0.25899,0.16736,0.063686,0.024401,0.00011983,0.0025893
0.059398,0.19949,0.25896,0.27962,0.099947,0.072664,0.0021093,0.02782,0.14326,0.3237,0.30943,0.13923,0.05699,0.020067,0.0033309,0.0039937
0.079992,0.17972,0.26632,0.29797,0.11493,0.03615,0.0084621,0.016461,0.15498,0.36914,0.27343,0.10779,0.048606,0.032177,3.8565e-006,0.013877
0.099069,0.153,0.28082,0.29164,0.11085,0.03969,0.0054137,0.019528,0.19304,0.36655,0.24337,0.087339,0.063084,0.022505,0.0085695,0.015544
0.065248,0.12463,0.31005,0.31756,0.11664,0.046922,0.00047264,0.01848,0.19578,0.3541,0.22936,0.10884,0.086347,0.018859,0.00028227,0.0064254
0.057794,0.11777,0.30406,0.30425,0.13625,0.051498,0.0064123,0.021981,0.21843,0.27337,0.28393,0.10248,0.062642,0.034503,0.021417,0.0032216
0.070091,0.15353,0.27912,0.29523,0.12047,0.053577,0.0023067,0.025681,0.21478,0.31183,0.26643,0.10954,0.072452,0.020621,0.0026268,0.0017141
0.079202,0.1853,0.2734,0.28118,0.11193,0.040684,0.0040181,0.02429,0.23352,0.31047,0.2308,0.090488,0.057572,0.053394,0.0076127,0.016148
0.073602,0.13172,0.3044,0.30885,0.10077,0.063034,0.00023741,0.017391,0.23249,0.33059,0.23465,0.099856,0.073995,0.013965,1.9408e-005,0.014426
0.083085,0.16258,0.25038,0.29286,0.10298,0.083457,0.00010225,0.024559,0.21556,0.32221,0.22908,0.10117,0.075148,0.038026,0.00034859,0.018456
0.076106,0.21054,0.26124,0.27708,0.10413,0.063444,0.0013269,0.0061381,0.16546,0.41952,0.22481,0.10367,0.059855,0.019288,0.00073071,0.0066672
0.08043,0.16648,0.22789,0.33371,0.10876,0.050102,0.0023712,0.030261,0.19715,0.30028,0.26089,0.1277,0.069753,0.034673,0.0011855,0.0083666
0.065611,0.20961,0.27355,0.2547,0.12069,0.050219,0.00029991,0.025317,0.19592,0.28761,0.23687,0.16078,0.069224,0.041329,0.0023224,0.0059452
0.071465,0.16575,0.26431,0.26728,0.12206,0.078844,0.00071325,0.029577,0.29259,0.30002,0.21093,0.090438,0.052681,0.045161,0.00032847,0.0078545
0.055653,0.20613,0.30226,0.2516,0.12309,0.044034,0.0009228,0.016314,0.23263,0.34088,0.24373,0.080467,0.06188,0.035175,0.00046675,0.0047734
0.059218,0.16446,0.31013,0.25609,0.11114,0.074454,0.00012564,0.024378,0.24789,0.36277,0.22452,0.078971,0.048206,0.033054,0.0010878,0.0035091
0.068281,0.18045,0.33845,0.2127,0.11901,0.06089,0.0010389,0.019186,0.23021,0.32109,0.25172,0.10681,0.033249,0.034094,0.0050149,0.017815
0.08136,0.17209,0.27538,0.2308,0.1505,0.065805,0.0060453,0.018029,0.28091,0.2762,0.26428,0.10104,0.038933,0.023274,0.0021225,0.013249
0.10297,0.14749,0.27161,0.28579,0.11243,0.061468,0.0009719,0.017264,0.28834,0.25724,0.25936,0.12485,0.040343,0.019757,0.00055426,0.0095487
0.098832,0.16399,0.27189,0.26582,0.13223,0.041172,0.0073583,0.018708,0.26502,0.26476,0.29134,0.10645,0.043005,0.017633,0.0013154,0.010468
0.11298,0.17989,0.21249,0.33046,0.096685,0.034471,0.010563,0.022451,0.20811,0.34581,0.23695,0.11673,0.060839,0.022181,0.0028637,0.0065226
0.07645,0.097869,0.25742,0.38445,0.10757,0.044406,0.00099347,0.030836,0.18661,0.32062,0.28306,0.096929,0.053631,0.039797,0.016217,0.003126
0.087103,0.11658,0.24671,0.34284,0.098424,0.071153,0.00010368,0.037085,0.18374,0.30778,0.25287,0.12509,0.073839,0.041992,0.00042756,0.014251
0.078098,0.1192,0.27025,0.35988,0.10754,0.049473,0.00022656,0.015322,0.19009,0.3578,0.22673,0.12757,0.077041,0.011691,0.00055006,0.0085275
0.10312,0.12379,0.27727,0.30947,0.10569,0.069286,0.0017326,0.0096382,0.20036,0.2888,0.26234,0.13497,0.088377,0.0054399,0.0030891,0.016623
0.10885,0.16546,0.31451,0.23338,0.10479,0.051916,0.00031665,0.020774,0.20954,0.29038,0.25583,0.099098,0.11617,0.014596,0.0081645,0.006215
0.10148,0.16249,0.27718,0.23911,0.13459,0.063183,0.000137,0.021831,0.24303,0.31818,0.22684,0.086117,0.096214,0.02187,0.0072266,0.00052486
0.081667,0.12945,0.32024,0.26102,0.1183,0.06961,0.0031861,0.016518,0.26321,0.33708,0.16475,0.11841,0.076406,0.029177,0.0099926,0.00097293
0.12158,0.13894,0.25699,0.24142,0.13749,0.08141,0.0049864,0.017182,0.25113,0.31997,0.18205,0.13368,0.082617,0.025005,0.0030095,0.0025325
0.07313,0.18262,0.29347,0.24423,0.10288,0.07789,0.0022651,0.023516,0.19576,0.3538,0.21931,0.13412,0.073133,0.017352,0.00017364,0.0063515
0.090893,0.15327,0.31116,0.23024,0.13061,0.063828,0.0026643,0.017343,0.19575,0.29734,0.27847,0.11003,0.087921,0.02669,0.0027759,0.0010236
0.083059,0.17146,0.28076,0.26787,0.11959,0.05662,0.0056714,0.014965,0.2122,0.29354,0.30965,0.10361,0.049533,0.015867,0.0031074,0.012493
0.083108,0.13076,0.2991,0.26694,0.13472,0.069449,0.0010807,0.014851,0.2544,0.30717,0.24134,0.11842,0.054333,0.017219,0.0062219,0.00089484
0.11741,0.17844,0.19053,0.25539,0.13386,0.099934,0.0033729,0.02106,0.20565,0.33819,0.28568,0.11155,0.025625,0.018065,0.0019299,0.013309
0.076686,0.16962,0.23597,0.23417,0.16625,0.084916,0.011356,0.021034,0.23667,0.2623,0.24524,0.10284,0.10219,0.030978,0.0086095,0.011176
0.084258,0.18137,0.27081,0.22141,0.15115,0.065541,0.013187,0.012282,0.24346,0.26147,0.23756,0.13218,0.087125,0.030112,2.849e-006,0.0080903
0.095115,0.16517,0.27792,0.20437,0.14667,0.088531,0.010998,0.011219,0.27043,0.27213,0.25149,0.12239,0.059474,0.017833,0.00020689,0.0060475
0.077928,0.17991,0.28259,0.22088,0.13569,0.07588,0.014755,0.012374,0.24496,0.28185,0.26981,0.11428,0.063837,0.017898,0.001524,0.0058379
0.086178,0.15292,0.29396,0.2537,0.13912,0.059354,0.00055053,0.014227,0.22923,0.404,0.187,0.078825,0.073348,0.01835,0.0016183,0.0076295
0.0699,0.185,0.2826,0.23101,0.13196,0.067369,0.0044543,0.027717,0.29034,0.36049,0.12432,0.11192,0.079296,0.027254,0.0047342,0.0016458
0.097898,0.16389,0.29206,0.22121,0.12695,0.066095,0.0039283,0.027973,0.30486,0.3475,0.2068,0.048832,0.074959,0.0093658,0.00014291,0.0075415
0.070118,0.17176,0.27634,0.251,0.12367,0.072228,0.0019008,0.032977,0.26856,0.32417,0.23582,0.071833,0.066948,0.027557,0.00035595,0.0047544
0.080044,0.15573,0.30299,0.21804,0.12007,0.098663,0.0085608,0.015889,0.27723,0.26618,0.29346,0.078314,0.05579,0.019253,0.0020693,0.0076992
0.087948,0.13959,0.29163,0.26869,0.11822,0.064541,0.0063887,0.022996,0.27398,0.23382,0.27908,0.075918,0.082426,0.043575,0.00012822,0.011075
0.066741,0.15546,0.31663,0.24462,0.11139,0.08112,0.005407,0.018629,0.23092,0.2772,0.32209,0.070081,0.067361,0.01754,0.0052341,0.0095774
0.075989,0.14107,0.30035,0.27889,0.093858,0.080192,0.0012784,0.02837,0.22408,0.31137,0.27603,0.060199,0.092879,0.022597,0.00055879,0.012284
0.094105,0.132,0.34299,0.24385,0.10776,0.051139,0.0027762,0.025376,0.21172,0.28255,0.29937,0.088097,0.099126,0.015205,2.086e-005,0.0039171
0.062203,0.13592,0.3285,0.28778,0.11097,0.043853,0.00026706,0.030511,0.19894,0.32925,0.30804,0.070456,0.074295,0.012368,0.0055775,0.0010704
0.080407,0.14971,0.31586,0.26699,0.1118,0.045168,0.00044472,0.02962,0.17878,0.35709,0.26251,0.11035,0.079058,0.0079905,0.0019341,0.0022908
0.059847,0.14414,0.32796,0.28412,0.11863,0.045206,0.0042399,0.015861,0.20134,0.34444,0.26004,0.12641,0.047624,0.016805,0.00049258,0.0028513
0.061903,0.17404,0.28745,0.29461,0.1059,0.050092,0.014809,0.011205,0.23581,0.28486,0.26038,0.13847,0.045451,0.023289,0.001715,0.010023
0.055066,0.19896,0.25212,0.31714,0.1164,0.044787,0.0087357,0.0067927,0.24844,0.3665,0.19511,0.11017,0.042335,0.021427,0.00079433,0.015216
0.050333,0.20539,0.32734,0.26943,0.098989,0.040899,0.00082808,0.0068,0.24785,0.28624,0.24413,0.14122,0.044881,0.013021,0.0041781,0.018481
0.073659,0.19907,0.26923,0.25473,0.11887,0.059522,0.00019452,0.024712,0.22177,0.29525,0.23856,0.11851,0.07572,0.022913,0.0055263,0.021758
0.074917,0.16824,0.2896,0.3058,0.090069,0.049781,0.0030117,0.018578,0.23714,0.30502,0.22784,0.1444,0.039633,0.026028,0.0047919,0.015146
0.060742,0.14972,0.26926,0.3264,0.10413,0.078052,0.0024396,0.0092553,0.26014,0.28646,0.22906,0.12337,0.066175,0.021407,0.0060712,0.0073126
0.08307,0.15528,0.26077,0.31476,0.1058,0.059144,0.0024384,0.018744,0.21727,0.31712,0.22327,0.13168,0.06073,0.043021,0.0007577,0.0061515
0.092652,0.15376,0.25445,0.2759,0.1335,0.057335,2.4915e-005,0.032377,0.29562,0.26131,0.20414,0.11418,0.070499,0.050028,3.9506e-005,0.0041866
0.057509,0.19494,0.29542,0.23658,0.13464,0.054307,2.47e-006,0.0266,0.21664,0.28978,0.23132,0.14138,0.063236,0.052452,0.00092419,0.004272
0.066026,0.14479,0.27155,0.26992,0.16234,0.066518,1.6479e-006,0.018851,0.26763,0.24336,0.25873,0.11565,0.076419,0.019062,0.015085,0.0040703
0.075895,0.14925,0.29667,0.25205,0.13869,0.075024,0.0004043,0.012027,0.21251,0.31828,0.23394,0.1103,0.06074,0.036887,0.013515,0.01383
0.086225,0.14651,0.324,0.22406,0.13012,0.077958,9.4301e-006,0.011119,0.16691,0.35157,0.21154,0.14988,0.071969,0.027095,0.0021783,0.018856
0.10434,0.11711,0.31971,0.28527,0.1067,0.046492,4.0323e-005,0.020344,0.19622,0.33587,0.2641,0.091181,0.068298,0.031775,0.0030369,0.0095148
0.10762,0.11339,0.32217,0.27867,0.10342,0.060877,0.00057252,0.013287,0.20555,0.28317,0.26536,0.10865,0.076422,0.032144,4.6281e-005,0.028641
0.067772,0.1236,0.28137,0.30175,0.13207,0.071006,2.2389e-006,0.022414,0.22751,0.22587,0.27439,0.13437,0.11124,0.020956,0.0015601,0.0041066
0.082031,0.16253,0.31725,0.23929,0.12482,0.063386,2.5334e-005,0.010666,0.24452,0.28299,0.23141,0.13982,0.067429,0.024247,0.0035587,0.0060237
0.10945,0.16892,0.2757,0.29892,0.10049,0.040658,0.0005466,0.0053164,0.21122,0.3376,0.28937,0.091652,0.046002,0.019394,0.00087449,0.0038842
0.077505,0.16312,0.26951,0.31245,0.097473,0.065424,0.00014066,0.014379,0.17672,0.28021,0.2753,0.15231,0.088873,0.020322,0.00021307,0.0060432
0.083514,0.1385,0.30069,0.29365,0.10896,0.055612,0.00024567,0.018827,0.1868,0.31058,0.22108,0.18213,0.076775,0.012016,0.0039372,0.0066926
0.082084,0.16301,0.28515,0.30383,0.098235,0.049019,0.0056361,0.013029,0.17839,0.27903,0.2746,0.1993,0.050078,0.0094135,0.003462,0.0057283
0.081218,0.13395,0.31233,0.28742,0.11226,0.059307,1.734e-006,0.013515,0.14776,0.31328,0.26822,0.19328,0.04348,0.022128,0.0050461,0.0068065
0.10556,0.16793,0.3169,0.24544,0.068038,0.066319,0.003217,0.0266,0.17976,0.28834,0.2725,0.16631,0.052653,0.034663,0.0017774,0.0039967
0.057931,0.20157,0.29626,0.26998,0.083419,0.071353,0.0023841,0.017109,0.20299,0.28677,0.27212,0.14289,0.054291,0.039585,8.9449e-005,0.0012557
0.059092,0.20305,0.30231,0.24161,0.10603,0.06029,0.0033628,0.024264,0.192,0.2764,0.29752,0.12397,0.065144,0.036149,0.0010988,0.0077158
0.06233,0.1824,0.32129,0.22415,0.13066,0.061668,0.0053754,0.012129,0.21083,0.23011,0.30281,0.1346,0.080994,0.022644,0.0032647,0.014747
0.072489,0.16757,0.32175,0.25128,0.11718,0.040822,0.0089196,0.019984,0.22027,0.26857,0.25586,0.17279,0.053843,0.022273,0.0048785,0.0015118
0.066498,0.15098,0.30951,0.28305,0.13301,0.047631,0.00037988,0.0089469,0.17361,0.30197,0.24301,0.1448,0.10311,0.030181,1.357e-005,0.003307
0.06155,0.1548,0.261,0.33277,0.10562,0.061651,0.0024755,0.02013,0.22735,0.25061,0.2603,0.13738,0.081893,0.038754,0.0013556,0.0023453
0.061438,0.16032,0.28368,0.2917,0.12792,0.04119,0.0083671,0.025376,0.25876,0.22708,0.22773,0.16698,0.080382,0.033583,0.0017606,0.0037189
0.08554,0.15517,0.31623,0.25571,0.11764,0.056703,0.0015776,0.011431,0.28848,0.20472,0.25336,0.15959,0.05633,0.026057,0.0012807,0.010179
0.075753,0.18605,0.30247,0.26289,0.0897,0.059357,0.00029898,0.023493,0.26682,0.18658,0.27614,0.168,0.059831,0.036065,0.0017433,0.0048247
0.10942,0.18834,0.25286,0.24347,0.11346,0.056127,0.0018562,0.034477,0.2448,0.21673,0.27684,0.13515,0.08177,0.032391,0.00042189,0.011895
0.050963,0.16295,0.33996,0.23607,0.11795,0.069143,0.0069338,0.016027,0.2561,0.21907,0.29644,0.12913,0.056077,0.030043,0.0052774,0.0078581
0.070441,0.16303,0.35527,0.22744,0.12859,0.039644,0.0074285,0.0081429,0.17634,0.26762,0.31209,0.13637,0.075013,0.018021,0.0058037,0.0087398
0.050496,0.16182,0.31305,0.25708,0.12831,0.063672,0.0013847,0.024192,0.20747,0.27211,0.31553,0.08901,0.07121,0.034522,0.0037068,0.0064521
0.079026,0.14906,0.25751,0.34395,0.10468,0.037936,0.0022865,0.025553,0.16332,0.27753,0.34776,0.10567,0.055611,0.027229,0.013213,0.0096698
0.081054,0.16213,0.2724,0.29125,0.12198,0.04867,0.0067397,0.015773,0.21422,0.28933,0.27223,0.11752,0.055935,0.036892,0.0070709,0.006807
0.067919,0.1521,0.27612,0.34096,0.083454,0.046584,0.014044,0.018815,0.15662,0.26119,0.34213,0.11282,0.050057,0.047502,0.014041,0.015644
0.098989,0.15009,0.29092,0.3203,0.066827,0.048979,0.0010413,0.022851,0.21589,0.27551,0.27073,0.13181,0.066584,0.032256,0.0013207,0.0059023
0.10464,0.1438,0.3298,0.22795,0.089293,0.059441,0.0072381,0.03784,0.22545,0.28521,0.2144,0.099566,0.085418,0.085527,0.00042603,0.0040056
0.098051,0.1281,0.31349,0.26381,0.090958,0.061685,0.0060968,0.037816,0.23298,0.26764,0.23839,0.11303,0.094257,0.045057,0.0023819,0.0062752
0.10128,0.11215,0.26046,0.32736,0.12041,0.060254,0.002407,0.015681,0.2551,0.24761,0.24947,0.14739,0.066172,0.031137,0.001321,0.0018049
0.091514,0.1547,0.30837,0.28749,0.091217,0.053773,0.0020972,0.010847,0.24188,0.20857,0.29094,0.11711,0.096917,0.028532,0.0072169,0.0088303
0.054554,0.14243,0.33816,0.269,0.094081,0.075886,0.0034005,0.022498,0.23407,0.28813,0.2137,0.12741,0.095384,0.015848,0.0087696,0.016689
0.06615,0.1265,0.28058,0.35206,0.085769,0.068733,0.0065606,0.013639,0.24836,0.26726,0.23922,0.1262,0.08649,0.023925,0.0016554,0.0068914
0.054202,0.17643,0.25585,0.32386,0.095432,0.059343,0.01982,0.015057,0.20717,0.35441,0.23699,0.11251,0.068784,0.019433,4.6749e-005,0.00065389
0.046452,0.15896,0.31818,0.29267,0.11296,0.0532,0.0042131,0.013369,0.2135,0.35226,0.23351,0.11281,0.066402,0.016475,0.0010194,0.0040248
0.069762,0.13551,0.29087,0.25293,0.17754,0.059781,0.0035145,0.010089,0.22468,0.28046,0.22032,0.17521,0.061839,0.025857,0.0006302,0.011018
0.060199,0.17306,0.2421,0.31861,0.11842,0.064419,0.0029204,0.020284,0.21399,0.29955,0.21616,0.18141,0.042199,0.0236,0.0049245,0.018158
0.047076,0.19366,0.25122,0.32699,0.098342,0.054835,0.013578,0.014302,0.1626,0.36827,0.25728,0.13557,0.060496,0.0065415,0.002015,0.007227
0.068069,0.165,0.2831,0.29206,0.091768,0.05237,0.011873,0.035749,0.18333,0.30067,0.27725,0.14125,0.066864,0.029082,0.00072618,0.00082272
0.096434,0.15055,0.31511,0.24887,0.098983,0.07377,0.0021004,0.014185,0.25559,0.29771,0.2227,0.14213,0.061423,0.016882,0.0014431,0.0021151
0.061057,0.15505,0.31277,0.28378,0.099105,0.063855,0.0045741,0.019808,0.19486,0.28618,0.27264,0.1202,0.070282,0.037266,0.0016974,0.016877
0.051285,0.15959,0.28672,0.31958,0.10531,0.050953,0.0017412,0.024828,0.22067,0.21872,0.2922,0.13011,0.085398,0.03865,0.00078058,0.013468
0.069706,0.15144,0.3384,0.26631,0.11224,0.05163,0.0022646,0.0080106,0.26207,0.23044,0.25293,0.10596,0.1089,0.024538,0.0062035,0.0089568
0.068497,0.15465,0.32846,0.27067,0.10629,0.060963,0.0024427,0.0080248,0.23961,0.27702,0.25353,0.11021,0.073894,0.03596,0.0020226,0.0077503
0.060864,0.12373,0.33707,0.29134,0.11262,0.061541,0.001215,0.011617,0.1969,0.27734,0.25197,0.14011,0.099266,0.033246,0.00014695,0.0010273
0.077825,0.15121,0.29601,0.29113,0.10046,0.060865,0.0010334,0.021469,0.18822,0.27935,0.26013,0.14983,0.086718,0.032365,0.00095948,0.0024407
0.069646,0.17173,0.27015,0.32359,0.080796,0.056916,0.0017357,0.025434,0.21086,0.31627,0.22063,0.13782,0.071361,0.011676,0.011432,0.019949
0.09617,0.14094,0.29833,0.31742,0.078916,0.03608,0.015698,0.016447,0.17931,0.29512,0.19945,0.17346,0.09966,0.027135,0.0047223,0.021157
0.073688,0.14492,0.32353,0.29845,0.12126,0.026298,0.0016744,0.010171,0.21108,0.38585,0.1921,0.10866,0.065876,0.026393,0.00067554,0.0093541
0.06857,0.14102,0.32898,0.27937,0.12396,0.02981,0.0057141,0.022574,0.16792,0.35986,0.21001,0.11876,0.094866,0.020083,0.0076001,0.020903
0.055738,0.16726,0.35212,0.21971,0.14779,0.03913,0.0030639,0.015195,0.20048,0.36616,0.23612,0.11429,0.052816,0.021635,0.00019699,0.0082998
0.062594,0.19588,0.32058,0.26488,0.083973,0.052228,0.0074121,0.012454,0.1797,0.32519,0.25482,0.11724,0.085575,0.025387,0.002919,0.0091782
0.057008,0.13968,0.32102,0.30947,0.092015,0.055611,0.013074,0.012124,0.20686,0.27895,0.26073,0.16388,0.040534,0.026685,0.0088411,0.013515
0.074552,0.15118,0.335,0.25901,0.07774,0.082456,7.4888e-005,0.019988,0.29549,0.28614,0.22908,0.12936,0.029945,0.027535,1.16e-005,0.0024369
0.085205,0.15357,0.27984,0.27701,0.12774,0.057536,0.002535,0.016561,0.23137,0.23276,0.30217,0.13896,0.058399,0.024657,0.0017702,0.0099023
0.054536,0.1561,0.38902,0.25005,0.08772,0.049659,0.0023355,0.010576,0.22046,0.27523,0.28819,0.091192,0.095081,0.022683,0.0045075,0.0026518
0.076067,0.17502,0.30768,0.23723,0.11849,0.076026,2.807e-005,0.0094668,0.21575,0.28487,0.28985,0.11873,0.053469,0.020818,0.0040992,0.012402
0.0608,0.22089,0.30543,0.20859,0.10931,0.085034,2.2725e-005,0.0099344,0.17867,0.31455,0.25078,0.14512,0.067411,0.020652,0.012007,0.010824
0.10795,0.20257,0.26427,0.254,0.087192,0.075928,3.4831e-005,0.0080435,0.1734,0.32183,0.21942,0.16498,0.077735,0.027515,0.0016122,0.013503
0.088698,0.17057,0.32856,0.24872,0.10306,0.039426,0.0032347,0.017727,0.15286,0.31668,0.26243,0.14108,0.062646,0.043874,8.1516e-005,0.02036
0.066499,0.17074,0.34702,0.24894,0.11473,0.041288,0.0037708,0.0070121,0.21133,0.31688,0.23314,0.14156,0.055186,0.034941,6.5741e-005,0.0069066
0.067519,0.15537,0.31917,0.28839,0.097423,0.061223,2.3243e-006,0.010902,0.22358,0.32516,0.22948,0.1394,0.069797,0.0052849,0.00031464,0.0069797
0.087615,0.14008,0.35457,0.24155,0.096273,0.052611,0.0036637,0.023642,0.20617,0.29669,0.23046,0.154,0.095204,0.015188,2.6815e-005,0.0022642
0.073751,0.12909,0.30598,0.29062,0.12072,0.052593,0.0052262,0.022026,0.17559,0.34543,0.2458,0.14839,0.062038,0.021473,0.00028888,0.00098565
0.10011,0.10642,0.32733,0.27002,0.11188,0.051525,0.00039358,0.03232,0.20543,0.28993,0.27668,0.11336,0.087938,0.017505,0.0011297,0.0080291
0.085161,0.122,0.29161,0.29949,0.12582,0.059299,0.0022909,0.014322,0.20726,0.30736,0.24346,0.12565,0.088043,0.018019,0.0014779,0.0087407
0.067385,0.10651,0.33029,0.28327,0.12873,0.060263,0.0021227,0.021431,0.22289,0.33449,0.18893,0.13191,0.092649,0.019551,0.0011797,0.0083907
0.070188,0.12313,0.34784,0.25222,0.13885,0.052476,0.00022988,0.015061,0.25143,0.24667,0.22348,0.14749,0.092416,0.027122,0.0038893,0.0075001
0.070577,0.10454,0.36487,0.26835,0.097856,0.063882,0.00011848,0.029807,0.23627,0.29675,0.21393,0.12845,0.098314,0.015899,2.8078e-005,0.01037
